0,1,2,3,4,5,6,7,8,9,10,11,12,13,14,15,16,17,18,19,20,21,22,23,24,25,26,27,28,29,30,31,32,33,34,35,36,37,38,39,40,41,42,43,44,45,46,47,48,49,50,51,52,53,54,55,56,57,58,59,60,61,62,63,64,65,66,67,68,69,70,71,72,73,74,75,76,77,78,79,80,81,82,83,84,85,86,87,88,89,90,91,92,93,94,95,96,97,98,99,100,101,102,103,104,105,106,107,108,109,110,111,112,113,114,115,116,117,118,119,120,121,122,123,124,125,126,127
463.9174,457.9332,452.3854,446.1985,438.938,434.9521,437.1771,440.3382,444.7052,444.2529,449.7386,454.6208,457.1945,460.8048,466.9207,467.9731,467.1437,469.6231,476.0423,475.3769,472.5517,469.8821,469.3686,465.604,468.6229,466.4625,463.4057,457.716,451.5805,450.9135,450.8365,450.7796,449.4543,449.7053,449.7443,447.6363,450.1236,447.7765,446.789,446.2469,448.9893,454.2668,453.8616,455.0109,459.9331,462.2394,461.975,460.6537,463.4731,465.7063,466.8096,467.2647,464.0211,462.3428,464.9954,466.5523,466.4993,464.2602,464.1388,467.6528,471.7177,475.6261,481.8926,484.179,480.6629,477.6113,473.9355,470.868,469.369,468.4046,460.5203,447.0841,443.5107,442.5094,435.4255,427.6908,423.592,429.9012,431.118,427.5905,434.113,442.6234,446.7484,445.9114,446.2379,447.568,452.253,450.2915,441.9781,432.3869,439.8306,447.5965,455.9801,469.8562,468.519,468.015,465.4971,460.943,466.1886,471.4342,471.7192,467.229,468.5086,476.9633,479.7125,479.6701,471.2116,473.9233,473.563,472.5522,466.9207,469.3372,471.203,469.2202,470.3832,470.0574,467.3293,463.962,461.534,459.4577,459.347,461.4016,464.4159,466.8918,465.5003,464.0633,463.6641,463.1075
461.632,451.6351,448.7663,444.4454,437.4744,433.1064,433.2097,436.7826,441.1086,442.5373,447.9394,452.3764,453.6069,458.1528,464.4952,463.0047,464.1397,462.6284,470.3616,472.5515,469.6433,466.8109,465.0312,461.7675,462.7138,461.2167,455.519,453.4393,453.2073,451.0272,448.7219,446.4139,446.6359,445.8214,445.1852,441.2873,444.8373,444.5272,444.5621,444.831,444.0011,449.704,448.8734,451.5514,454.6598,455.5855,457.0916,454.6092,455.362,457.4121,459.0676,457.476,453.0781,453.4647,454.6389,456.1209,454.925,455.949,457.3242,461.004,468.7733,470.8127,469.078,472.6409,475.6833,475.0566,475.8454,473.569,469.3242,466.5445,462.1809,453.4417,439.9814,435.4415,436.3936,433.0344,422.5486,419.3979,422.7286,422.4268,419.8509,426.4648,435.4062,444.3664,444.9889,445.1165,444.4473,449.6348,447.6059,438.6121,427.3798,430.7708,435.2881,451.5591,462.1207,462.207,462.1355,462.0643,459.1903,456.3163,474.046,469.618,465.0041,468.9453,474.0051,475.0529,475.44,468.5608,469.5358,471.7566,468.6349,463.2987,463.9497,465.0475,465.7625,467.3458,467.0541,464.711,461.2811,457.6276,457.9013,458.8513,461.9356,465.6847,465.8199,464.5351,463.4577,460.509
461.1872,452.5235,448.632,443.9293,437.3908,431.8673,430.2463,432.3413,437.86,443.8831,446.7768,449.694,452.6823,455.4473,457.4221,458.9933,462.4474,458.4432,464.1082,464.4245,463.8977,463.0906,458.2663,457.1991,457.627,458.997,453.3041,448.608,450.3137,450.0094,447.9571,445.8183,440.7965,444.8764,441.5188,442.1135,443.0186,437.3477,437.5859,439.1733,438.598,440.0977,443.1186,445.2417,446.6788,447.0641,448.8104,447.6659,446.6122,447.7921,449.6999,447.9742,445.8614,448.1147,450.8907,451.4287,449.9594,451.4777,455.4181,459.8175,464.8654,466.9573,466.358,467.7464,468.4482,467.1021,466.8247,465.6422,465.7374,464.2303,454.717,441.5191,430.2834,429.5523,428.1202,424.4319,418.044,418.1528,421.5924,419.9768,415.9938,421.1183,430.981,442.6715,444.1451,444.3936,441.4105,448.3852,447.8362,437.9622,422.9837,424.5894,427.437,443.1149,451.1448,453.1145,453.2958,456.2726,455.9075,455.5423,467.3466,466.8939,462.1272,463.9609,468.0785,469.8363,466.4644,461.3825,461.298,461.9458,459.0159,459.575,459.955,460.892,460.6497,462.4135,461.808,460.8448,458.5181,455.6317,457.0312,453.5888,453.3749,455.7337,460.1368,460.9808,459.1375,458.7432
463.2498,458.0999,452.0401,444.9682,436.8728,431.9589,429.0619,430.6917,437.9122,444.4427,445.5509,446.6319,447.3413,448.2071,454.0943,455.0497,460.4361,458.0347,456.8221,459.5003,457.652,455.7495,453.2673,455.4378,459.1677,459.0932,452.1247,451.2178,448.762,446.4999,444.9611,443.4594,437.6271,444.2461,442.8657,440.0876,438.3158,434.2409,434.3482,435.3392,435.4116,435.0054,440.65,440.5752,441.9171,445.0703,447.3503,445.3279,444.0252,445.379,447.5013,447.2438,445.5593,446.875,449.088,450.7371,450.5251,453.833,458.0412,460.5869,463.5109,464.27,462.9886,464.5268,467.4663,467.8004,467.1004,465.8603,465.8047,463.5333,450.0748,432.4338,423.4131,421.8604,418.0908,414.049,410.6689,413.2943,419.8795,415.9957,413.6166,421.3896,429.6738,439.1961,442.4986,443.7148,437.8015,443.432,449.2071,433.724,421.6887,419.9326,419.9422,438.2711,446.8497,448.5108,449.2163,453.1885,451.8432,450.4979,460.2769,459.0249,453.8192,457.8005,462.3988,461.6113,458.0395,452.4357,452.2398,452.8451,450.1242,452.7796,457.9263,458.8613,457.5458,458.4222,458.8499,458.3538,454.3586,449.1742,449.7249,445.3213,445.0457,445.0251,448.6513,451.1061,451.304,452.7427
462.2832,458.8794,452.5222,444.5784,432.314,424.1587,429.2046,430.2032,435.6123,441.3212,443.4089,445.9939,449.2041,447.468,449.173,450.1937,459.8799,460.2012,456.2457,458.28,457.0693,455.7273,452.7401,456.1893,461.175,457.3773,449.4733,450.417,448.0855,440.9864,440.8572,441.0978,440.7346,442.3177,441.2072,435.4043,436.6948,433.2198,431.3661,430.02,433.1008,436.2025,439.8371,436.7997,440.0248,445.3823,448.2116,448.4574,448.3977,449.3021,450.5737,448.6834,447.64,450.3865,453.5663,454.3085,453.1723,455.7629,459.9243,461.721,462.5634,461.2171,460.2511,461.6372,463.1287,464.7686,466.4076,464.7921,463.0734,461.2106,445.3439,424.2128,414.1656,413.1186,409.6878,406.642,406.7152,412.6794,417.0916,413.1441,411.2406,417.3868,428.5137,434.734,437.6543,439.1796,435.8074,439.4738,443.3683,433.7028,417.252,416.4769,417.7593,440.0788,447.1599,449.3265,452.1967,453.9638,450.8329,447.702,450.4917,454.5956,449.3777,451.0997,459.7289,461.1082,455.0406,446.9089,447.9338,450.2856,449.2721,450.3611,457.0597,457.5675,456.5608,456.3327,456.1228,457.77,454.6214,449.5208,446.7872,440.2449,440.1631,439.8309,440.9431,442.4108,442.9915,445.6165
455.6862,451.7709,447.03,439.5272,420.4913,405.9628,426.8019,427.2735,432.0316,440.5692,442.7033,445.0145,446.7056,444.3413,449.2481,451.7043,454.6082,456.8263,455.2289,456.4899,454.4282,452.5062,452.833,456.0151,455.8622,457.304,449.655,447.6465,443.5932,441.0276,439.0687,437.1383,439.51,438.2896,436.5936,433.9054,431.8376,431.8464,430.2047,428.1816,434.3052,440.2354,440.7614,438.9388,443.8542,447.7757,450.6983,452.0248,451.4648,453.2183,456.2752,454.4937,452.5762,453.3173,455.7444,457.4228,456.465,456.9008,460.2218,462.0584,462.0522,459.5035,458.8911,461.279,461.6638,462.6761,465.3358,464.2257,461.05,455.8464,439.4928,424.877,420.4353,417.6195,414.1879,414.4294,420.3251,420.3889,416.4635,412.4785,415.3921,417.2351,424.0915,429.0321,432.2503,435.1222,436.2107,436.81,439.5191,431.6942,416.2904,416.7488,419.1746,441.864,451.3764,447.2197,450.6696,452.5365,450.469,448.4015,448.3515,450.2262,443.9394,452.1176,458.3706,456.7664,451.7932,447.2388,447.9572,449.4136,451.435,452.3651,457.7098,455.4014,455.9616,456.8259,456.429,456.3092,453.8582,450.5005,447.0139,438.1005,441.5112,441.4417,441.0239,442.1549,442.6901,444.5705
447.6103,442.1057,436.8117,429.5981,406.5167,383.4243,417.1617,420.8354,425.6656,434.2211,439.8448,444.6135,444.6876,440.7802,444.0047,443.5128,450.465,452.4464,449.6383,450.8771,447.7093,444.8621,446.7286,446.8174,449.6717,447.5084,443.9414,439.853,441.7481,439.5624,436.8052,434.0263,435.0722,433.6509,431.4135,426.1864,424.1837,425.9348,426.2494,426.1826,430.0567,440.2139,438.472,439.45,442.3189,445.8753,448.3345,447.9732,447.5981,449.2619,451.6806,451.3021,449.6622,449.8434,452.1917,454.6196,453.3042,454.6374,457.2632,458.8713,461.2067,462.7381,461.952,460.8007,459.9203,460.2454,463.2027,462.5187,458.2956,450.016,437.2732,433.5873,433.1304,429.5571,425.6996,427.352,434.4557,425.4565,414.3327,413.4153,414.797,415.0466,421.1991,423.9116,426.112,428.0267,428.4879,428.6413,431.1085,427.1799,411.6828,413.9709,417.9414,439.1592,447.6757,438.9164,441.2655,439.4611,438.3291,437.1971,439.0968,439.199,433.4932,437.6046,443.2435,445.9804,442.0045,439.2546,441.9668,445.4223,444.9366,441.9087,448.1201,442.6285,442.4065,445.6225,443.7197,442.2993,440.9901,439.4605,442.115,438.162,440.7757,443.6483,441.058,441.0171,443.3838,442.9644
439.9,432.3079,429.0979,423.4192,396.8715,367.7908,408.9211,413.14,417.947,426.6643,432.4166,437.7005,439.6882,436.9641,440.4879,439.8811,445.5111,445.2712,436.9582,442.7129,439.8429,437.2222,438.1988,436.593,440.223,435.2815,433.0703,432.7068,434.7665,431.2717,429.3365,427.4926,426.0207,424.8894,421.1134,416.5717,415.0727,414.2029,416.5441,419.4963,421.4628,427.9467,428.8378,432.1457,437.1023,439.9077,439.8394,436.9144,435.5595,437.8446,441.326,439.5219,437.3499,439.8752,440.7756,442.8206,444.351,443.8904,445.1771,449.3,454.6152,457.3186,455.9783,455.7306,453.9146,451.957,455.4242,456.5052,453.3965,442.0377,431.4722,435.5715,433.8065,429.3201,428.6935,431.5746,435.987,425.0975,412.9943,411.5714,409.9108,407.8751,414.2685,418.1832,420.9767,423.485,425.0438,427.2174,424.0141,419.9985,409.1656,411.9647,416.3235,436.4916,442.4052,430.3222,432.8724,426.6889,424.0258,421.3625,428.0303,430.8292,421.9677,422.1144,423.0436,428.6639,425.4166,426.7216,429.1016,431.5363,432.6969,429.0989,433.4377,428.3028,424.4374,424.3937,421.5685,420.6336,419.0238,416.8126,423.6078,424.897,428.6574,429.4604,425.2281,424.3842,426.0707,426.2188
442.6098,432.9741,426.4043,419.3011,392.4469,358.6165,401.9765,408.5622,416.0449,425.4279,431.7742,436.93,437.0118,436.032,437.3306,437.5511,441.8662,442.6675,430.5288,438.2564,436.6624,435.1901,435.5544,436.0775,434.8975,430.9815,430.4714,427.5929,431.343,424.63,423.6991,423.0878,418.5719,418.2904,416.4028,410.6671,408.3625,408.6255,410.0228,411.5726,414.3788,421.072,420.7501,425.6654,430.7328,433.9935,431.6834,426.7521,428.2929,430.1814,430.8986,429.9366,427.9688,430.1072,432.4541,438.1762,439.9014,439.136,440.8013,443.7498,447.4084,448.6516,446.2486,445.8994,443.7122,441.7563,447.007,447.6932,442.9941,432.7298,424.733,429.9478,425.161,420.3546,422.9163,426.559,428.4933,420.7062,412.8717,409.7932,406.7633,405.3845,409.9571,416.6016,420.8839,424.5158,425.2776,425.7004,423.0599,418.8519,410.6802,412.2886,415.6445,436.6346,441.195,434.4566,432.9038,433.2475,430.117,426.9865,428.4434,433.9979,424.8454,420.3105,422.5656,428.256,424.1546,426.1123,429.3803,432.7086,432.9955,429.6227,434.6111,427.8954,423.8526,421.6391,419.9508,419.2918,418.0067,416.3901,410.1737,404.9929,407.8196,408.5074,404.8087,402.801,402.2762,401.2494
446.4008,434.3956,427.4435,419.1431,393.2905,364.5475,402.1254,409.4197,420.0244,431.1576,433.1653,435.083,435.5181,432.5934,434.9856,430.5963,440.9382,442.5963,427.9193,440.6933,438.421,436.61,441.361,439.1364,439.1411,432.0916,430.3958,432.0628,433.2485,427.5057,427.0733,426.9291,424.1749,423.2145,420.6201,416.9749,413.2324,414.2116,414.4441,414.3772,415.8452,420.2475,421.1052,424.4381,430.3179,435.5981,433.7213,429.3475,432.6903,435.07,435.489,434.705,431.74,431.5042,431.7573,437.5688,440.6209,440.8761,444.0222,445.9033,445.9058,444.5927,440.1431,439.4078,439.9814,438.8593,441.5572,441.4995,437.6295,427.8022,418.2837,420.235,418.3837,417.2757,420.1317,423.0133,423.3582,418.904,415.3843,408.9595,406.5398,409.1816,414.2713,419.9822,425.5834,429.7963,428.454,429.2334,424.0023,419.1898,414.7079,417.5499,421.955,442.2025,448.6575,445.3899,443.1062,441.1253,439.4415,437.7577,440.0737,443.9949,442.5238,438.7542,436.6775,439.3285,435.6389,436.6224,438.9978,441.4758,442.1371,434.7483,442.1232,438.9956,436.8925,435.7478,433.6954,434.8862,433.6314,431.0779,413.9871,405.997,410.7997,411.9951,409.0447,407.794,407.7769,407.9856
442.2603,429.9864,425.0335,417.357,395.8828,376.9388,403.5506,413.1063,423.6707,432.5541,435.0308,436.6689,434.7188,433.085,435.2703,423.8506,434.2399,431.2053,427.2207,442.2809,440.4763,439.125,444.2285,442.6052,443.3913,437.8653,436.5948,437.4211,438.5067,431.7761,431.8991,432.3919,427.3366,431.7047,430.6665,424.4457,421.4749,418.9555,419.7036,421.0833,421.7229,423.9531,424.429,428.6525,434.0329,437.2212,437.8268,437.7326,438.9055,439.7024,440.0758,438.3819,438.0553,437.955,437.5086,441.1682,442.6569,443.0473,445.8405,447.1215,446.661,446.9277,443.7762,444.4392,444.1388,440.3228,444.1265,443.0691,439.2428,432.8926,421.8551,420.196,419.1844,421.2023,425.4182,429.0007,429.029,425.0843,421.9552,414.9359,410.0096,410.4188,414.9369,420.746,424.2638,427.0545,426.8598,427.5046,425.0848,420.2466,417.2798,421.4831,426.9968,445.4167,447.4739,443.1248,442.1196,438.7023,436.2105,433.7188,435.5219,441.5872,447.0603,444.6425,442.9536,444.3066,439.8621,438.1218,440.0891,442.5247,443.3234,438.7308,443.842,442.1603,441.6893,444.484,442.3665,439.0271,437.0299,435.454,427.1422,421.942,429.9825,433.5342,428.8265,426.7883,427.3231,429.0444
432.1527,424.8041,419.8513,410.7597,392.6342,387.0877,408.4189,416.959,423.4308,429.6533,430.8119,431.1918,429.2126,430.4252,429.627,419.9395,432.6502,426.3206,428.4391,437.1832,438.2708,439.6205,444.649,444.7062,444.2571,439.4029,437.4522,437.0077,434.0726,426.9527,429.3263,432.1994,431.7212,433.5874,433.1989,428.3826,425.4561,425.2326,424.7787,424.2038,425.0277,426.0456,428.1494,429.8865,433.583,437.6682,436.3426,437.563,441.405,441.3469,439.3411,439.2928,439.6406,438.8935,438.8065,439.3252,437.48,438.3073,441.9168,446.2004,451.312,451.8008,448.1276,447.8183,447.3998,445.8371,447.3861,444.5349,438.4083,431.1655,422.2315,421.0773,422.8336,427.2823,428.1827,430.4474,432.4431,428.7383,425.9377,417.9706,412.6756,411.298,415.7658,418.1693,421.7722,424.7722,424.9699,424.5501,422.9248,417.7785,416.1667,419.6451,424.1777,438.8847,437.7964,433.049,430.2984,426.7316,425.3906,424.0497,425.2762,434.5545,438.6949,440.7763,436.8073,434.4168,435.903,431.5285,433.689,436.8903,438.0216,435.2423,435.8608,435.5584,436.413,436.3535,435.6507,430.6556,428.0526,426.8136,426.8575,427.2925,433.3923,435.4688,434.2247,433.8009,433.8275,435.7621
421.7847,417.5952,413.5355,406.8203,396.9639,398.748,412.2525,419.7192,424.2543,428.4689,427.1608,425.9864,426.2443,429.9077,428.9974,419.9947,428.6976,420.8516,427.2385,434.6363,435.3836,436.3399,440.0962,437.3797,437.4818,435.0995,436.3805,432.7525,427.0916,424.7163,425.0307,425.4782,427.5581,431.1642,430.1089,422.4101,422.4552,420.0508,419.541,419.5192,423.5524,424.9409,424.0706,422.2819,428.7269,432.9081,432.0301,429.5273,430.7042,431.8206,432.1532,430.2774,432.1013,433.453,432.7379,434.2691,433.5632,434.5218,436.0611,438.9087,444.5753,448.8998,448.519,446.7864,445.3864,444.4585,446.3926,442.7963,436.1331,429.7089,420.4461,420.2462,423.0526,427.5062,430.7869,433.459,433.4175,429.7942,425.2108,420.7698,415.3877,408.7545,415.3899,418.4243,419.606,420.9368,422.6878,423.1051,422.3659,418.6337,416.5787,416.1045,416.774,428.9828,430.2014,421.3702,427.8513,431.8571,427.1114,422.3658,423.9696,428.293,433.0414,432.5163,427.726,430.0398,429.9521,426.6798,427.8409,429.6834,437.2408,433.9142,434.5508,433.7996,431.078,431.6428,429.7986,428.607,425.1526,420.6795,421.287,417.475,421.3133,424.8056,423.5259,423.8658,425.7645,424.9539
418.5682,416.1324,412.6283,406.8,400.265,405.9585,416.2802,422.476,420.4575,420.5603,422.4462,423.9049,424.119,426.1856,426.6895,422.3265,427.3223,418.0017,425.1774,432.7387,432.6754,432.6538,433.1761,432.1963,434.9483,431.7946,431.2898,426.8053,425.7051,422.1008,422.3459,422.7953,425.4983,424.144,419.3128,414.4881,413.3321,411.7998,412.7952,414.3062,414.2121,416.5973,417.1646,418.9718,425.5136,429.6163,427.9038,422.9122,422.4802,423.3918,423.8942,422.3558,424.2219,423.9049,425.0366,427.834,427.2418,428.3677,430.3761,434.0055,440.1844,441.4952,442.1911,443.5439,441.1775,441.0011,443.8705,440.286,432.6451,426.2654,418.2755,418.4176,419.2059,422.2036,426.3763,430.4192,431.7864,427.1234,421.4623,416.9415,412.347,410.6724,413.8326,419.358,422.1534,423.8556,421.4229,422.2239,419.8676,415.5603,416.2012,415.5151,415.6009,423.7047,427.0618,417.9724,429.7422,436.6924,432.7553,428.8183,425.8991,431.8378,432.9063,429.5943,430.084,433.8977,433.9166,431.7077,432.0474,432.7816,439.3761,433.4807,436.0355,432.0253,430.4667,428.5284,429.187,427.9079,424.3075,420.2191,416.1202,411.9959,414.9765,418.3218,415.011,413.9185,415.6473,415.3925
421.822,418.0719,417.7556,414.4881,407.9697,411.5726,420.5042,423.461,419.8841,419.1176,420.0683,420.6603,420.3422,422.598,425.6991,424.546,427.6989,420.1609,429.269,434.9843,434.2404,433.3896,430.9462,428.9745,433.7133,429.9525,427.6621,424.8533,424.5397,421.9472,422.0402,422.2767,421.903,424.0371,418.8838,412.1566,407.7838,407.5652,409.7215,412.2086,409.9586,410.535,410.8362,414.5606,421.4502,426.9785,425.2664,420.6622,419.0581,420.1142,421.7643,420.3394,419.0441,418.7083,421.0957,425.2048,426.269,426.6942,430.2628,433.937,436.3745,435.7485,437.7745,439.2709,436.5294,438.3056,442.8333,440.3346,432.4993,426.117,419.3514,420.354,418.9832,416.826,419.2091,422.7786,425.7846,421.6921,417.6091,414.3597,409.446,408.3489,416.933,421.2599,422.5247,422.9914,420.902,422.7528,418.5233,413.0979,411.3918,413.3018,415.2502,418.0385,425.1776,413.623,426.8613,438.8208,433.7358,428.6508,422.4434,432.2667,432.2831,431.9572,432.9822,433.4685,433.4407,431.42,432.5256,434.1105,437.5176,432.0325,433.7715,431.9123,430.0992,430.5666,429.9477,430.5359,427.4581,422.8584,416.3245,411.8655,414.3337,417.6751,413.5735,411.737,413.168,414.2497
418.9441,415.8819,415.7782,414.2849,411.6804,414.9551,420.7189,423.2437,422.7945,420.0416,420.6102,420.88,420.8286,424.5298,427.0515,423.6236,427.7008,424.1816,431.749,435.9251,434.4182,433.0274,433.1063,428.2218,434.2759,429.6932,430.0388,425.9838,424.7246,424.2318,424.1505,424.0891,422.9897,424.2784,417.9708,413.4983,409.8556,408.1042,408.355,408.9296,410.2503,411.6077,412.5203,416.1798,421.7024,425.9087,425.4805,421.8134,420.5749,422.4078,425.0353,423.2744,421.3422,419.5112,420.7148,425.0464,427.6761,427.8373,431.4597,435.3275,436.7034,433.9792,434.4849,437.6058,435.3466,434.5237,436.4984,435.9907,432.3507,426.2382,420.5135,420.5563,419.9321,420.1571,420.0327,421.0233,420.8572,414.6258,411.7852,408.2057,407.5292,406.7825,417.4203,421.854,422.3536,421.6201,416.5415,417.0892,416.4131,413.2308,409.6176,411.9964,414.4394,417.8584,423.8182,411.5364,428.4811,437.3101,430.1838,423.0575,419.4284,431.2264,430.1808,431.3175,433.1674,428.6452,431.2329,428.9918,431.2413,434.2299,432.0826,425.8883,431.3447,429.729,430.1181,431.0472,432.771,430.8287,428.0832,425.5247,420.3127,416.818,419.933,422.1974,417.8361,416.0544,417.2298,416.6512
403.672,406.7796,407.8662,409.1917,411.9196,416.8945,422.4019,427.0819,428.4066,428.0234,427.7848,427.4106,426.9756,428.6675,429.7909,426.6504,427.3731,427.2512,432.1605,436.3371,433.9798,431.8343,432.7432,431.3421,433.7495,429.9891,426.8488,424.3725,423.482,423.0018,423.9305,424.9315,421.9524,420.4984,418.5369,413.4837,412.018,414.2195,412.9302,410.8704,414.6599,415.5403,416.2587,417.8622,422.7827,425.8138,424.3304,424.2423,424.9115,427.9544,432.152,430.0349,425.2652,423.5258,425.088,427.9035,427.8281,427.7344,431.7421,435.178,436.4707,434.0144,433.5289,436.5554,432.3085,426.952,427.1394,426.5057,427.4438,424.8201,417.134,419.2039,423.1002,424.8643,423.4633,422.0256,419.2404,414.0649,410.1682,408.1761,407.9182,405.0494,414.5509,420.8675,421.7071,421.1281,415.401,415.7104,415.9751,412.304,411.7263,411.554,411.5758,413.974,419.0891,409.0791,432.9233,432.1203,425.1219,418.1234,418.7002,427.0487,427.4857,429.4392,428.1738,426.9598,429.1567,426.5935,427.7311,429.486,429.0969,421.2271,426.7958,426.2719,427.381,432.6776,435.6882,433.298,431.7712,431.0836,423.5305,421.5627,426.189,427.9995,423.6196,421.5308,421.9829,420.2912
392.242,397.6251,401.7728,406.1594,412.7131,421.1597,424.6103,427.7911,430.1274,429.414,429.7292,429.6247,428.5627,430.5056,431.7449,429.2621,425.7707,426.1288,431.2928,435.6824,433.1127,430.7576,431.576,431.5532,433.4997,431.5721,424.5214,423.1985,420.5043,420.2911,420.7902,421.3214,420.5804,420.974,420.0372,416.8175,414.3588,414.9701,413.6711,411.9094,416.3078,418.2796,418.3218,421.2201,422.5949,424.3701,426.2091,425.4706,426.4513,428.634,430.8352,429.2612,423.9534,424.4155,425.7527,427.9434,426.8745,425.9765,431.3609,435.6932,436.8628,433.6859,432.1354,435.6412,430.5116,422.4006,421.1837,419.9024,421.68,421.9344,416.4291,417.5731,422.1114,424.494,424.07,422.6098,419.5338,417.156,413.2197,409.706,408.7694,409.3741,414.3094,415.9905,417.1295,417.4777,414.6139,413.9673,415.3544,409.8647,410.9179,409.1307,408.1079,415.1688,419.2281,408.846,429.7756,428.2392,422.5593,416.8794,418.5658,427.942,427.5191,428.6977,427.3013,426.5486,426.2586,424.0648,425.1857,426.8129,427.4854,423.1632,427.428,426.4964,428.4961,430.7968,433.6021,430.3814,429.3789,429.9241,427.4949,427.703,431.3987,432.0486,428.1996,425.3265,423.7793,421.2556
393.7316,398.0325,399.6713,403.8574,413.4465,421.0168,423.3421,423.4236,425.3857,425.7521,427.8941,429.0752,427.4981,430.1838,430.6809,424.9785,421.2973,421.2306,425.6046,431.1543,429.4354,427.9258,429.5771,431.6359,434.3453,429.0327,420.7923,421.3177,417.1716,420.1813,418.7465,417.0677,419.3714,420.5466,418.3706,415.6529,413.2957,414.3419,411.879,408.6324,413.1609,417.2688,416.7323,417.5966,418.5634,423.4064,425.1826,424.2842,425.8682,427.5651,428.7456,424.7564,422.2688,423.4977,421.5658,422.0262,423.1631,426.5547,430.9268,433.8017,436.7568,432.7667,431.8405,436.685,428.7948,417.9845,415.2785,414.6285,415.7671,414.0608,411.6087,412.7868,415.9506,419.0738,421.7099,422.5967,420.5263,420.3094,418.8098,412.7881,408.4391,408.5097,412.2609,414.548,416.3222,417.0032,413.75,414.8769,412.8863,404.1878,402.8856,404.2898,406.3318,415.027,419.9116,410.9396,425.0655,425.471,420.7694,416.0678,420.4545,429.2415,428.3018,427.6035,426.628,425.9247,425.4036,423.105,424.6619,426.7993,424.8099,423.9184,427.8614,428.359,426.9629,428.9141,429.9921,426.007,424.5197,424.4662,426.9829,426.1599,428.1836,430.3904,429.2866,426.9726,424.6599,420.9059
399.4224,398.6784,400.7847,404.0903,410.7693,417.1104,418.141,418.8289,419.5757,421.1752,421.5739,421.5874,421.7234,427.6059,425.9605,419.3182,418.6437,415.3254,418.3243,424.1626,425.6327,426.9376,425.8466,426.4695,430.3922,427.3489,417.324,416.0648,416.4578,416.271,416.3231,416.3887,417.7246,415.4736,418.2347,411.2838,408.2539,410.1098,409.7945,408.928,407.5634,410.2878,410.8717,412.9659,414.2251,419.3839,421.6473,419.8037,420.273,421.4713,422.3541,421.3931,419.5635,414.2527,416.8582,422.1958,420.7052,425.171,432.7224,435.7749,437.4984,433.3987,430.2816,433.2685,426.4284,416.0365,413.8404,411.1157,408.4891,406.9951,405.8466,405.6821,408.9061,414.6786,417.1414,419.3349,420.4258,419.1722,415.4586,412.1479,408.1761,406.7009,411.4754,415.1498,417.4764,418.5623,414.9393,415.3014,412.8953,400.3999,397.1266,400.4436,404.6332,417.5531,421.0717,415.695,422.7296,417.8199,416.0949,414.3699,416.9443,429.5707,429.6918,424.463,424.1845,424.1232,425.3456,423.4039,423.3808,423.6893,424.0879,425.3492,428.3901,427.1512,424.306,426.1541,426.8381,422.8297,420.2598,418.6746,420.6859,419.0118,422.1573,425.8386,426.1741,423.8761,420.6706,418.5399
400.6851,398.4081,398.8135,400.9252,406.9825,411.9374,413.1441,413.532,412.2031,417.5225,417.5815,416.998,415.7603,421.4612,420.8485,416.4529,412.5795,410.7397,411.4832,418.7683,419.1311,419.4834,419.7259,420.9812,424.4001,425.1659,416.4168,415.5894,416.4085,415.4995,417.6146,419.8896,414.89,418.7903,417.0897,413.0378,407.969,410.1842,409.6274,408.2939,406.9831,409.062,407.197,407.385,412.6139,417.1882,417.0791,413.9958,414.2687,415.9304,417.4505,415.9808,416.8758,403.0844,410.615,422.6374,421.6606,425.6078,429.4037,430.9511,434.1643,432.1924,430.8109,433.3541,426.9171,419.2857,419.896,416.8765,408.9847,403.1188,400.478,400.0007,404.028,409.42,414.4323,418.9008,420.4582,418.3358,414.9556,407.6951,404.3699,405.1729,410.5414,415.1321,419.5835,421.3191,413.2079,415.3692,410.6539,400.798,395.4904,396.8102,399.2802,413.8007,423.0428,420.6754,424.0721,421.8373,419.7299,417.6225,414.2328,427.5248,426.0496,422.8177,422.9338,426.3223,424.9903,419.3582,417.9745,417.2621,422.6267,423.3287,426.7278,423.9414,421.933,423.4799,421.5602,416.8261,415.5292,415.6447,418.095,414.8029,415.9976,419.3078,421.3708,420.1835,417.3187,416.5656
400.8393,397.7923,400.5376,402.5201,404.8334,410.306,411.7222,410.8774,409.418,416.7191,415.7157,415.3846,417.6525,419.0249,416.8588,413.1041,412.4889,409.9207,411.3553,413.3318,413.1424,413.2321,417.4868,421.2755,424.2784,425.0491,416.9807,416.1588,412.0676,413.6062,414.8452,416.058,416.3869,421.0535,419.8397,416.4445,410.143,411.1915,410.313,408.8081,410.1542,406.6724,405.9747,406.8104,410.2441,413.784,414.8115,411.0275,409.5998,412.2411,415.9711,415.7612,416.7102,394.9268,404.2475,421.0474,419.1712,421.1385,425.0144,427.8297,432.0222,430.2139,430.1222,433.3116,429.5723,425.2659,423.9623,418.0158,407.0155,397.9611,391.5795,392.3419,400.0213,407.671,415.6594,419.4853,416.7781,416.4808,409.3484,402.6407,402.8239,407.1983,414.6251,416.858,421.9038,424.1099,415.5269,415.2942,408.6042,400.2775,399.1312,397.8605,397.8512,411.2118,421.0881,422.8568,431.2415,421.8312,421.4671,421.103,416.1423,427.9838,422.6168,420.2154,421.5918,423.135,424.4395,416.1335,414.8848,414.8101,421.4205,422.2049,425.2245,422.4927,420.5202,420.4146,417.8019,415.6143,414.2979,413.1371,412.8087,410.0108,412.3785,417.4429,420.7475,419.9971,417.4303,417.8823
404.0865,401.4785,404.5191,406.2237,406.2411,409.1143,411.7969,412.2348,410.4867,417.0669,417.7668,418.1921,417.8474,419.2954,420.6174,412.1808,413.2989,409.7833,412.9527,413.4412,413.0416,413.0509,418.9168,419.4822,424.1307,423.9814,417.1035,414.5193,414.3007,412.2097,413.4178,414.8005,417.2589,418.1962,420.6333,416.3626,410.7304,410.3342,407.9074,404.9157,406.0498,405.5665,404.0852,406.7367,409.7427,411.4381,412.3655,411.2414,408.544,409.7328,412.8653,413.1211,414.9259,392.8396,400.3358,416.5949,415.9972,419.03,422.3104,424.129,427.7696,426.6199,427.4139,431.0217,428.6178,424.2344,420.5918,411.4761,397.6533,386.1618,376.222,378.1795,391.841,403.8582,413.1201,418.4126,417.1826,416.4766,406.7319,398.4926,399.7267,405.576,408.4138,411.5412,416.0759,418.3611,412.168,413.2521,410.4196,402.804,401.0204,400.7712,401.1484,408.5625,419.2296,422.3646,434.0796,425.658,424.1461,422.6343,414.8907,425.1673,419.9059,420.8855,420.3694,422.0348,421.912,414.9394,413.9768,413.9871,419.4565,422.1392,424.3645,420.5817,418.6168,417.316,416.7226,413.1519,410.7906,409.249,410.0123,407.4402,410.6538,415.294,418.0699,418.2931,417.3,418.3131
406.7336,403.7503,407.0031,409.2532,408.9911,409.2429,412.0544,411.6274,409.5015,415.5212,417.1992,418.8515,419.9817,420.3243,423.1253,414.482,412.9411,411.0124,411.8401,415.739,414.5747,413.7608,417.9816,418.0259,424.1882,424.7875,416.1258,414.9632,408.7889,410.0937,411.2825,412.4508,415.4408,414.811,418.049,408.5219,409.5888,409.2344,406.6839,403.8219,403.3923,402.1761,404.8604,407.1974,407.6508,409.7773,409.8888,411.3073,409.1729,409.6341,412.1732,412.1669,414.8698,394.0168,399.0079,413.8292,414.5449,417.4726,419.2117,420.0414,423.2152,422.3246,424.0107,427.302,423.6097,416.9485,409.5642,398.3312,385.4022,373.7596,362.2042,367.4314,384.2649,393.9649,401.6509,407.4916,408.918,407.6292,402.9097,400.4503,402.1709,404.3812,412.8627,416.5778,416.5655,416.1743,414.4276,413.9795,411.5243,409.0774,404.9708,404.17,404.0568,411.3267,417.9373,420.3311,433.6854,424.934,423.6772,422.4205,414.0988,421.2982,422.5918,420.2562,419.1552,420.7923,419.7473,415.4593,413.6231,412.1877,417.9404,417.177,419.7499,418.2182,414.8156,418.3237,418.4491,412.6028,410.201,409.5518,409.4345,410.149,413.7726,415.2649,415.0755,414.5114,413.7313,416.2273
408.5573,406.4474,409.1472,410.0043,408.7549,412.114,413.6329,409.4946,408.6651,415.4219,415.7378,416.2688,417.3239,417.518,418.9307,414.0407,413.2592,411.6014,412.8724,412.7434,412.3444,412.211,415.9332,417.1818,420.2842,421.8278,415.461,410.9422,407.528,412.0465,411.5381,410.7542,410.1403,413.7282,412.0957,410.0832,407.1611,404.6877,404.8273,405.4486,402.3006,403.4237,404.3114,404.3602,406.3289,410.9657,412.303,412.7271,409.7845,410.6359,413.9395,412.6888,412.3873,395.5185,398.1146,407.5723,410.4398,414.9649,416.5904,417.8682,421.0854,420.3476,422.7168,426.0715,420.1446,410.58,401.0703,391.9188,385.4499,375.5286,363.8994,370.4933,384.3521,390.6745,392.0295,394.0718,397.1056,396.1524,391.3604,395.0211,397.7165,400.4363,411.5379,415.1713,416.0508,416.4504,415.3019,416.6206,414.9095,410.4553,404.5552,406.5612,408.6844,412.0674,415.2055,415.6813,426.1791,421.5313,420.2318,418.9324,413.4651,422.3966,419.4382,421.1951,420.6476,418.4065,420.2527,414.1754,413.5578,413.8654,415.92,413.314,416.9108,416.0875,415.6894,421.6615,420.99,417.7767,415.3891,413.2939,409.3892,412.5397,416.7433,417.0153,415.7832,414.0073,411.9521,412.2875
406.8434,406.4988,408.4757,407.8232,405.1793,410.9645,412.857,408.0409,408.9048,413.0288,412.1549,411.7364,414.0542,418.1354,412.3446,412.0494,412.8027,406.3833,409.7664,410.786,410.2599,410.0605,414.6917,417.8563,419.3649,416.1212,413.6628,409.4266,408.3472,409.6719,411.5807,413.5152,410.8406,414.3557,410.1565,408.7733,405.7801,406.023,404.7565,403.0826,401.0892,404.3673,402.2724,403.3934,407.4404,411.9312,415.2003,413.5068,413.2943,413.6358,413.5823,412.0755,412.9696,400.2061,401.4984,409.5738,410.0236,412.5336,413.3582,413.8406,417.0161,418.6772,420.7506,422.0425,416.8625,409.4196,404.2012,398.8805,393.6419,383.9168,373.8419,379.2178,387.27,386.1434,386.7327,386.669,385.5361,383.3937,379.2588,383.1958,392.806,397.3798,405.0492,412.1367,411.9109,412.1519,414.0204,413.3919,411.2546,407.1801,403.313,404.6403,406.1136,409.0964,411.2718,414.149,420.2172,416.4109,415.5787,414.7465,412.3074,419.7492,415.8286,420.0247,416.5713,415.0699,419.4028,413.1629,412.221,412.2308,415.0322,412.0175,412.7749,414.1148,413.2284,418.5952,419.5969,413.8335,412.7837,414.0038,414.7412,415.469,416.8381,415.3245,414.1331,413.436,412.444,410.6545
402.9389,401.3733,401.0975,399.9144,400.1187,407.8295,411.3132,407.1928,407.3985,408.6547,406.9756,406.3775,410.0422,410.8711,401.9209,410.6683,412.177,408.3712,407.9251,406.1929,406.855,408.1096,417.7248,417.064,419.4224,417.193,414.3102,407.1206,408.5527,409.5612,409.7533,409.9042,409.7567,411.5277,412.2656,408.5027,408.1388,407.3122,406.1371,404.9306,403.7839,403.7974,394.6408,400.4965,407.8411,411.4893,411.2049,408.9608,409.8015,411.5385,413.0143,413.1484,411.9142,404.105,404.3614,410.4127,411.2553,412.8529,413.369,414.1762,417.735,416.4991,416.3908,416.9226,413.5732,411.7132,410.0669,407.5036,404.7835,393.9851,381.2208,389.6779,393.329,384.2807,381.6405,378.3206,373.535,368.9767,369.3403,380.7039,390.3954,395.3409,406.779,412.524,412.2978,412.1349,412.3231,411.692,406.1306,407.3364,398.7928,399.3992,400.1115,402.3289,408.967,410.1054,417.3377,413.9001,414.9801,416.06,412.2166,419.8676,414.4906,417.8793,416.0399,414.6829,418.0968,413.7816,413.3109,413.5331,413.917,413.1834,413.285,415.2174,410.3896,415.7747,414.6716,409.6948,409.0803,410.1278,411.3581,414.6214,416.0105,415.4601,412.377,411.4493,412.4129,411.5411
399.5538,397.5933,396.9772,397.0262,399.1742,403.2911,404.944,399.6575,401.2625,400.5007,402.5606,405.1352,408.6965,406.3989,400.3763,407.5369,408.7995,406.1908,408.658,407.508,405.1987,403.779,415.1345,415.3733,417.6575,415.8482,412.541,406.1926,405.7317,404.788,404.6421,404.5386,406.2518,406.5105,408.42,403.0446,404.3972,404.1248,403.8827,403.7393,402.722,403.1264,388.1571,396.5794,407.4783,407.7177,406.708,404.1144,407.1693,410.3486,412.2914,412.5851,412.3351,407.5542,405.8618,410.7005,411.1939,411.7375,412.5042,412.3521,413.4464,412.741,413.5514,414.052,412.3876,412.7565,413.6594,413.7208,410.5448,399.1133,389.5081,395.3011,393.8011,381.0999,374.1674,368.1856,364.6647,360.7365,359.8885,376.4097,390.7811,395.1922,403.4873,410.2273,409.9579,409.713,408.7,403.8656,402.9907,407.2965,397.6334,398.3262,398.9156,399.031,407.2813,411.0611,413.8143,415.2291,416.0963,416.9635,410.5181,416.0309,410.9757,414.7119,414.634,415.4622,419.623,411.1394,412.1218,414.6812,411.8917,411.0304,412.9265,412.3794,407.7504,412.541,412.3459,409.0252,408.6089,409.3159,409.9672,410.7813,411.3087,411.3528,411.8068,411.9631,411.7794,411.5488
398.3593,399.3041,397.541,395.8164,395.0764,397.265,399.3985,396.5948,395.7565,395.8757,400.9091,404.9626,405.0803,404.1128,401.2115,406.7801,406.0469,404.262,405.6588,405.3313,405.2737,405.3917,408.3168,414.3011,412.1254,411.8476,410.324,404.58,403.4678,405.1259,403.2977,401.2839,400.8874,403.5019,402.8946,403.4292,402.1234,401.8911,402.5543,403.3433,401.2621,400.0016,386.7302,395.4961,402.4611,401.8865,402.5479,402.3581,403.9208,405.4135,406.3776,406.8939,407.4931,403.3485,401.6967,407.6086,411.2027,412.2415,411.8719,410.7383,410.3885,410.3509,414.0955,413.9536,409.7179,410.2628,411.8448,412.4377,409.3872,398.8572,391.2849,397.4107,394.4915,380.3057,371.9734,363.8386,357.916,356.5318,359.9984,374.7778,391.2303,395.8503,399.8997,406.4545,406.9062,406.5989,403.0634,400.5073,399.936,405.0938,400.7232,400.2276,399.4845,396.895,404.9569,410.9764,412.8815,413.5315,413.591,413.6505,405.6867,409.6703,408.7952,411.6447,412.5137,414.6025,416.0451,409.7112,409.9253,411.2074,407.2184,411.7516,409.4259,411.0129,405.79,409.1739,412.7697,411.6142,409.676,407.9199,407.6099,408.6141,407.8318,406.1468,406.2354,407.0541,407.7632,409.5394
399.321,400.5875,398.9515,396.3813,393.7636,396.679,399.5926,396.6832,394.9008,397.0179,401.6243,405.4057,406.0223,406.3333,404.3154,406.6969,404.3152,402.9081,404.8427,403.9439,404.3962,404.998,407.9587,412.8444,407.5861,410.9987,406.1636,404.1051,406.8994,410.5769,407.7148,404.5127,401.1279,403.7622,403.3425,401.3546,399.3703,400.1019,401.0629,401.9789,398.7533,400.4471,389.7233,396.4303,401.3015,400.6685,400.3554,400.9385,404.0808,405.7642,406.3051,404.7191,402.7288,401.9297,399.4077,403.6967,409.1551,411.0968,412.6593,412.9073,412.0487,412.3375,415.7731,415.3072,407.5257,402.914,403.4329,404.7885,403.3828,394.6036,388.5966,393.0298,390.7436,375.9972,367.7928,359.4442,353.1385,353.6539,361.6313,379.5593,393.7707,395.3832,400.7202,401.8164,402.1383,401.9884,399.8387,397.9263,396.6574,407.0858,400.0003,398.1469,396.5725,398.4104,405.5352,412.0113,414.972,412.2574,411.1272,409.9969,404.7909,409.3462,406.5328,410.3138,412.1291,413.2037,410.5392,407.9482,409.054,410.6776,409.8345,410.3701,408.3017,408.8165,405.3255,409.0341,414.1699,412.2695,410.2567,409.0103,406.5679,408.7672,410.5511,406.2907,403.0266,403.1717,404.2229,406.4926
403.5535,403.8624,401.8867,398.8702,396.1335,399.168,400.7108,399.4537,398.5737,400.5216,405.2551,407.661,403.2094,407.3233,405.5277,408.3459,403.8828,402.9016,405.1126,403.2962,403.8763,404.7835,410.4004,411.9984,411.0515,413.7957,409.8951,410.8781,410.162,408.2235,406.7771,405.3584,403.0514,406.9357,407.4858,403.8893,403.7797,401.5421,400.0578,398.8086,398.8928,400.5007,393.5589,396.4305,399.9602,402.2475,403.6555,402.6891,403.9362,405.519,406.6544,404.0454,403.3557,402.2447,399.6266,403.8624,407.1378,408.2621,409.7201,410.3454,410.8895,412.4262,415.7672,414.6512,405.9807,398.8914,396.2237,396.0335,395.6523,389.5257,386.7838,390.1942,385.6902,373.3773,364.705,356.8333,354.1701,357.8452,363.4179,381.9911,394.1263,399.1042,402.6865,405.5559,405.0723,403.8915,399.932,397.3377,396.1681,410.4862,400.9032,397.6074,394.922,398.9885,405.4529,414.1682,414.42,412.2975,411.2945,410.2915,404.4142,408.1247,406.4994,409.3056,410.4909,409.9574,409.5079,407.3586,408.2991,409.7098,408.6903,408.8428,408.021,406.3882,404.279,410.4017,414.3468,408.4946,406.6979,407.3632,407.5259,408.7233,408.5957,404.051,403.5125,404.2096,403.8571,403.92
406.4418,403.5754,400.1559,397.4017,397.3565,400.2665,401.217,398.5094,400.9345,403.4377,405.7517,406.5019,403.1369,407.0296,404.223,406.2779,406.4936,404.0746,408.5898,408.0799,405.9855,404.4331,410.833,413.5464,411.6994,415.1298,412.9274,410.2153,412.2454,410.0005,408.3318,406.7013,406.4927,406.1884,405.8502,401.9072,401.8976,402.1463,401.2346,400.114,399.4625,397.563,395.5052,397.2727,402.0896,406.4463,404.8202,402.8906,404.7912,405.1032,404.0731,403.2904,401.2607,400.7156,399.8228,403.3069,408.9245,411.3305,409.8921,409.2298,410.6647,412.0145,414.4225,413.5013,406.1798,400.1375,397.8518,397.5455,396.8618,391.8329,389.0358,388.1104,382.5503,374.2907,364.4315,355.619,353.3687,360.734,369.2832,383.4378,398.6185,403.0593,404.2899,406.8406,404.5309,402.447,401.7714,402.4826,401.6363,408.438,401.7076,397.6065,394.1625,398.3266,409.2893,418.1115,417.2534,416.5382,414.7283,412.9183,403.9298,406.8123,407.845,404.9427,407.5242,406.2175,408.9688,406.0864,407.3135,409.2335,407.2838,408.5859,409.0308,409.5425,407.7942,411.5007,412.8417,407.0754,404.3684,403.4601,405.3893,409.0229,409.4011,405.849,404.8748,405.2071,405.1523,404.9702
403.136,405.2849,401.9927,397.4875,393.2643,394.7053,393.8119,394.9853,397.8426,401.7389,403.2882,403.617,400.5467,403.1901,403.4183,401.6574,403.5103,405.3457,411.2357,408.934,408.3684,407.7295,406.281,410.2881,407.9448,411.4734,411.3083,410.5497,405.3944,407.9701,404.5844,400.8752,403.3232,404.9192,403.5535,404.6809,403.3297,401.407,401.0782,401.0595,399.4454,398.8792,394.1383,397.2705,402.6203,406.0922,406.6976,403.6465,402.8123,403.3437,403.8421,402.7451,401.1356,398.7419,398.2436,403.2177,407.2962,409.0183,409.5967,409.6288,410.0041,410.0049,410.0267,409.7084,406.0807,401.7034,399.7572,398.5736,397.1747,392.8452,388.8192,387.066,381.2584,372.0841,364.1786,355.8696,351.7799,358.8148,369.2336,387.6341,397.539,400.4445,403.5352,403.9983,403.5544,403.1968,403.3519,403.1194,398.9853,403.4423,399.8089,398.4702,397.3595,399.5101,411.8845,418.8369,416.1248,414.0704,412.1328,410.1952,404.4768,403.564,404.111,404.3212,407.4432,409.5149,410.5468,405.2193,406.6966,409.2533,406.897,408.17,409.4656,409.3541,407.9316,409.2792,407.5226,406.0847,403.9868,401.4663,405.7488,406.6541,405.3251,404.7718,406.0558,406.3548,405.6208,403.2043
395.1693,397.8442,395.6128,392.5552,389.9129,391.0508,388.7979,389.0495,394.4724,396.8206,400.4494,403.5874,403.7618,401.3976,406.5444,404.438,403.9329,403.6618,408.459,407.2009,406.2115,405.3665,406.5498,405.0117,403.5093,407.455,406.184,404.2407,406.537,407.9884,405.783,403.3899,404.7664,406.0128,407.3544,405.1826,402.9841,402.6764,401.629,400.3795,396.5381,399.9361,400.997,400.1259,401.143,405.0993,405.0409,403.5892,403.9797,403.3028,401.8047,401.9214,398.9368,397.9391,398.0938,401.2672,405.4212,408.3417,408.3695,407.1971,406.8505,406.1971,405.3267,404.1098,401.018,398.4043,398.1986,396.0096,392.2724,389.5361,386.7171,385.5226,381.3325,370.7484,362.122,355.1307,352.8238,355.9424,369.3047,389.3455,399.011,404.706,406.0168,405.6974,403.7688,402.0426,401.8056,403.622,401.7572,403.2974,395.0823,395.8685,396.6086,397.4926,406.7256,414.7625,412.6289,407.8311,406.9122,405.9932,400.5439,402.4487,405.6356,403.0997,408.7793,409.1487,407.9034,406.0261,405.7912,405.7993,404.8542,407.5392,409.4816,409.2636,405.0318,403.0297,403.4771,403.3325,402.7515,402.142,402.8377,404.4842,402.4754,401.5774,404.9286,403.7194,399.0789,398.9216
390.4644,391.179,393.0201,391.7183,388.3879,393.6222,392.18,392.5341,397.4248,402.9872,404.11,404.9393,405.2143,407.1424,404.9849,404.6579,402.0371,400.4078,405.2993,405.4091,403.3157,401.5048,403.9664,406.9902,406.9651,409.9739,407.6023,405.649,405.537,404.8561,404.6041,404.3755,404.4309,404.2193,406.7,406.4198,405.8051,400.3662,399.5894,399.8668,402.0959,405.1125,404.6789,401.5553,401.1804,404.6236,405.7701,405.9178,405.8166,405.0915,404.1469,400.5997,397.4948,398.0044,397.7093,401.4623,404.4171,407.0322,408.4994,407.9208,407.7446,405.3699,402.3873,399.9926,394.4393,390.9574,392.8314,390.5667,386.6894,384.8481,381.92,383.383,377.882,366.5913,360.9779,355.8372,353.1201,356.2142,369.2535,389.987,403.2425,407.5692,406.5392,404.3209,403.8769,404.1701,406.5708,404.0501,405.9288,402.238,394.1661,394.1881,394.1784,394.33,400.9549,405.3943,401.0267,398.752,398.6816,398.6112,398.7029,400.9238,403.14,399.0232,407.2794,405.7065,408.0667,404.7701,404.7907,405.3929,405.6183,403.7017,407.7337,405.8639,399.6712,402.576,404.108,401.4992,400.7659,401.0481,401.8248,402.2733,401.2487,400.1837,399.742,399.643,399.6319,400.1376
390.5585,389.5344,392.0125,392.1869,390.1045,393.5427,395.3081,398.2461,400.7289,406.6989,404.7672,403.9824,406.7316,405.3253,405.0742,407.1073,405.6586,404.2801,407.941,410.4221,406.3789,402.9944,409.1245,408.0699,408.4968,409.247,409.421,407.4869,405.7977,407.0277,405.8683,404.5795,406.0383,404.8188,404.2029,407.2677,405.8202,401.8816,401.7171,402.3336,405.3123,404.9818,403.4577,399.7728,402.3753,406.5789,407.9795,407.4862,405.3911,402.9295,400.5424,399.9066,400.3398,398.4033,396.2825,400.5122,403.975,404.2733,405.1246,405.3458,404.6602,402.0839,400.3848,398.4152,391.0447,386.3561,387.8883,386.3517,382.9569,381.7815,381.635,382.1638,373.1377,359.8619,355.8193,351.0061,348.4337,357.7756,375.7639,394.5717,406.6345,409.543,410.084,405.8732,404.8758,404.0188,404.7324,408.7394,405.4155,401.8991,395.9297,394.5537,393.3008,393.6902,397.8581,396.0518,391.915,389.0859,390.9673,392.8488,396.8211,399.0646,399.6484,397.8463,403.0343,401.7187,403.4454,400.4412,401.555,403.3455,405.623,401.3165,403.6378,402.1877,399.4638,398.8691,400.4836,396.4317,396.5555,398.9178,402.106,401.6845,399.3785,399.6436,400.8596,401.2211,401.2104,400.3173
389.3648,385.0562,389.6971,392.2347,392.2157,395.4357,395.3568,396.9472,399.5152,401.9374,402.7637,403.8537,405.007,402.7224,404.1506,405.5748,406.0127,404.0019,407.8515,409.5099,407.4616,405.64,407.0193,404.569,404.8822,408.2308,405.8574,403.484,407.2685,411.4773,410.0973,408.4273,407.823,407.7886,407.8665,407.488,405.2895,403.195,402.2107,401.427,404.0042,403.0298,400.2096,400.3044,403.5729,404.7256,406.1957,403.9615,403.0847,400.6539,396.9095,396.087,395.524,394.477,395.3412,401.1442,405.7772,407.4796,408.2848,407.7423,406.5038,404.6284,403.0435,399.7943,393.5108,389.8198,389.6548,388.1158,386.1794,385.8759,383.7954,377.7658,365.0959,351.1571,346.4797,344.5456,348.5518,357.0964,376.2726,395.4121,407.1629,410.8159,410.5367,406.0533,405.3533,404.4294,402.8432,402.5053,400.8529,403.4981,393.7669,395.1088,396.235,395.0864,394.6379,394.3268,383.6662,383.1908,385.8353,388.4798,396.3163,398.252,402.4037,400.4049,404.7724,402.8417,400.2925,398.2788,397.931,397.8108,400.7321,398.8035,402.5735,403.8845,398.1866,401.3265,400.8199,401.1381,402.4942,403.8783,403.1759,401.7842,398.5372,398.0369,399.1094,399.874,400.5429,398.6216
391.1937,384.5054,386.4288,388.3272,390.2012,393.7984,397.7883,393.6806,396.2629,401.6264,403.5967,405.1532,404.6268,402.8351,403.9228,403.4139,402.733,398.1484,402.0554,406.149,403.7188,402.0005,410.1996,403.8086,408.5134,411.1725,406.7656,404.6305,403.0219,405.7277,405.5721,405.26,406.4041,405.4526,406.9998,405.8626,404.7679,397.2424,396.9006,398.1518,402.8319,403.8422,401.3117,400.9103,401.0856,402.4888,402.0154,405.4913,401.9591,397.5084,394.4011,394.9677,394.2205,392.4349,395.9577,403.228,407.2646,407.3491,407.9145,408.2593,407.4469,406.7425,404.4166,402.1824,400.7283,398.543,396.8923,392.8917,387.5775,385.182,381.5044,374.4185,361.9804,347.4339,344.7934,344.4585,349.2484,360.6328,383.7584,398.7123,405.9359,405.4683,410.2065,406.5157,407.0452,406.9244,404.235,402.9658,400.9402,401.3948,392.3092,392.675,393.2683,395.9423,394.0048,395.6128,386.1023,385.4527,387.5872,389.7218,393.6972,399.1653,405.583,403.705,408.3088,406.3994,401.78,395.3624,394.9532,395.4268,397.791,396.1578,401.8971,405.7727,399.6831,404.6052,406.3434,406.7446,406.8181,406.6741,406.6679,404.71,402.0126,402.4183,401.4843,400.4514,400.2293,397.5464
391.6425,387.2424,388.0208,389.2136,390.4764,391.9506,396.9137,396.536,396.3695,398.552,399.7579,400.5501,400.1217,401.114,400.6122,401.5519,403.5819,399.9783,404.3934,407.6192,404.9788,402.8354,407.7402,404.6985,404.4898,406.5737,404.2875,402.1685,400.064,401.771,402.6141,403.4052,399.9385,404.3811,406.985,405.7495,403.9707,398.7209,398.2955,398.91,400.3709,400.1315,397.8035,395.5419,397.5311,402.472,403.8569,408.5204,405.9405,401.9904,399.2229,396.2238,393.9717,393.858,395.9837,400.8288,404.6455,404.9078,406.2625,408.7516,410.528,409.3589,405.3912,400.5802,396.4499,395.0209,394.8126,390.1554,383.2658,381.5983,377.3831,369.4186,360.2245,350.9792,350.2475,350.9601,356.6335,369.5005,387.6136,400.209,406.7861,407.9963,412.4474,407.1996,405.0986,402.8122,400.4088,400.9431,398.082,393.8525,391.3419,391.286,391.4427,393.6171,392.7456,399.9549,386.7947,388.1031,387.0124,385.9216,397.4807,398.4462,400.3515,399.8311,403.9181,402.3419,399.5273,392.5708,391.6096,391.5736,392.5653,390.9634,395.4404,399.8233,398.5156,407.2945,411.4982,409.7137,410.1034,411.7003,409.6807,409.4,405.0937,402.9493,400.9262,399.7529,399.7435,398.438
387.2331,385.6912,388.6318,389.9239,390.3123,395.8439,396.426,392.9373,393.0365,392.8684,396.9164,399.2558,395.8864,397.0531,398.2011,398.1041,400.8973,399.8839,400.2537,404.7864,403.8007,403.1612,407.3221,403.7633,400.5763,407.21,405.0089,401.0389,400.1383,401.6456,402.0332,402.3583,400.9688,404.8486,408.1219,406.764,405.6133,403.297,402.0517,401.0546,400.2165,398.5968,397.691,396.0498,398.1431,400.5901,403.641,406.0578,405.4827,402.531,399.0006,394.457,395.9311,397.1878,397.8659,401.5241,403.2541,401.0434,400.7707,403.7523,407.3512,405.5229,401.4082,399.6866,396.6585,393.4218,391.1756,386.3601,380.4438,378.619,376.5854,372.1254,367.5721,363.8723,362.7577,364.5774,372.6604,382.756,395.7857,405.0548,410.286,407.7797,411.4758,409.2033,410.7487,410.8849,404.0546,395.8217,397.6938,397.9335,389.0129,390.1887,391.5303,394.4696,395.1198,398.6339,391.8888,392.6629,389.366,386.069,386.2051,384.3847,388.6295,390.0925,393.2848,395.6651,389.8277,389.1637,390.0715,391.0959,388.7975,386.3765,391.9371,398.3586,400.1299,409.7097,412.6372,407.2462,407.2012,409.7315,411.469,411.0459,408.4023,403.5512,399.8238,399.6476,400.9115,398.1857
387.8376,384.8191,386.8681,388.1876,390.0516,396.017,397.7246,394.0457,391.5412,392.6998,395.1342,396.0834,393.1467,398.1588,399.7995,398.6336,399.9546,400.1952,402.6654,406.7903,403.8548,401.578,408.6965,406.2291,403.7519,408.5222,404.795,403.3395,399.008,398.838,399.5499,400.2996,400.1948,404.1976,405.8758,404.6812,404.6164,404.6443,402.5987,400.1597,404.6869,408.7374,403.9405,400.8766,397.2897,400.6147,402.609,407.4665,404.2331,399.961,397.1523,393.9152,393.5615,392.6343,394.0779,399.5164,403.304,402.0559,401.9824,403.5811,404.2942,400.372,394.5162,393.3767,395.1158,395.8649,394.9346,390.7906,384.5985,383.0039,381.0604,377.2363,376.2998,375.5092,378.2965,382.5951,389.3813,395.4245,401.747,405.0857,409.2245,408.0574,412.9218,411.2385,409.2204,406.9396,403.2375,398.4462,395.3101,396.9183,390.513,393.3017,396.0976,398.5475,395.6109,395.4454,391.7003,390.8402,384.4043,377.9684,374.4631,377.0061,381.1096,383.9965,386.0283,389.6967,388.9128,387.719,387.9842,388.4556,386.2172,385.5224,390.8936,399.027,400.2678,407.782,408.4836,406.4857,405.9888,406.0151,408.462,408.1904,405.0982,403.5815,401.9333,401.6406,402.4804,402.179
383.3757,384.0253,387.1758,388.8519,388.5547,390.9345,392.7423,393.6312,392.3446,392.8983,392.7039,392.2752,392.1329,396.5029,397.4571,397.8846,397.202,401.216,402.9489,403.3906,401.5159,400.0432,404.4493,405.648,400.3241,404.0404,406.248,400.4603,401.5948,402.1154,401.8855,401.6182,402.5301,405.1765,406.2314,404.901,404.3105,404.1787,403.5773,402.8758,407.042,409.026,405.1086,401.2816,402.5753,404.2411,404.6544,409.2086,406.79,401.5532,396.7522,391.3827,390.57,390.2584,391.5984,395.3704,398.6235,397.3098,399.5951,403.073,403.2777,401.3514,396.3183,392.8824,395.3338,398.6316,398.9734,396.9119,390.5454,383.2722,377.8836,377.4643,380.0939,380.4979,386.3799,393.6776,400.8046,402.1495,405.8139,407.7068,408.4442,405.9359,408.1859,411.2658,409.6295,407.7226,404.0013,397.5986,394.2144,398.4107,395.3401,395.6687,396.2999,399.6953,396.8656,398.3472,391.5322,392.6657,385.2972,377.9287,380.4411,381.0825,382.007,385.8391,385.1866,392.2664,392.4809,393.0214,393.7055,394.3898,391.8247,389.9969,394.0947,398.7673,398.5742,406.446,408.4096,406.4524,406.7172,407.9323,404.7817,404.4694,402.8329,402.7563,400.6259,398.6332,397.8191,399.9264
383.1884,382.3636,383.8164,384.0088,384.2458,390.1738,392.4258,391.2042,391.9077,392.88,396.2032,397.9644,395.0416,398.007,398.4432,397.531,393.5701,394.7607,399.8635,403.6191,399.1596,395.6448,405.9158,408.3455,405.3287,404.0462,401.8454,404.6932,399.7914,400.3354,399.4331,398.4453,402.6651,402.3315,404.5193,400.8538,402.8198,404.1262,403.3459,402.22,408.0921,410.4542,407.7796,403.868,402.8379,403.7577,403.5542,406.3541,408.5165,405.7435,401.1129,396.192,394.4993,392.6518,393.3865,397.3806,399.2121,396.9836,398.1249,401.1008,402.3642,399.9382,396.2036,396.6826,398.5674,398.1478,396.0719,393.1572,386.9095,379.2809,375.7623,376.5683,380.5375,385.0818,390.199,396.6506,403.2572,404.2225,404.9363,403.9481,404.248,403.7178,408.1297,407.2609,405.623,404.4424,404.4909,400.055,394.2864,395.7529,397.8334,397.1463,396.704,398.8905,400.6595,397.8034,399.307,397.6137,391.2212,384.8287,388.8607,388.388,390.8114,394.7312,395.5006,397.802,395.0476,395.5888,398.5052,401.6915,402.312,398.9154,402.6234,404.5102,401.9123,408.0579,411.1307,403.9394,404.0589,407.8176,407.332,404.8482,403.9026,402.7577,400.8085,400.8488,402.1134,400.5276
388.2934,387.6774,386.9684,385.4118,384.5721,389.2995,392.5109,394.486,396.8464,400.0981,400.2838,399.3873,395.861,399.0293,399.6999,396.9269,395.097,397.5705,397.9707,404.3866,399.5043,395.2544,400.4097,403.805,402.656,403.3855,399.5744,398.2861,399.685,401.3583,401.1882,400.9221,403.2417,404.1772,404.6389,401.9903,403.2661,401.6031,400.8235,400.3325,404.0534,406.5892,403.2526,398.7604,400.7015,402.235,403.8431,406.2703,406.6442,404.099,400.6562,397.2001,394.4441,391.7077,392.5807,396.489,397.9639,397.4019,398.964,400.4583,400.4911,396.8134,391.7651,393.7135,399.3221,400.0094,396.8734,392.2557,385.4966,377.1975,370.5063,373.7954,382.1381,386.4811,391.8104,398.7065,403.6587,400.7584,404.3174,401.2509,400.9526,402.9387,405.7018,406.3923,404.5425,403.7769,406.5735,401.865,391.9907,390.6251,399.2137,397.5526,396.5286,401.8862,400.7134,396.6839,395.5205,395.6416,393.1925,390.7435,396.1671,398.3722,405.541,406.4381,404.5201,405.5941,400.5117,397.1594,399.7528,403.1495,403.371,402.93,403.3341,407.8329,405.8856,405.7556,407.205,406.0747,407.0215,409.0424,407.5075,406.9076,405.3818,403.5851,402.47,401.1008,399.482,400.7573
390.2435,389.4767,389.1487,387.4016,386.9774,393.2039,391.4856,393.8221,397.5891,398.9349,398.7815,397.2547,392.2351,394.7348,393.1877,390.9135,392.2527,393.6078,396.0825,400.7337,395.9368,392.143,403.0668,407.2381,404.8955,404.0303,401.0669,399.7022,398.6094,395.3712,396.3656,397.5834,400.3292,401.3719,404.421,400.5496,397.2533,398.9764,397.9427,396.2221,400.8774,400.3925,398.9425,395.0112,397.2521,398.2259,400.6892,401.0746,404.4944,404.3126,401.6335,397.7151,395.5486,391.9366,392.8702,397.5392,397.2234,395.8207,397.8863,399.2717,398.9654,395.2125,391.8304,393.4276,396.8254,397.1202,393.4331,388.6145,382.2892,373.8105,367.3437,371.8592,380.6353,387.0248,391.59,397.5861,402.1633,399.1578,400.519,399.9907,401.9636,402.0179,406.3426,405.6769,403.1053,402.3378,407.8394,403.3278,392.7426,385.8344,399.0727,396.6499,394.979,400.5255,395.0635,399.3452,393.6167,398.0069,396.1937,394.3805,396.8805,403.6272,408.7927,407.56,410.4711,409.8086,402.812,402.647,403.526,404.4213,402.3931,398.8293,400.095,402.2744,399.9747,405.5445,408.8255,403.4772,403.4843,406.2683,407.4785,408.969,407.6158,404.999,400.9865,399.2073,399.1588,401.7177
392.7278,392.38,392.1361,391.4314,390.3307,391.3162,393.4167,393.6183,394.6245,400.0078,397.2681,394.2774,391.8421,394.7879,392.2186,392.7279,393.249,393.7494,397.4715,400.5982,397.7097,395.3873,401.3913,403.8734,400.0985,402.1863,400.1542,394.087,399.0301,401.4089,401.7526,401.9962,404.0419,402.4042,405.8326,402.873,400.2164,397.9781,396.9974,396.2506,399.5756,397.4271,394.8302,394.0544,395.6464,397.788,401.3914,403.3017,401.1756,399.1189,397.712,396.2902,394.0409,394.5411,394.7036,397.0768,399.0704,397.1048,395.0227,395.3754,396.8479,395.1826,391.6124,392.574,394.7953,392.8166,389.0448,384.2524,378.1693,372.7507,371.2268,375.1302,382.4928,390.1721,391.3471,393.4349,395.8882,396.0829,398.1902,398.1834,399.8106,402.5707,406.4956,407.3178,404.1954,401.8318,402.9328,402.3461,391.2091,386.1584,398.8508,400.2867,401.5063,400.2604,397.3134,395.6991,394.0182,390.5167,391.3735,392.2303,396.5218,396.5505,405.6617,405.7119,406.8026,408.0717,401.6802,399.5995,400.3515,401.4159,401.8572,399.8345,400.0804,403.0554,399.2251,400.1967,402.0412,402.4786,401.5843,400.3414,402.7734,407.8298,405.7405,405.353,405.3718,405.2912,405.8357,405.5229
392.5799,390.3369,392.5499,393.2387,391.7405,391.7809,389.5864,390.7235,395.1913,394.5725,393.8244,392.4914,390.2831,392.8116,389.6422,392.7326,396.065,395.621,395.5304,403.0441,399.2238,396.0226,401.844,402.4156,402.4954,406.3358,402.0171,397.8673,396.1341,399.7439,400.0823,400.2414,401.1859,400.2098,404.7126,399.7961,397.4856,398.0334,396.8458,395.251,398.3453,399.7585,401.1216,397.2489,399.1108,400.145,402.9621,401.414,403.2552,403.3346,401.5044,398.3778,396.9191,395.2661,396.8269,400.5114,400.5482,397.2775,396.7262,397.392,396.829,395.5873,394.3894,393.8979,396.1165,397.285,393.8101,388.34,380.7712,374.7821,372.7583,375.1002,379.5412,385.5692,388.9473,392.283,393.1656,391.4433,395.5169,398.5504,402.1979,403.3361,407.4251,407.4265,404.2183,402.5582,405.9512,399.795,391.8272,386.2595,399.8437,399.8811,400.1593,402.3327,395.9292,399.1552,393.3057,393.5378,392.7835,392.0292,397.3036,398.515,404.7448,404.467,403.8081,403.5228,402.039,399.1458,398.2126,397.581,399.2728,397.6878,396.7831,398.7258,397.1843,401.2934,402.0668,400.8916,401.1667,402.0013,401.26,403.5621,402.685,405.236,404.7441,402.9897,402.3054,405.2372
392.9126,389.7188,391.7615,393.1847,391.8577,389.0434,390.8856,392.4715,392.0564,393.1287,393.7776,393.9532,392.8809,394.2184,394.1933,393.9469,394.7256,392.4282,395.351,398.8436,396.5922,394.719,398.414,399.9264,398.8464,402.7817,400.073,396.44,399.8583,399.4028,399.6059,399.8507,403.2255,403.6435,407.0663,401.1677,398.5133,397.2892,397.1243,397.1385,398.2671,403.2315,399.8739,399.6252,399.2203,400.2149,404.0101,403.2613,400.7341,397.834,394.6909,398.5239,397.9193,395.8324,396.5199,402.4041,404.9599,401.3345,399.3275,399.5153,399.6303,396.8282,395.232,395.6287,396.1399,396.5005,394.0428,390.363,383.7768,378.4323,376.6681,375.2943,379.4131,385.3059,386.0999,387.3031,389.4054,392.3718,397.5039,402.0872,403.4214,406.4182,408.9419,405.6959,405.4955,405.5816,406.1046,402.1245,396.6912,394.8781,400.7942,402.8672,404.85,405.2669,398.3595,398.6559,396.1531,392.6843,395.5741,398.4638,402.1948,394.8676,399.6845,399.9066,401.7336,402.2886,398.9551,399.6719,398.8319,397.6916,399.8805,399.5408,399.0899,401.0813,401.0159,402.1103,401.4536,403.4564,402.9945,401.2442,404.666,405.3886,404.7044,405.4808,404.6787,404.9717,406.5341,405.9462
390.9433,388.7483,391.5945,392.745,391.2061,391.9008,392.6106,393.8046,393.7978,394.895,397.0683,398.2032,395.6683,394.585,392.0005,391.9156,393.7501,391.8556,392.7748,396.7141,395.1411,394.0417,399.6435,397.5254,400.1026,400.3527,400.2701,396.3204,394.5911,399.6721,397.953,395.8689,400.0019,401.6668,404.0092,399.8911,398.0446,398.7141,397.8943,396.7216,400.9916,403.149,401.9174,399.9151,401.0268,400.8853,402.2997,400.8358,400.2979,398.2462,395.0192,395.7031,394.6609,395.163,396.105,399.1721,402.8265,401.6001,401.6263,403.5536,404.3878,403.5128,401.2958,399.7392,397.9325,394.8535,391.167,386.7556,382.0081,377.6805,372.8141,372.4909,378.2364,381.5933,384.4206,387.0845,389.1556,391.2204,395.5301,401.6887,404.6972,404.9536,411.0538,410.7057,408.3866,406.6168,407.2466,406.6069,400.9201,398.3965,403.9236,405.234,406.5477,407.1115,398.1213,401.1196,400.9544,395.7784,396.0826,396.3867,404.183,399.1954,406.9491,404.4492,405.4354,401.8902,401.5775,402.4143,400.2705,397.6892,397.6462,397.6894,396.4347,398.9456,401.0867,401.2971,404.4076,402.4502,402.6636,404.3885,405.3462,405.9156,405.1623,406.2197,406.461,405.2336,403.7874,405.5426
388.9231,389.5638,391.9012,393.8462,394.8838,395.1785,394.992,397.9233,400.137,399.0289,400.6931,402.2267,402.8766,401.5107,398.7068,398.6021,396.0044,394.3825,398.1429,399.0274,396.9046,395.2155,399.8752,401.262,398.9225,402.0994,399.2215,398.1103,396.9388,399.8318,397.9605,395.8349,401.7623,406.6065,406.8708,399.7443,394.4819,395.7248,396.2813,396.5051,398.5639,399.2903,399.8276,397.5635,401.2213,401.7936,403.3001,405.0517,400.5057,396.4044,393.6864,394.432,391.1483,391.461,394.2026,397.8085,400.2754,398.3865,397.4897,399.5549,402.1254,401.4729,398.0701,396.4084,396.265,394.0318,389.4135,384.8798,380.852,375.6081,369.9232,370.0501,375.5836,381.6968,384.6941,388.1292,392.1307,395.5155,400.0582,404.8579,404.9593,405.6687,409.2211,407.86,404.8622,403.5897,408.6078,405.53,397.8577,397.8022,402.7205,405.9804,408.8911,407.8772,404.6666,400.172,402.8511,393.7016,396.0812,398.4608,403.8569,399.2168,403.9802,405.7128,407.0973,401.4614,399.3192,403.4254,401.9528,399.5833,401.4412,400.7926,400.4201,403.6717,402.9843,404.8028,404.059,403.5826,403.8198,404.1464,409.9729,411.1775,406.6687,404.9002,405.9811,405.9375,405.0004,403.18
389.0538,390.0623,390.7043,391.1143,391.8561,395.1646,398.8655,399.3479,399.1592,399.1496,400.7705,402.9201,406.2946,405.3155,402.0151,401.4153,396.1017,395.9349,399.4095,400.4331,398.1415,396.199,399.4988,402.5474,396.3271,400.328,394.824,396.3004,396.5107,400.596,399.7502,398.6417,402.4588,407.4709,405.0511,399.2788,397.3602,399.342,398.482,396.969,396.4302,399.6936,401.6715,401.4083,403.4063,401.202,400.8599,403.7463,404.7802,403.2976,401.1732,397.1091,396.1227,398.3091,396.0526,395.4985,395.7098,392.7466,395.2365,399.3698,400.5826,400.7682,397.9426,397.1607,397.8344,393.2036,385.959,379.241,374.9926,369.518,362.1806,363.7134,371.8181,379.5342,383.336,388.6822,394.5702,395.8641,400.2359,402.2691,402.1508,404.7444,405.2719,403.9677,403.4683,403.8198,406.535,402.4086,399.6077,396.835,401.4699,400.9182,400.5853,402.3076,400.3739,403.7979,404.1592,400.0325,397.8362,395.64,404.3218,400.6806,405.6429,405.3027,405.5878,399.7896,402.8453,405.1013,402.3159,398.8449,398.3088,397.6479,398.0619,399.7708,400.3186,402.278,405.0581,402.0205,402.3087,404.5002,407.9311,409.3915,408.4678,405.4065,405.4588,404.1979,401.0164,400.3883
386.3802,387.2175,390.9503,392.152,391.0977,396.2441,396.8485,395.5105,395.5136,395.6985,398.1654,400.305,402.6336,408.6666,402.4401,399.3738,399.8234,398.147,399.5804,398.8702,398.6966,398.7873,402.7022,403.5982,398.9265,401.5943,398.039,398.6883,398.88,399.8614,399.2605,398.5762,400.9411,403.9579,407.539,401.5506,397.4925,398.7045,397.4066,395.4695,397.8029,400.5879,401.9684,402.2779,403.9711,404.4802,404.5845,406.2003,407.5125,404.6955,400.1576,396.1573,394.7816,395.7721,393.6148,394.8763,395.8998,391.1874,390.4061,393.0677,394.6176,395.9313,393.5193,393.5485,396.3289,392.8058,386.2819,377.5089,369.9702,366.3896,360.591,361.7675,373.0036,381.1697,384.8449,390.0513,397.4429,400.8963,400.5395,401.8263,404.7018,401.6196,403.3053,405.7046,403.4258,401.6885,402.2445,401.5726,397.7744,395.6233,400.4236,399.3639,398.6166,400.8606,398.2896,397.7596,398.5075,393.5782,393.3721,393.1659,398.2767,397.2593,402.5788,400.49,401.1186,402.2805,397.5695,400.5923,401.101,401.1039,402.9647,400.5532,398.4951,398.5655,400.8917,400.272,400.5383,402.4553,402.8616,402.5967,407.5863,409.7951,408.0718,405.5184,404.6876,403.8529,402.4933,400.6639
383.8852,389.177,390.4531,391.5645,393.2559,394.8687,391.7028,392.3174,395.7117,395.6234,396.0567,396.8304,400.3654,407.0058,400.2838,398.5633,398.466,399.9111,400.6267,399.6046,399.389,399.2131,399.9192,405.9192,402.2398,404.7164,397.6893,397.3882,402.0349,399.5015,398.9954,398.6081,401.8557,404.957,408.0074,404.3361,398.3633,398.3946,398.758,398.9794,398.2161,398.7723,398.7232,399.5658,402.04,402.348,401.451,403.8147,405.8216,403.5469,399.6451,397.9789,397.859,397.7917,396.8293,396.5035,395.0067,389.5683,389.8896,393.1642,393.8655,393.3224,391.7014,396.1352,401.3096,396.8938,388.3375,378.9297,371.4752,365.6649,359.7684,361.6501,368.754,377.2589,382.3741,388.9666,396.5075,398.363,399.1392,402.3477,404.3463,403.2098,404.3794,406.7062,402.8175,400.4603,404.0979,402.6035,396.3947,392.8139,397.6425,398.1933,398.8695,400.5747,398.0952,396.3278,394.8453,392.3077,390.2379,388.168,398.0193,396.5549,398.0304,398.6059,401.0217,403.0998,398.9302,403.2149,402.0754,400.0025,399.8957,397.8675,395.7545,398.0268,398.9232,401.2296,404.6272,402.1416,401.9415,403.2863,406.2265,408.5788,405.12,403.3533,402.8626,401.9578,401.065,399.7278
391.0518,391.0135,390.7221,391.2102,394.0118,396.5443,394.506,393.3995,396.6201,396.9283,397.9536,398.0869,397.2164,404.461,399.2915,397.1527,395.0208,396.6661,398.3712,402.5414,400.9715,399.3565,397.5306,404.4646,401.7633,403.3932,395.5197,397.1455,401.9984,399.4718,398.8858,398.4145,403.3748,405.106,409.4935,408.0387,403.7656,402.9499,402.7173,402.4723,403.8857,404.3325,400.981,399.0155,402.2308,400.1738,396.2663,397.5512,402.8665,402.2828,398.5935,397.3337,396.1954,396.5037,395.2553,394.8832,396.008,391.9016,393.1364,395.7382,393.5159,390.993,390.3205,396.5163,399.6194,393.5003,386.9774,376.9568,368.0356,362.7963,357.5988,361.2263,364.8405,370.1283,375.3282,381.8426,389.7722,394.2538,397.6028,399.9434,400.5805,402.0396,403.7603,404.0366,403.1112,402.7891,404.5943,402.8727,398.3084,400.0015,401.7255,400.7521,399.9185,400.2021,395.6913,395.9697,393.1367,392.1714,389.2119,386.2524,395.5056,395.0149,399.5377,398.2024,398.2569,406.5101,397.1205,399.4777,399.5406,399.0344,400.6027,396.8106,396.4068,398.0288,399.094,397.4481,403.0331,400.2739,400.1428,402.2508,404.5724,405.6194,404.2033,402.9774,400.366,399.0204,398.9748,398.4856
392.0939,391.0191,392.5902,392.9744,394.5475,400.889,396.9641,394.5872,397.7563,400.2702,398.4156,396.4223,395.1239,398.1225,396.1241,394.079,391.4815,394.9898,396.8106,397.5754,398.3768,399.0009,397.3845,403.7607,403.8206,406.6393,400.4596,401.2571,405.8423,402.491,402.5885,402.8798,404.6172,404.0999,408.2643,410.316,404.4443,404.1343,403.3185,402.1835,402.6715,401.105,400.7055,396.629,399.936,400.4487,397.6576,400.8763,401.9799,399.507,396.3265,394.9619,394.0535,393.9944,392.7019,395.5386,398.6721,394.3345,391.5791,391.9413,391.3272,387.9134,386.9676,394.2543,397.6964,392.8094,387.4727,379.0434,368.1497,360.3802,354.8496,356.0293,363.3942,367.8997,375.8943,383.5667,389.499,393.0995,396.489,398.8414,400.0417,400.2155,403.4914,406.5878,407.3131,407.1955,403.7195,402.7534,403.741,401.3192,401.8079,401.8934,402.1079,403.3539,399.7823,394.4715,393.4441,389.6237,390.8986,392.1734,396.2127,395.5793,398.7208,393.5436,397.7401,402.9664,396.1245,398.8374,398.6039,397.7589,400.3525,400.162,400.8391,403.157,401.6316,400.2008,403.0455,401.0688,400.4745,401.1006,404.6664,406.1432,402.5183,399.4852,398.4496,398.2622,398.3016,396.7091
388.3111,389.7427,390.1701,390.9391,395.0451,400.5515,395.4229,395.329,400.1012,398.6293,398.7214,397.5111,394.5851,403.6774,400.0988,398.2199,394.8436,397.5627,395.4295,394.2265,396.2559,398.0737,397.1642,404.8656,407.724,409.5407,404.4619,401.9896,410.0664,405.5371,403.3147,401.2361,405.0566,406.763,408.8099,407.4914,403.3609,401.4021,401.163,401.1701,399.4684,398.5814,397.601,397.8748,400.2225,400.5305,400.3106,402.6397,404.0453,402.1393,399.0864,399.3243,396.9176,399.0276,397.8516,397.1314,399.1246,394.0542,393.3592,395.0807,392.7289,390.5828,389.5215,392.699,395.9502,392.8729,386.8168,378.9368,368.1478,358.2389,353.6826,355.9785,361.1676,365.9794,372.4923,380.6897,390.478,394.9695,397.6558,400.5175,399.7436,398.2473,406.0019,410.1176,407.7518,405.5561,404.4064,404.2686,402.433,402.854,400.4712,400.43,400.694,403.7137,399.8068,397.004,397.8299,398.232,397.3893,396.5465,402.6477,401.577,400.7976,398.9199,398.3241,402.4796,399.7813,401.804,401.3643,400.477,399.8343,398.7991,401.8597,400.7962,399.1185,398.0638,404.9583,401.2482,400.2969,401.8978,402.9889,402.1546,400.7205,398.9615,396.7924,395.6678,395.1995,395.3212
381.8204,384.4401,385.2478,387.1816,392.5926,397.1568,395.5047,398.9617,401.5804,400.1817,401.162,401.6873,401.7863,406.7769,406.6833,404.4955,399.0479,400.641,401.5618,397.6343,396.7856,395.9845,396.2554,403.3843,406.2442,408.1518,404.0891,402.2124,409.8034,406.0737,404.8595,403.7974,404.8059,403.9949,409.3443,406.1883,399.0669,400.7041,400.8011,400.2992,398.2252,401.4522,401.3437,399.7152,406.9174,407.4555,405.0955,405.6703,407.836,407.0702,404.8647,401.1057,398.445,402.0128,399.5411,396.8582,396.907,393.2162,392.2348,393.4331,393.1547,393.368,391.6898,391.7214,393.1625,390.413,386.3472,380.5131,371.3446,361.0965,356.7638,360.2534,363.844,368.5784,372.0433,378.0396,388.0071,394.2223,398.6589,402.0689,402.3597,402.4124,406.6891,406.8029,405.1138,402.837,399.7578,403.8253,399.0724,402.0411,401.8939,401.0488,400.1026,398.1825,397.8311,398.3412,397.1712,399.5568,397.4858,395.4149,406.0131,401.9338,401.5916,398.2251,395.3885,400.5972,397.8008,403.1844,402.8485,401.5374,398.534,399.0256,402.1671,399.7247,398.9851,397.6949,403.3098,402.6051,401.7501,401.8696,403.7846,401.3774,398.6219,398.6116,398.218,397.2797,396.4306,397.6957
379.5695,383.5775,385.1889,387.4883,392.3074,397.0296,397.1792,400.7945,401.5283,401.0699,403.0229,404.6151,404.3692,403.2934,406.5567,406.9822,399.1795,404.6746,405.7385,401.5966,399.2245,396.8047,394.2011,401.899,407.0149,409.7461,403.059,400.4066,409.5543,405.5554,403.7617,402.1076,404.477,403.9582,403.1128,403.3072,398.7255,397.6532,399.0594,400.8,399.2855,403.6923,404.7567,402.7955,410.5776,411.5039,410.2984,410.8875,410.4473,408.0384,405.0292,400.772,395.5929,398.5259,397.2929,394.8619,395.7792,391.0482,388.4496,390.2397,391.3991,391.8674,389.1302,386.69,389.1214,389.7959,385.942,381.9925,376.107,368.8526,365.8477,366.0331,367.224,371.266,372.911,377.2655,385.652,390.6784,395.866,398.915,401.1152,403.7419,406.9784,403.0598,402.8516,402.481,401.0546,398.4792,398.8199,401.006,401.531,400.0087,398.6081,398.7019,400.6927,394.9748,394.1261,398.9996,395.9968,392.994,402.7432,403.9154,400.0579,398.3188,395.8519,399.9935,399.2245,405.2464,404.3333,402.3025,401.0558,399.8685,405.3426,402.1943,400.0959,401.1568,405.3081,404.3702,402.3867,400.7289,403.6808,402.8272,399.7297,397.1532,397.377,398.041,398.1661,398.3133
382.1149,383.5299,385.0561,387.5364,393.2957,399.0581,400.1522,405.2504,404.1531,403.066,403.7059,404.6441,406.5683,407.239,406.4508,407.1371,400.5753,403.8954,403.9321,401.5683,400.9743,400.1106,395.8284,403.6103,404.1293,405.1102,400.7935,400.3432,405.3939,402.308,402.2593,402.3836,400.1252,403.6746,403.5812,403.6573,399.0537,401.3029,402.4472,403.1288,403.404,405.4052,406.1432,403.7973,411.4125,410.8325,408.3338,410.6249,407.2943,403.7882,401.6263,400.6649,395.0449,397.585,395.0691,392.358,393.6183,389.0457,383.2005,383.275,386.5069,387.2294,384.675,383.8486,388.1636,391.1113,389.4168,387.3146,381.6247,375.3918,372.5809,368.246,370.3011,375.8232,375.0984,378.2025,387.5349,391.5842,393.6931,397.3868,399.3175,401.9892,401.963,398.9798,400.6756,402.1704,402.0654,398.6153,396.4339,398.4503,399.9934,399.5296,399.0618,398.7805,400.6478,389.1119,394.1177,399.5636,395.7987,392.0338,403.9445,399.6554,402.4698,399.3635,398.5025,401.3999,399.6425,406.9919,404.3519,400.1196,398.6094,401.8839,407.0021,403.2679,402.8412,403.2716,405.466,402.3486,400.5941,400.0376,402.8299,403.2359,399.0312,396.4243,397.6974,398.8877,399.3094,400.864
382.4732,383.813,384.9577,387.0172,393.564,401.5385,401.5456,407.9514,407.2327,400.5719,401.6342,402.9948,405.422,406.8658,406.3118,406.7074,402.0299,403.8592,405.1306,403.6255,403.1588,402.2082,394.7607,402.169,405.9989,406.6945,397.3835,399.249,400.9522,401.501,401.1617,400.7787,403.7155,406.3962,405.688,408.9107,405.1589,405.5205,405.2308,404.6418,406.1173,406.7229,404.198,401.9424,406.5219,407.6895,406.9915,408.1246,404.8347,400.4326,396.5358,397.8741,396.7106,396.9681,395.2239,396.0478,394.8363,386.425,383.8378,386.9331,389.359,389.4301,386.71,384.1046,385.8195,388.104,386.4519,383.566,377.7574,372.2989,369.2119,364.64,366.2759,375.048,375.5938,379.7782,390.6252,396.1421,395.3092,397.5636,400.1433,400.5474,397.7013,398.1836,399.8365,400.925,399.5447,398.7852,399.5687,398.1509,395.4163,395.6721,395.942,396.7424,401.5307,390.7583,394.7256,401.158,396.4617,391.7653,404.1641,402.5254,400.3335,400.6163,396.0009,401.1812,397.6376,404.508,401.6881,397.2865,399.4104,401.4293,406.6747,402.2535,400.2072,401.5583,404.476,398.9899,398.8555,401.6862,401.391,399.445,399.9196,398.5057,400.6211,402.8819,403.6848,400.9464
375.2374,378.8749,378.9186,380.8339,389.2014,399.4747,402.4249,407.2308,404.0856,400.8985,401.1979,401.0089,400.198,404.535,406.2255,405.7792,404.0776,407.4538,407.2688,404.1823,402.4039,400.5727,398.2277,401.2985,402.7334,407.8832,398.2338,400.0125,401.7129,402.2619,401.3195,400.3022,406.0807,405.3534,407.3996,412.9847,410.7004,409.9614,408.68,407.2014,405.8981,406.4567,407.7423,401.5468,403.6989,402.448,401.0263,405.626,405.9777,403.4316,400.8051,403.8027,400.5789,397.8822,396.7519,397.0945,394.5559,389.5336,387.7511,389.2993,391.8505,389.9657,387.8311,386.6967,385.7279,386.4776,385.249,380.068,371.3354,366.188,364.0813,359.8293,358.7603,369.6679,372.5423,377.5418,387.587,396.4859,398.7249,399.3659,401.0999,400.4058,396.5037,400.4203,400.9298,398.9036,390.2139,402.7185,404.1725,400.9018,396.8747,395.0141,393.5269,396.0055,397.071,388.2975,395.2946,401.3221,397.4298,393.5375,403.1874,397.7665,403.4584,402.8392,395.6012,395.5868,392.8966,399.8601,396.6591,391.8344,392.746,397.5753,402.1593,397.0842,397.3618,399.3898,401.9841,399.757,400.0926,401.9505,402.5075,399.4071,400.8496,400.7925,401.5724,402.8903,403.6087,402.4391
365.0957,368.9849,370.2556,373.385,382.9891,395.3917,400.0337,402.6518,403.1356,399.6869,399.9855,399.9327,399.7992,404.5334,405.3748,404.4069,401.9416,406.4969,405.7183,403.4324,401.993,400.7651,402.5641,401.5457,402.7791,402.2446,397.674,398.6494,400.9105,401.0724,402.1619,403.3035,407.9992,407.7633,408.9714,413.6158,412.5291,411.4364,409.8677,408.1767,404.772,405.961,407.1597,403.2557,401.3786,398.2339,399.4285,404.7336,405.9393,403.7303,400.935,403.5404,402.3687,398.2924,397.7245,399.3312,397.6318,395.0425,395.2172,395.6238,395.1681,394.4203,391.9494,390.0396,390.6054,389.6232,386.3207,379.9301,369.1227,361.7296,362.1433,361.7304,359.8465,365.7788,369.839,374.4972,383.3387,394.6564,396.9387,400.1548,400.3222,399.4487,398.9847,402.0945,401.6301,395.8856,377.5375,408.1559,408.4169,402.0141,396.2477,394.3025,392.4144,391.0778,388.402,378.8153,393.1665,403.2654,398.4417,393.618,400.5806,399.7832,401.7736,401.4916,393.1112,393.1469,389.3264,396.9023,395.1037,391.7604,391.6069,393.7849,396.3928,393.4269,396.7516,397.5471,401.5007,400.4813,401.3305,403.6123,404.4109,401.7718,402.6554,400.5966,399.8596,401.9439,404.4404,403.8613
357.3512,364.5218,367.5697,371.1748,380.0342,394.6133,398.9559,400.4301,401.3796,402.2417,401.7353,400.7836,399.6354,404.5136,405.833,405.3676,401.8313,405.0184,403.5527,402.1047,403.1202,404.0511,403.6181,401.4995,403.9449,401.9299,402.3532,401.9366,402.3433,405.1345,404.3903,403.4586,409.9476,407.596,411.6427,412.7487,410.9923,410.5369,408.1314,405.2968,405.794,408.7539,407.767,403.8102,403.6739,399.7995,403.2411,408.4062,407.7414,405.5005,403.5522,405.0004,403.2615,399.8431,396.579,397.809,399.6279,396.8148,394.7026,394.5157,394.1006,393.6357,390.9059,390.0966,393.0383,391.7491,386.2038,380.1241,371.5001,365.9617,369.8966,371.2247,367.6899,370.2361,375.7782,381.6054,387.564,391.451,396.3075,405.3789,403.2338,404.0836,403.09,404.8096,402.1862,390.1007,355.3791,408.3593,408.9329,403.0438,396.6634,393.9561,391.6223,392.6182,384.5267,378.0355,396.2865,402.0975,400.4481,398.7986,401.5392,401.3675,405.7434,403.675,394.2083,395.4799,390.1166,399.5193,399.08,396.9641,394.7743,395.2469,396.5394,395.0992,399.0831,400.3292,402.5277,402.1643,402.2784,402.9525,405.1366,402.1243,401.9477,400.9881,399.8545,400.7857,402.4357,403.4896
359.9933,366.5025,372.3433,376.9085,383.6608,398.2767,402.4887,403.3598,403.197,405.0071,407.2085,407.75,403.8425,407.6784,405.9559,406.9944,402.239,401.2462,403.7935,402.881,403.0081,403.254,405.1623,404.6602,404.3635,406.0385,405.0227,405.3514,402.4596,404.1515,405.4904,406.8023,411.3558,409.3339,409.8825,413.7215,410.6887,405.6025,405.5392,406.4705,405.1373,410.3617,409.6989,408.0789,406.9391,403.8945,407.6819,411.8082,409.2564,407.7136,407.7549,407.6581,402.9687,401.3175,400.7361,399.5518,398.8772,397.9111,394.785,393.2059,394.1857,394.6567,393.0329,393.2957,396.4199,395.6139,391.2115,384.6038,376.5078,371.427,375.8551,383.1519,377.3388,377.3989,380.8679,385.5367,392.1289,394.561,396.1543,407.659,405.9359,406.2072,403.3526,406.5732,403.7801,386.1446,331.2643,406.9397,409.4591,405.8471,403.4001,399.6346,396.7923,402.5693,391.0758,383.713,400.4786,403.3048,402.7555,402.2062,402.7874,402.1447,410.8874,405.3084,403.0567,398.781,397.5811,403.7342,403.2387,401.6731,399.998,399.4985,398.1339,398.7087,400.8159,400.2927,403.2701,403.585,402.7531,401.989,404.11,401.3687,400.3828,399.2818,399.0129,400.3694,402.0619,403.2878
372.8574,378.41,382.4307,384.9503,389.5194,402.2736,404.551,406.2552,406.1445,409.3214,412.3684,412.8318,406.5382,412.787,408.7285,407.5872,405.0832,402.4492,404.9526,403.6399,403.5978,403.8756,408.8268,411.2142,411.6364,408.0262,408.8726,406.946,403.6729,405.9246,406.6493,407.2844,409.8335,409.6182,410.8524,413.4848,411.215,408.0233,407.8602,408.2829,408.088,412.7428,412.5697,411.0988,412.047,409.7875,411.135,411.5133,410.8104,410.0458,409.2411,407.0735,402.2352,402.8655,401.7756,399.241,398.4057,395.9207,390.7961,389.5553,392.3532,393.3506,391.8181,392.97,398.0336,398.7114,393.9708,387.613,378.8271,371.0437,374.8318,385.1861,381.3916,379.2414,382.8381,387.2399,393.0213,394.3876,394.2365,406.7808,404.6681,408.1061,405.5887,403.6328,399.1042,378.0557,316.5683,404.4772,407.1728,409.8551,409.1007,405.7157,403.3367,410.354,398.7502,393.4402,406.944,402.3155,404.9824,407.6493,408.5216,405.5792,413.1692,407.7696,408.4513,401.5615,398.8358,399.7954,400.4458,400.9963,397.9944,396.961,399.8518,400.0828,405.321,405.315,405.4371,404.9902,404.2662,403.5876,404.3532,402.1886,398.2915,397.9748,397.0154,397.3226,399.0998,402.6832
391.6208,392.7334,393.7065,393.7368,395.4888,402.8759,402.9972,404.8327,407.0323,411.3402,413.0743,411.8573,403.4673,411.5262,406.9064,407.0808,407.3262,402.6042,406.298,405.7112,408.5896,411.5631,415.644,413.437,411.07,408.8845,409.0536,406.2813,403.3205,405.829,405.8021,405.6335,407.9649,408.6568,409.3158,413.5729,411.1223,406.7729,408.9615,412.4306,410.5441,411.3922,408.7462,411.2332,412.4386,410.1609,410.5384,411.6274,410.1058,409.1038,408.8074,406.0346,401.9173,400.2213,400.1756,399.8017,399.324,395.4411,391.4349,390.7449,391.171,391.6387,390.3964,393.6108,399.3913,397.7467,392.4138,385.7582,377.9469,369.4089,369.4134,379.7502,377.5693,374.7676,377.6033,381.9815,388.506,390.6761,393.2439,403.8576,403.6212,407.2564,405.4206,403.0236,399.2565,377.9798,313.5928,406.2234,408.1777,410.787,407.2186,406.2033,405.6263,409.0473,402.916,396.821,405.4066,401.1917,403.6467,406.1017,410.0619,406.3796,413.2851,412.8889,406.4473,396.6408,386.3378,383.3876,384.3201,385.6746,387.1,392.6287,397.4506,403.0281,407.9312,407.6512,406.7342,405.8015,405.0337,404.3558,405.8383,401.9858,397.9156,398.7001,395.5298,394.5588,396.5901,400.9443
405.2966,403.6933,400.3069,397.5057,398.7003,403.6463,403.4352,404.9247,403.246,407.5679,410.7825,410.9521,402.5746,407.3639,404.0168,404.1894,409.5617,407.5159,409.8115,407.5196,409.4248,411.47,415.3048,413.016,410.4987,401.1073,405.17,402.6781,402.041,403.0816,404.4245,405.7799,409.1668,409.7968,412.5588,413.3702,411.0909,408.3098,408.4977,409.2575,409.8787,411.1436,407.7421,409.2518,410.9747,409.7123,408.2733,408.5374,406.72,406.2524,406.9298,404.6017,398.0932,398.9822,402.0026,400.7607,399.3598,397.4309,392.9624,390.356,390.2302,389.5993,389.4792,393.3935,397.925,395.688,388.8742,380.7563,375.596,371.7789,368.0232,373.974,373.6532,369.8988,369.8574,372.1231,378.4813,381.992,386.1256,397.2172,402.4734,404.0265,404.9281,404.8876,400.5699,380.3737,321.5812,406.9777,407.0974,410.6711,404.7765,401.1367,397.8561,398.3826,397.861,394.6189,398.1809,396.3359,395.6165,394.897,401.0713,400.0862,404.5848,402.2043,400.0425,386.3573,369.8701,362.9059,364.7081,367.5861,374.2657,383.2519,393.8113,400.2136,409.0307,410.2081,408.0981,405.6006,405.9571,407.3538,406.6839,400.2279,396.8311,396.9703,394.9987,396.2304,400.0816,402.2026
406.7518,405.5445,401.5229,397.3828,395.1926,398.2794,400.791,400.5905,400.2926,403.4944,408.3589,409.7594,401.4686,407.4673,401.6235,405.396,408.0092,408.0781,410.2422,409.8495,408.9192,408.0944,408.9371,411.169,407.0919,398.4265,397.9182,400.1818,401.3032,401.4236,403.1192,404.8982,410.0371,412.5287,413.8955,417.6275,411.3449,409.6099,410.8835,412.5315,410.7787,408.4381,403.5654,406.0511,409.7442,408.0876,406.1172,406.9729,405.554,405.5461,406.8164,404.0791,399.9618,397.249,398.9372,399.2325,401.3582,401.2759,396.9655,393.9879,392.3367,390.9707,391.7043,395.1148,396.8542,393.3107,386.9203,379.4836,376.1932,376.0772,370.8035,368.8984,367.6409,364.2664,361.8558,361.1798,365.5327,372.261,378.7285,389.1082,398.1895,401.8495,403.7353,403.9265,400.709,384.7667,337.7873,405.0976,400.8182,402.9409,391.6432,388.7222,386.0277,386.0681,389.729,389.6364,391.0315,385.2947,380.8084,376.322,381.6113,383.7335,389.7432,390.8016,389.8291,373.8209,359.0685,353.9292,354.3228,355.3385,367.3297,378.2633,392.4748,398.5403,408.3303,409.4036,409.4806,406.8585,405.0968,404.0396,403.3693,400.1002,399.4698,399.6403,395.9354,396.3198,400.0442,403.9753
400.2819,401.0568,395.1726,390.4189,389.0511,389.2602,389.8945,394.2631,396.5217,402.1536,407.1022,409.3055,403.1256,406.6143,406.1216,407.5163,408.5793,406.6636,408.7726,406.0268,406.3239,406.5284,405.4317,406.2222,409.8685,397.8152,393.7514,399.2658,402.6933,405.5073,404.8417,403.997,409.7152,413.7453,415.5082,418.2269,412.2273,407.823,408.8269,410.7705,413.2606,408.5923,404.3921,405.7834,409.298,410.072,408.2165,406.9093,406.0633,406.3201,407.0829,404.9509,399.5669,397.48,396.9662,398.9225,403.894,403.1534,397.2716,393.6085,392.0402,391.635,390.351,390.868,392.935,389.1245,381.4646,374.9631,375.3405,380.6552,377.6692,369.3459,366.6783,366.4003,362.4668,358.7407,358.998,367.1616,374.4221,381.2514,392.0381,399.2615,399.6061,402.2301,402.3136,391.9914,354.4123,401.7717,395.1522,396.995,384.1534,380.2159,377.1878,383.9297,389.6581,385.3944,385.7314,374.6887,366.6469,358.6053,362.9288,368.7327,376.4402,377.9064,379.0847,366.7593,353.2165,351.0414,352.6138,354.5182,366.7171,378.3015,391.0552,396.7422,405.9286,406.6342,404.5177,404.1171,404.3817,404.6795,404.8221,401.7325,401.2173,400.8814,398.9235,400.5765,404.5125,404.8604
398.251,397.7987,392.8877,386.9685,381.0043,376.8828,372.4448,386.2166,393.102,399.6464,407.4303,412.3236,407.8621,410.9677,408.491,408.9656,408.7087,405.9432,409.0506,406.9138,405.4332,403.9181,402.0975,404.4756,406.9537,402.5202,393.6308,393.3955,402.5815,408.3025,407.4527,406.2697,410.4782,412.8226,416.7558,415.5366,411.9044,408.9489,410.307,412.4618,416.0891,411.5593,407.5868,411.4648,413.2517,412.4808,409.94,408.8253,408.5467,408.0328,407.3993,406.5142,402.6645,400.8686,401.2603,401.7362,404.5797,403.8675,397.7794,394.031,393.2227,393.3597,392.5857,390.5047,390.1888,387.4203,380.1416,375.6933,376.9615,382.1963,383.2639,374.4195,368.391,368.5689,366.8793,364.1292,362.1996,368.0094,373.904,376.7995,387.0281,396.5143,395.8706,400.0007,399.6185,393.322,371.9566,400.5541,396.0413,394.5928,384.3201,382.5404,381.1418,384.4693,394.5711,383.3193,383.0558,368.3348,359.6579,350.9811,348.2768,358.0909,368.1666,371.0378,374.1216,365.7615,359.6545,361.5787,364.2344,366.8583,377.3024,384.9945,393.0307,397.5067,402.9368,403.3304,402.9205,403.897,404.2889,404.3336,403.7407,402.1848,402.2794,399.9148,397.1205,399.1622,403.5639,403.8358
402.605,398.1813,395.3441,389.971,381.036,368.6633,353.654,379.6351,388.7803,397.6833,405.8056,411.5677,409.7191,413.1292,407.6426,407.9092,409.1696,404.4717,406.0079,409.2808,407.1652,405.3509,407.8885,407.2452,409.7851,404.3592,398.0939,399.4739,405.2135,409.1755,407.639,405.8212,409.8253,412.2307,416.2485,416.2329,409.5518,410.0204,411.3817,412.647,415.968,411.9425,410.3039,412.5471,415.9094,414.4831,414.5508,413.1641,411.7759,411.6875,411.9855,411.8647,407.2754,405.8736,406.747,408.2764,408.6042,404.7813,399.8394,396.2036,393.0659,390.7212,389.4988,390.1899,393.4065,392.2066,384.6741,379.2377,378.9155,383.8069,387.1636,379.1965,371.3488,374.5101,373.3292,370.4608,367.799,372.5122,374.5498,378.3713,388.3791,396.5413,398.53,402.2954,403.3522,402.4067,395.7719,403.3942,401.2918,400.5839,391.9668,390.9057,390.2654,394.0396,395.2846,381.4841,382.1832,366.6662,360.5284,354.3907,352.8043,364.213,371.4312,373.4953,377.5566,375.965,371.6324,381.1415,384.545,386.8304,393.6365,395.6871,398.8389,399.8864,402.8543,404.3187,403.7422,404.6352,403.6716,401.8123,403.4769,404.3117,402.186,398.4647,396.6083,398.5496,401.978,401.9741
412.8689,407.2998,404.2083,398.9,389.3055,369.0324,343.65,376.8082,386.9557,395.9499,403.9024,409.632,407.511,408.166,404.1861,406.0806,408.0216,406.1737,406.3475,411.6647,410.0148,408.6741,411.6966,409.5233,412.7455,408.276,406.8361,403.0406,405.4359,408.7913,409.2825,409.6238,412.2328,410.1744,415.209,418.0057,414.3613,411.1616,412.1009,413.7889,416.9142,413.3589,409.2807,411.0869,415.3831,414.6174,413.715,412.8577,412.5872,412.5286,412.4037,413.6966,410.0607,406.909,408.083,411.2875,408.7559,401.2641,398.5647,398.5898,397.4395,392.8536,389.7603,393.7763,399.0554,397.5504,389.8488,385.8235,384.7058,385.6605,389.6997,383.6922,376.04,377.7387,379.6064,379.6234,377.5717,380.1555,382.51,383.0696,390.9301,400.7774,404.5679,408.4986,408.7511,409.6069,412.3486,410.6211,407.1587,407.6303,403.2843,403.4921,403.481,400.7809,393.4676,382.0683,382.3539,375.1402,372.3035,369.4669,373.2697,379.9634,384.7041,386.3183,388.8578,391.7143,388.8589,396.9098,398.8322,399.6786,405.1897,401.5978,402.1168,399.2043,400.9689,402.0937,401.8248,401.3867,400.5947,399.6673,403.6989,402.6784,399.9124,395.2062,395.2106,397.1031,398.246,400.7083
416.1678,411.6938,410.3376,407.283,398.6379,371.275,339.684,380.5265,387.2451,395.3181,401.535,405.6572,403.2961,406.5229,400.9035,402.4102,408.5148,404.3148,406.2308,409.7829,410.7576,411.925,415.3308,406.5157,413.8082,409.6978,411.8139,408.0439,407.6207,411.9363,413.8503,415.6311,415.0703,413.3028,417.2723,421.1113,415.8123,412.3012,411.5709,411.269,413.88,414.406,410.9828,409.7215,412.0615,414.7098,413.1602,409.0864,411.2323,411.7902,410.3112,412.3091,409.0887,406.6635,406.847,408.7174,406.1899,400.0436,398.2859,399.4341,400.2715,396.6881,394.2346,397.9022,402.5249,401.8023,394.905,389.0941,386.5117,389.2164,393.2359,388.3029,381.8209,385.5661,388.4084,388.4046,385.3088,388.6248,391.2387,392.7145,396.4718,404.143,408.6146,414.2478,415.601,416.6143,415.6209,411.9081,407.3656,408.4675,408.2015,409.9743,411.1871,406.0019,395.9868,384.7539,383.587,385.6892,386.9158,388.1425,392.0799,395.0684,399.4911,399.6555,401.8531,402.2036,398.0926,400.4517,398.3702,395.5341,400.7711,398.1544,396.1662,395.8169,396.4669,398.4933,397.5005,397.3805,395.8389,393.5576,398.1504,399.1876,396.6624,393.8445,393.5331,395.3037,397.5048,398.8311
413.0914,412.1321,409.9715,407.8,401.3661,370.3369,337.6257,384.7438,391.4857,397.0756,401.8527,403.885,398.174,404.5429,405.1703,406.8453,407.9736,406.7445,407.9425,411.2056,412.392,413.4775,412.7026,405.7115,413.8467,414.3523,415.0287,411.752,412.9128,415.0792,415.9149,416.6799,414.4784,417.8659,420.1763,417.8206,413.9074,409.8431,411.2085,413.6157,411.7932,412.2291,410.974,411.4966,410.7765,409.0408,410.131,408.9507,407.4191,407.5104,408.1482,408.2552,405.0323,401.8763,402.6794,402.2004,401.3987,399.4867,397.3609,397.8783,399.6031,399.1218,397.9939,400.1612,404.1566,402.888,395.6945,389.055,386.3363,390.1319,393.6719,390.8731,388.1012,389.64,392.7797,393.6059,390.9189,393.1066,398.2668,399.0773,399.9128,405.7589,410.4361,412.8571,411.9667,411.0688,410.5236,410.0066,401.3584,405.2944,407.3323,409.5698,411.3515,407.8112,398.9065,390.3789,391.6948,391.5709,394.4907,397.4104,394.7666,398.8112,400.1186,400.9823,406.791,407.0681,398.0987,396.3299,390.8995,384.804,389.6162,392.519,389.9877,390.8636,390.9983,395.8547,396.9656,395.3878,395.1605,395.5466,397.381,397.3574,394.9341,392.0602,394.453,396.6987,397.2914,399.334
407.1025,405.1798,407.2108,407.9951,401.993,371.9547,341.6789,392.1261,396.9091,402.0848,406.4806,408.6194,404.5743,410.7335,409.8739,411.1364,413.6996,409.6923,410.0045,411.3657,411.1125,411.1075,414.3293,408.3184,416.4395,416.2554,414.4764,413.9547,415.9195,417.1321,415.9857,414.7187,414.0022,419.6291,420.1337,413.4779,412.4804,410.7469,411.3734,412.51,412.8503,408.892,407.6705,411.0128,410.5468,410.6435,410.6248,405.4549,406.6349,409.2318,410.8434,409.1133,404.386,399.3353,400.1392,400.6409,400.7451,401.0867,397.791,396.4542,398.5162,398.6363,399.2939,401.1435,403.1599,401.886,395.0735,387.4739,384.1094,388.6285,392.9207,393.5013,391.1799,391.0493,393.9784,394.6626,392.4211,395.0519,399.9746,402.4752,398.9987,404.4075,411.5367,409.9077,409.1443,407.9016,405.5439,406.631,400.3856,403.6157,407.005,409.9189,412.1326,406.8292,401.8245,395.9723,400.8828,397.1467,398.3309,399.5152,393.254,396.9536,400.8491,402.5813,409.388,407.9629,399.7995,394.539,388.1205,381.4745,387.2077,391.9325,387.3934,390.3014,399.0818,400.0545,402.7312,401.326,400.8578,401.3715,399.5253,399.6553,398.5634,397.6923,398.7352,399.346,399.346,401.9846
404.3557,402.2333,403.8409,403.8563,398.8444,375.2768,347.7167,394.5845,399.7758,406.2869,408.2686,409.2517,407.982,412.9644,412.9946,413.5408,417.3272,412.0963,408.1129,408.4872,409.2505,410.2513,414.3309,409.2973,415.1057,419.3735,416.6628,416.0497,415.8568,413.8867,415.0378,416.3538,413.8048,415.7679,416.4019,415.7844,413.5593,411.6815,411.2117,410.9932,413.0687,408.7979,407.3558,410.1114,411.1844,408.9219,410.0345,407.1273,409.4261,411.4796,411.9486,411.4415,407.5347,404.9039,404.9113,405.2028,404.1897,402.7473,398.5746,396.1824,397.2269,397.8212,398.6356,400.4552,402.2239,400.3728,394.8725,386.9501,381.4864,384.6382,391.102,395.304,391.5124,390.7466,392.4913,392.5644,391.7267,396.3045,400.5546,403.7266,400.4064,403.1949,410.4977,409.5911,407.1765,405.9301,409.3541,408.6713,402.5395,407.6167,406.1078,406.9039,407.5104,406.2879,407.4052,401.3408,410.4867,402.5446,401.3582,400.1717,392.2906,398.1714,400.7794,404.1134,412.0672,412.3638,408.0435,399.3929,391.4356,383.6462,392.2194,396.9031,393.3368,397.7358,405.6274,407.8405,411.0618,411.6475,410.6281,409.4493,407.9448,408.1419,407.2601,405.7701,405.5721,405.8309,406.0003,407.7758
401.8928,400.8556,400.0922,400.448,401.2717,384.0323,360.583,399.0074,406.0715,414.5345,413.3823,410.6152,405.0912,412.782,409.9267,411.4533,413.2847,408.4464,409.9626,412.5712,412.4871,412.36,411.5219,409.618,413.6314,411.359,412.0359,414.4738,415.7538,414.0793,415.4844,417.0545,414.8381,420.9113,418.5309,413.4204,411.0276,411.8251,413.8711,416.0661,414.2004,414.9722,411.354,413.8228,414.5887,412.944,414.2949,410.2155,408.7143,409.0734,409.2464,412.6465,410.967,407.5139,407.1566,408.2629,407.3908,405.3068,400.2194,396.4021,395.7517,397.3708,401.358,403.6497,405.2857,403.1663,394.9142,387.1253,384.988,388.2046,391.8757,396.0693,392.6504,390.4338,394.6352,396.647,395.5349,398.0914,401.9352,404.6325,401.6216,402.6112,409.8579,413.9393,412.0329,410.4131,409.9328,408.1341,404.6679,410.3117,407.4984,407.4043,407.5843,410.2976,407.3141,402.5197,420.0529,406.5259,405.5934,404.6609,400.1249,405.5196,407.6972,411.8885,416.6729,412.7213,410.5843,402.4785,396.4798,390.8914,400.8777,404.8574,406.9217,405.5413,414.0604,411.7672,414.2483,415.6191,414.7487,413.5282,413.9267,411.8969,410.6997,410.9882,408.6226,407.5608,408.1112,410.9142
404.7608,402.6966,402.1871,401.6273,402.383,395.5392,379.7906,405.9804,411.5265,416.4406,416.3042,413.8339,404.2234,404.3893,408.9865,414.9246,414.3198,410.1165,410.0045,415.5909,415.2103,414.6357,411.3531,412.2235,418.4531,418.9683,408.7186,413.1781,415.3311,418.0158,416.3,414.3553,411.9461,417.8733,420.0225,414.3234,411.163,412.4391,414.1675,415.854,416.4336,413.3172,408.8661,413.4714,414.8789,414.7399,416.0905,411.4901,408.1445,408.5729,409.9739,412.4588,409.0191,406.9418,407.3194,407.7148,409.5,406.194,399.8608,397.859,398.5622,399.2558,400.9634,403.4737,404.9667,403.3394,399.1098,393.3772,388.847,390.1284,394.7793,397.1163,394.4872,395.4354,396.4195,397.8348,399.8084,400.7256,401.0801,400.9303,399.7425,402.1202,406.924,412.7271,412.6419,412.2786,410.986,409.8149,402.7874,406.7089,404.4081,405.5409,406.9659,411.2688,411.7103,407.7819,417.5316,407.6934,408.1158,408.5382,410.3711,413.3011,414.2308,415.7962,415.8992,409.7616,405.8303,404.0052,401.3596,398.5652,406.2516,410.8273,412.2339,409.2069,412.8641,409.8351,410.4066,413.7674,412.5293,409.5308,412.3449,413.2877,411.0346,408.4449,406.3724,406.7482,408.3991,411.2188
404.4253,405.1508,403.6676,403.4767,406.4695,404.5796,395.3619,403.4192,407.8238,412.5389,415.7905,415.1844,403.1442,406.2716,405.7917,414.2644,411.7304,408.9212,408.7735,410.822,411.3734,411.8047,410.5924,412.672,420.6014,415.1015,411.543,414.2017,418.3037,416.892,416.1717,415.4977,416.8609,419.3786,418.5901,417.2582,412.7514,412.5952,411.9518,411.0551,414.7183,417.4239,410.2668,409.2497,410.7175,409.4497,412.1704,408.1047,408.7442,409.7923,409.415,414.2986,410.7994,408.0684,408.6932,407.951,408.6348,405.452,397.5782,395.1306,397.6957,399.9453,403.1798,402.8225,401.7289,402.3687,399.4943,394.5656,388.555,387.4673,393.2377,400.4012,399.7343,396.9304,399.1438,399.4543,397.6611,399.3505,400.7307,403.1576,399.5424,402.5453,407.2324,409.1935,409.278,409.3476,409.4933,408.9287,402.173,404.6862,405.9528,406.7453,407.6073,409.2227,410.4256,404.5338,413.9427,406.4342,406.518,406.6018,410.6024,414.2505,409.6028,409.4875,411.2266,404.9318,404.4103,407.8276,404.6341,400.4424,409.4238,413.3795,414.3793,411.098,411.3505,407.2472,409.0718,407.3976,405.6375,404.5448,405.996,408.5761,407.1166,405.8239,404.9585,405.8222,407.8542,409.7383
408.9352,408.7721,407.4581,406.9579,409.2062,411.7502,408.5303,404.3238,406.3024,413.7339,413.7661,412.1836,404.8485,401.2541,403.9551,411.5983,409.3079,406.6976,407.185,411.465,411.9735,412.084,406.7957,412.7867,420.3033,414.8835,410.9003,415.1536,417.7968,417.6386,417.7901,417.9628,417.7502,422.2616,420.5848,417.3104,415.1037,411.7703,412.0797,413.1311,415.5826,417.7575,413.9461,411.8406,412.1327,411.7558,415.3621,414.0883,410.1951,410.2217,412.0471,415.4579,412.113,411.3925,410.5235,408.5853,404.8158,400.9959,397.4381,395.4116,395.4346,396.0204,399.4753,398.8122,396.9406,397.8937,395.1039,390.9587,386.8917,387.7127,394.8382,402.1389,402.1065,402.6979,405.336,404.0235,399.0184,401.7932,401.6407,407.3373,406.4346,407.3279,411.1115,409.6457,409.6455,408.8567,405.3971,405.8886,405.798,410.6217,410.4581,411.2492,411.9374,411.3224,407.8502,399.9829,410.7295,409.4567,408.2702,407.0836,404.1285,408.2472,400.9456,400.9977,404.0213,401.1008,401.306,406.4285,406.7293,406.2638,409.2112,410.1064,409.6141,405.1135,410.2812,408.7464,408.0004,410.5812,410.0031,408.0215,402.6164,405.105,405.1503,404.6479,403.4731,403.9957,406.0703,404.1997
412.0264,413.6023,409.7043,408.176,410.8667,412.4697,412.7948,404.7592,405.8821,409.8186,411.6722,411.9198,405.9392,401.0983,401.7765,413.0851,413.3225,410.7324,405.9771,407.5596,408.0684,408.5602,409.0778,415.1977,424.0354,418.2704,413.1861,418.2724,418.2794,421.2932,419.9601,418.396,420.0836,416.8638,421.9271,418.9255,419.324,415.3672,413.4461,412.0829,417.3759,413.6233,409.5004,411.8188,413.1187,414.4115,415.1529,414.67,413.4712,413.2233,413.4817,411.5113,409.1364,413.9526,413.218,408.8254,405.9954,402.0305,402.2746,401.2749,395.9182,391.9368,393.2449,396.9285,400.4687,400.7372,395.2797,390.029,387.9969,390.5527,396.0156,403.3078,406.1523,406.5103,408.6412,408.7604,408.2707,411.338,407.6222,412.7869,412.4049,412.0682,416.6771,417.2497,416.4454,414.1637,406.5861,406.5258,411.8029,414.4125,412.1609,412.4427,413.0388,416.239,409.1827,402.826,412.7609,406.2512,406.3777,406.5041,406.9091,406.3375,401.0283,396.9623,399.5985,398.2246,400.6598,406.2633,406.0768,405.0182,405.6502,408.44,410.4648,406.4418,408.1225,407.0564,408.4973,412.7318,412.8777,411.3625,407.6496,404.8171,401.5789,403.9245,404.5364,404.1508,404.6581,404.2437
410.8537,411.5805,409.9283,410.1536,412.5823,413.3049,414.9066,403.7901,402.675,404.0022,405.008,405.0588,402.216,401.8366,397.8979,407.521,413.3015,411.7954,410.231,412.5374,413.3845,413.8122,408.6715,417.5251,420.4714,418.7636,416.3905,418.1322,418.3147,419.9484,422.0081,424.0871,421.1295,420.5038,423.4972,421.5898,419.4112,418.3055,418.0068,417.8297,416.7495,417.2898,415.5136,414.5933,415.3692,416.042,413.4015,413.9406,415.2243,414.1886,412.2869,413.1416,411.5004,410.666,411.8564,410.5172,407.5329,407.5168,409.1602,407.1829,402.502,399.1975,399.733,401.6298,403.6947,402.9612,397.2072,392.3772,389.6369,391.1463,397.8073,406.774,412.3852,409.6343,408.5468,408.6969,413.1634,417.2084,412.5022,413.0601,417.3824,420.0909,420.6634,421.1166,421.3295,420.1425,413.4913,412.0046,416.5615,416.8319,413.9629,416.1066,417.8456,415.5558,416.9564,407.4487,410.5943,413.6513,411.9142,410.1772,404.2012,407.1659,402.5808,403.9911,408.4434,406.5738,409.6329,414.1166,411.7966,408.4936,406.2709,412.1693,409.003,408.5451,411.582,414.0911,412.2776,410.9023,409.3851,407.6158,404.4858,408.5788,406.0441,406.2151,408.2284,407.5372,405.8842,404.6796
415.1105,417.5994,411.7943,408.3195,409.3082,409.9328,412.2689,409.719,403.2571,402.6159,400.7406,398.2698,394.3086,394.2487,396.9393,408.381,413.8476,415.0562,409.5273,414.8601,414.2238,413.8696,417.7782,422.3059,427.7589,422.8166,415.2737,420.3422,422.1716,424.1873,425.0954,425.9458,422.8153,422.8746,424.0526,421.7442,422.1881,418.4226,418.0346,418.4501,417.07,415.6831,415.2025,418.9159,418.6296,418.679,418.6342,417.0257,414.0225,412.3513,411.4666,412.3911,412.2342,413.3549,416.05,415.1314,407.1144,403.9604,408.3587,409.7309,407.5894,403.4479,402.307,404.4652,407.4148,406.7915,399.0035,394.3838,393.2133,394.4395,400.738,409.0624,415.0509,413.5903,415.0877,415.0785,414.0849,415.9441,414.1596,415.1484,416.4367,421.1012,421.7028,422.281,423.7233,424.3614,421.2153,418.4388,421.5874,418.7493,420.2335,419.6646,419.252,420.0006,413.8521,407.8372,412.9924,417.2205,415.7376,414.2547,410.3718,409.8477,412.426,412.7332,417.6264,415.8832,416.273,418.5468,416.5192,413.8514,411.2948,412.3791,409.9942,408.0531,413.0771,412.3296,412.0964,411.6344,411.0841,410.6285,405.7814,408.8482,405.7986,406.4207,407.5723,406.7465,405.9408,406.049
417.1465,418.1679,413.1259,410.6798,411.7793,408.8216,408.2652,406.4285,401.2145,399.8833,398.9824,397.9747,396.0014,392.7438,395.7948,405.2429,412.3501,414.8001,410.2179,416.1352,418.55,420.5689,417.1454,423.4091,427.0167,421.1835,419.149,424.0058,423.6723,428.2257,428.1801,427.8869,430.1431,425.2738,424.0749,426.3112,423.8029,421.1493,421.7291,422.9081,416.3781,418.5995,419.0624,417.2485,417.159,416.7352,419.2318,420.5414,418.1589,416.6088,415.9778,417.7148,413.8605,412.4131,414.3513,411.6004,403.6013,399.9068,402.5771,404.6513,404.924,401.1129,398.8746,405.006,410.4328,408.2029,402.0675,397.6474,394.9601,393.9858,398.885,407.909,412.2024,410.2188,414.4712,416.7391,414.7445,411.4247,408.7173,412.6048,413.4104,419.9036,423.4221,422.6195,422.5794,422.4081,421.3507,419.6936,422.159,420.7341,420.5504,418.5393,416.6993,416.5074,413.7135,410.1547,410.3894,415.1232,413.9794,412.8355,410.0429,414.9895,414.7077,418.683,417.6226,417.5796,417.2123,416.6528,417.8427,419.2841,414.1237,414.4334,412.9891,414.0096,413.5693,411.8783,412.4672,410.4182,410.3015,411.2867,406.9782,409.8029,406.2727,407.3462,408.6007,409.0298,410.3838,411.2314
419.1601,420.3914,417.4252,414.5945,412.7521,412.6161,412.9158,412.0301,407.1592,404.9164,400.6241,397.4417,398.0797,396.4198,396.8336,405.1004,412.3091,415.3799,404.2718,420.5589,419.9641,419.6433,423.3904,426.3018,430.0761,428.2491,421.0436,426.3674,427.1221,433.3491,431.855,429.9505,432.5524,428.345,427.7479,426.0988,426.6672,423.5518,423.8911,425.0272,422.6829,416.9672,419.3007,420.3876,420.6244,422.1435,423.1611,421.2389,418.4548,418.3621,419.4689,418.9594,416.7819,416.8664,419.0258,415.9841,403.4676,393.6627,393.9935,398.3034,402.6002,400.6853,396.6543,399.7271,403.98,403.1137,399.4358,394.4943,389.9995,391.0801,398.6363,408.8634,413.5909,412.8217,412.8376,413.8734,415.0033,410.4365,407.2791,413.556,415.4667,414.7294,420.4726,419.769,421.4671,422.0203,418.3943,419.2746,419.5483,420.0775,415.3617,417.1627,418.257,412.2008,412.0419,408.4137,407.2268,416.7346,416.6925,416.6505,408.2652,411.0813,412.5045,415.3801,417.5471,418.1093,415.7851,420.8613,419.3515,416.7682,419.3949,416.8357,412.6763,416.9717,418.4239,415.8753,416.7704,414.8724,413.924,413.8081,407.256,410.1312,410.6375,410.5042,412.4603,411.9029,409.7402,409.372
419.2245,423.3129,421.1945,419.2385,417.5927,416.198,416.1343,416.0729,411.7779,406.6472,407.3989,407.4701,404.6619,401.8451,403.2383,406.7871,413.0002,412.5355,399.7139,422.3609,422.995,423.6515,424.8568,430.1797,432.649,427.9677,422.2874,428.6326,431.1504,431.5517,431.0871,430.5815,435.9519,431.0819,429.3156,430.0625,427.3398,424.975,423.6895,422.5803,420.1544,421.2821,420.874,419.894,418.2365,420.3154,423.9063,424.8895,423.9801,422.6271,421.2333,418.2523,414.3255,414.3339,417.6925,414.0344,402.273,395.5208,394.7457,395.3582,396.6893,393.1686,389.097,394.6247,400.9624,400.5218,398.7509,395.477,393.3703,396.4408,401.2248,408.7994,413.6302,411.0979,414.8863,416.3755,412.4689,407.4777,407.4715,415.7574,415.1881,416.5577,417.3832,414.4042,416.1031,417.4467,418.4449,423.9608,420.7847,418.7576,419.0284,417.0563,415.2734,415.3657,413.1795,409.2431,411.8885,414.6097,412.8729,411.136,411.8471,413.6724,415.2875,416.5765,414.9961,419.1226,414.6819,419.1488,418.5984,417.1591,416.8724,413.284,416.7426,417.8835,416.3011,415.5681,416.9697,414.9458,414.4123,414.89,411.3882,410.2169,408.9734,408.221,410.0626,411.8552,413.0394,412.3741
420.7497,420.7852,421.1682,420.9544,421.1216,424.5607,422.3374,412.8826,412.3681,408.8319,406.8701,405.7359,407.2125,406.7736,410.7617,415.1431,418.5172,416.8795,397.9336,424.7066,424.026,423.7307,429.1543,433.2787,434.2774,430.7811,426.2025,430.7045,433.8457,433.3701,430.3194,427.1422,431.0555,427.7564,428.993,425.5587,427.0726,424.0241,423.4117,423.4464,425.6384,422.4604,422.7065,424.6998,424.237,425.9664,426.7215,424.4831,422.5962,421.8847,421.4662,417.2024,415.2903,416.5363,421.9294,417.0031,403.6035,396.1074,397.7078,399.3893,398.0915,392.952,388.6715,394.081,399.6297,398.851,397.6309,396.0305,394.6042,395.8227,401.5088,411.7916,417.3448,413.0948,414.3402,416.4836,417.2865,411.2984,410.5011,417.6497,416.9615,415.9138,418.6544,417.4441,418.6352,418.8206,415.7785,418.5093,418.9147,420.8005,416.586,416.8592,416.764,413.2485,416.5244,412.8412,410.3013,415.7811,414.2139,412.6466,411.4334,414.1133,413.4088,417.2074,415.0306,415.9002,412.6547,418.9691,417.7974,415.3828,417.0315,416.3249,417.6096,420.5665,422.3718,418.8513,418.0057,414.394,412.9679,412.81,411.7597,412.1996,409.9644,410.3671,411.7408,411.6844,411.1733,410.5711
418.0804,422.389,423.0269,421.7376,420.3112,426.4276,423.6556,411.9604,407.5219,409.4049,407.4428,405.8804,406.9626,412.5872,416.9957,417.2157,420.7224,418.899,402.5863,425.2924,425.6715,425.8237,422.9635,427.7563,431.5044,428.3355,422.4825,430.3444,432.726,429.6034,427.6679,425.8041,430.6022,428.8441,428.8083,426.2258,422.6048,424.3002,425.1446,425.6466,424.9705,429.1631,427.8975,427.2952,425.1365,424.3126,426.8705,425.4703,425.761,425.1041,423.2861,419.7144,416.4189,417.2491,420.8544,416.261,408.0197,404.2544,401.8779,402.0528,404.9076,401.3313,397.655,401.7766,402.7402,400.0999,399.983,399.3379,399.8496,404.2159,410.2839,417.054,419.773,416.2248,419.6338,423.1884,422.7491,414.8615,415.403,421.0885,419.052,418.7214,418.0699,414.1059,417.1633,419.8346,420.6632,420.9927,421.4327,420.4276,419.6567,418.4439,417.3127,416.9442,414.8576,409.9909,413.6181,416.1175,416.3307,416.5438,412.2576,419.6375,416.3687,417.6066,417.7795,419.0289,414.0387,418.3299,418.3526,417.5916,415.6122,416.1235,421.1719,421.2327,421.7474,422.8777,420.6901,415.9766,414.172,413.5904,411.8157,409.5258,407.0725,408.1539,409.5909,410.4232,411.3528,412.5539
418.4218,421.9631,423.4497,421.8101,418.4058,425.2031,421.9525,406.9205,405.328,407.0599,405.8601,405.3174,407.67,412.3089,420.3109,421.6609,424.0598,422.2426,408.7247,420.8488,422.7978,424.6441,425.1405,429.1394,426.6598,427.7114,423.2166,428.9826,434.4744,429.8261,425.9125,422.0562,428.736,426.8704,428.1631,428.303,428.1534,429.577,428.6707,427.2651,430.767,431.0277,426.2588,426.7249,428.3072,428.327,426.5383,423.3401,422.2163,421.7596,421.1282,418.8551,412.933,414.9619,417.9901,413.117,406.2494,403.0899,400.6624,401.3618,405.5314,402.9398,401.5219,406.7177,406.1841,402.6511,401.9836,402.0209,403.6827,406.902,413.0926,421.3806,423.9865,421.3346,421.0137,424.5008,428.425,419.3654,420.2621,420.8566,417.3247,414.4321,417.8611,416.9473,420.1755,422.274,419.6175,418.9124,420.611,420.4436,415.4298,416.6328,417.662,417.1146,420.0935,416.8922,416.0959,422.0904,421.4137,420.737,418.4448,422.4966,418.5976,421.8115,418.4997,415.7721,411.928,419.6506,418.8661,416.664,415.6861,421.2426,419.3404,422.9019,424.7464,423.0225,420.4258,414.9718,413.6962,414.2595,411.9763,410.7338,410.3168,414.5632,413.5383,412.4448,413.6284,413.9464
417.6434,420.6828,421.026,420.0657,419.2148,423.0808,417.4182,404.0699,402.9866,409.6182,409.5645,409.9022,412.1502,415.6583,418.3751,423.4852,421.5646,420.6488,412.507,421.5528,420.1496,419.028,422.0816,424.0744,425.0398,423.9771,418.3791,428.7685,429.7944,432.9982,430.742,428.1984,433.6503,432.5779,434.4346,427.9092,428.5102,428.7868,429.8485,431.1137,432.3709,432.2137,428.5143,426.9923,424.1336,424.4516,421.1438,411.8561,407.3284,407.0936,407.5643,402.4908,395.6081,396.5296,403.2584,400.8808,396.7538,397.6362,396.7802,398.9063,405.4073,406.047,404.5973,406.8043,407.9982,406.5622,403.8167,402.7885,404.4203,406.8366,410.8051,415.9163,416.8735,414.864,416.5361,420.3632,422.7717,414.0833,412.9232,415.6146,414.5746,415.2638,413.7117,411.7944,414.3877,417.4232,421.222,419.7362,421.3854,418.8164,417.9397,416.4692,415.9516,424.9332,423.554,418.4426,420.4514,429.359,428.1315,426.904,422.2613,425.3415,421.973,424.3386,417.9605,419.3991,417.6305,420.1982,419.1836,417.5749,417.6935,419.3508,420.2445,419.8987,417.7542,419.3438,417.017,413.0252,411.2854,410.3647,412.2697,411.32,409.0213,411.262,413.5047,414.9489,416.5987,417.461
418.25,423.959,422.1386,419.0817,415.3139,416.4311,415.1605,407.5331,405.7527,407.698,409.1292,410.6348,412.4158,414.8229,420.3607,423.4189,418.9584,418.0203,421.7547,422.4154,421.3084,420.1465,418.3384,420.0807,423.2932,422.3352,419.9582,428.6881,434.5756,430.6721,429.8589,429.2241,435.9202,437.4999,432.8952,429.4299,429.8185,428.2936,429.1494,430.5435,430.586,431.2029,427.6657,423.9516,419.7023,417.201,410.7844,396.592,384.1864,379.6073,377.7887,370.3133,359.6619,358.2782,369.0011,375.5832,375.952,380.9438,387.7754,395.5451,405.3966,408.1349,408.045,411.1595,411.1835,409.1506,407.9745,407.5035,407.3035,407.3071,410.0059,414.1673,415.5255,413.3258,412.4115,412.107,409.2795,401.6132,403.2828,407.652,414.0909,414.0767,412.5867,412.2058,414.4609,416.8179,418.586,416.0574,418.2292,419.9076,417.0168,419.0219,421.0368,423.0663,423.8671,424.1324,417.5349,430.5918,427.414,424.2362,420.1515,423.0014,421.5743,420.6838,419.9055,418.9854,418.6754,419.5747,419.6325,419.5504,419.758,422.659,417.7127,418.7163,417.6986,420.7873,419.1399,413.8352,412.4453,412.6696,413.2873,411.1056,411.3301,412.9545,412.3946,413.1271,415.2017,416.591
419.4893,421.7602,421.6369,420.0097,416.8593,417.1894,414.0356,408.6527,410.2616,409.1942,410.8792,413.3937,417.5672,415.9059,420.4693,427.0179,420.4355,421.908,424.3378,422.2345,421.2966,420.3936,420.1563,422.7871,427.8546,424.2687,419.7726,432.1093,433.508,433.7758,431.0854,428.2433,430.7794,437.0522,433.87,427.9013,426.2771,426.5764,425.9773,425.1654,430.1606,427.726,422.9937,417.1245,416.3528,412.3849,402.1288,383.9353,366.7456,359.2863,355.6012,344.6972,328.7667,319.2884,327.0724,336.4412,343.8513,357.993,370.9118,383.5263,399.1472,406.8193,410.1586,415.8212,417.7757,414.5201,409.0192,406.3584,406.0752,405.9559,408.5109,411.4927,413.3903,411.2491,409.4017,406.441,402.1206,401.2522,403.7854,408.5165,415.8587,419.6382,418.0403,417.5176,416.55,415.808,415.7458,414.7043,417.2052,419.6896,420.6219,420.5059,420.4502,421.5227,427.7881,416.6753,416.9858,426.9651,424.7203,422.4756,418.4036,422.407,422.6549,421.8593,415.7896,419.299,419.9652,416.396,416.2657,416.6927,419.7094,423.2907,420.9451,420.5789,418.4445,417.208,416.1757,414.4125,414.3036,414.8674,414.261,414.2154,412.634,414.6211,416.9699,418.0725,419.0434,419.4865
417.3563,419.3983,416.4765,416.5509,421.3526,420.8954,415.929,409.2129,411.9633,412.0042,412.5438,413.9561,417.7882,417.9038,421.7614,426.3131,423.2603,423.9369,424.8434,427.1411,423.6577,420.5006,422.1523,422.3194,429.4835,422.7719,417.4266,427.3159,429.4904,429.462,429.295,429.1247,432.1003,439.6328,431.4301,423.3511,421.2195,422.9894,425.5606,428.1852,425.5045,423.4888,420.4336,417.4043,413.4699,409.4605,399.8739,382.5372,365.7362,356.1223,349.2553,334.5833,316.3259,301.3247,298.4199,303.6203,309.9112,325.6847,346.3742,367.6579,390.8318,405.0449,412.145,416.6846,417.302,415.1938,409.9037,404.8223,402.0719,404.157,407.6181,411.2618,415.3949,413.3169,411.809,410.1711,410.1061,413.8095,414.7372,413.898,420.7077,423.6087,420.6988,415.9155,414.4395,413.8405,417.0793,419.3936,418.7003,417.9237,426.5865,421.5906,417.242,419.9473,422.7491,411.1869,410.5712,419.8064,418.0283,416.2501,413.3557,417.9688,417.6714,418.6877,419.1479,420.8934,421.0844,416.884,418.6746,421.3922,424.4711,418.663,420.5538,420.2372,420.552,420.8969,419.1321,418.133,417.8129,417.5708,415.5284,412.7863,412.045,414.9965,416.3798,417.0645,418.2472,419.9634
420.2504,420.0308,417.0232,415.3348,417.1249,418.7895,414.8787,407.8907,407.8766,413.0452,414.8597,416.2599,416.7094,419.9567,422.2268,422.2054,417.9912,423.1608,427.196,427.0525,424.7551,422.5086,420.9603,418.4727,424.7649,420.0907,417.4607,424.1698,431.0121,431.7238,430.5781,429.3478,431.5374,434.5283,428.389,421.2501,420.4571,420.7742,422.7839,425.1137,422.3072,421.8999,420.2841,415.9167,408.8351,404.6793,399.3797,389.9757,377.2748,369.2017,363.6489,347.3064,322.929,301.1663,289.6655,284.7698,284.9041,298.8928,323.7883,351.0834,378.631,398.1606,410.4713,416.1761,414.3535,411.8509,409.0635,404.7344,401.0253,405.0089,411.3956,413.3919,416.8189,417.9846,416.1374,414.653,415.4106,418.4397,419.3131,421.4223,423.0481,422.1468,424.5079,421.0535,419.1964,417.0461,415.0578,419.2697,417.4367,415.9291,424.7287,420.2387,416.519,420.6722,418.5336,406.1363,408.4711,411.6649,413.7473,415.8297,417.4204,414.6431,416.6348,415.956,421.0226,418.4424,415.1448,412.6158,414.2466,416.4559,420.9673,418.7063,419.0063,422.1786,423.8724,424.049,420.1303,418.6438,418.5162,418.4438,415.9678,416.6081,417.6412,417.9936,418.7623,418.4691,417.4457,418.4055
419.7441,419.4228,414.9736,412.162,413.6785,415.647,412.4934,405.6654,406.1273,414.3111,413.8764,413.774,414.613,415.5342,422.9867,422.3041,418.3087,416.5517,420.4539,422.0191,422.3951,422.5857,420.0197,418.1136,420.0858,419.5519,418.0251,425.2486,425.8726,430.6982,430.5386,430.1125,429.4668,435.4117,430.1779,422.3629,421.2364,422.3127,420.9132,419.0007,420.0052,420.0086,417.7241,414.5915,413.0062,408.3814,405.3567,397.653,390.3778,383.9832,377.4528,359.0448,332.9623,306.8035,287.8198,277.246,274.1916,281.949,302.5457,331.6683,363.1246,388.0108,405.2305,413.4514,412.121,408.8149,405.4771,400.8728,400.3139,407.6487,413.1526,415.7863,418.4806,420.022,419.4053,418.2074,415.7487,415.6798,421.0187,422.2602,417.806,418.7485,418.3388,415.1841,413.7943,412.5373,412.4606,415.0001,415.6086,414.463,418.3483,416.9964,415.9322,417.8449,417.5384,407.6713,410.1613,407.4248,409.7625,412.1003,418.8034,417.8956,419.7159,419.1037,421.7299,416.3618,408.1198,405.3204,407.6615,410.6339,413.1067,415.8679,418.529,421.0256,423.3455,420.9277,415.8232,416.4584,416.991,416.7487,419.0274,420.5688,418.5789,420.8771,422.8563,420.9904,417.8875,418.6063
420.6815,423.1671,418.4196,413.2457,411.452,417.435,415.0016,407.6943,408.9781,414.462,414.7903,414.9022,413.6451,412.1896,419.0027,418.6428,417.0794,417.8807,415.5159,420.5129,417.8758,415.5596,417.9377,418.0774,422.2909,421.5773,418.5225,422.9548,426.1748,428.8874,429.6231,430.2574,433.8449,439.8921,434.6219,424.261,419.8823,421.7759,423.8976,425.8885,427.014,421.6526,420.2798,420.508,417.0827,412.0381,409.7534,405.2924,395.1368,387.746,382.4887,364.9616,338.9541,307.9424,283.283,270.2008,266.4577,275.0947,295.4809,323.1496,353.4231,380.0693,400.5499,412.2227,413.7949,409.3837,402.8629,399.9568,403.6821,407.9805,409.9019,413.1635,417.0227,419.6143,419.6342,418.183,415.1964,417.2573,420.3239,416.0893,412.9922,414.2049,410.1212,407.8602,409.4407,410.1312,408.3569,413.4028,413.6006,407.5625,411.1933,412.2607,413.7056,418.6224,415.4148,407.989,412.4695,410.2168,411.4521,412.6873,423.5677,420.7082,420.9771,423.1693,420.1562,418.4733,411.1314,404.6904,406.7753,410.0465,413.2104,415.2517,416.269,417.5994,420.7806,425.3312,419.398,419.7359,418.5573,415.6836,417.3756,421.4092,419.8982,419.9631,420.6628,420.3491,419.9185,420.489
419.645,422.0934,417.5581,411.5167,408.8132,417.7681,414.5782,408.9086,414.6487,415.8884,417.6607,419.3026,419.0514,414.1529,416.2371,421.1983,417.6046,415.6173,416.3958,420.1259,415.4059,411.4873,419.1128,417.5073,421.0941,422.2398,419.861,424.2987,432.1744,432.1028,431.0342,429.9292,433.618,438.3007,433.097,429.5695,427.393,428.3278,428.9508,429.4161,424.0559,425.0639,424.6494,423.1542,419.4178,412.8441,408.9318,405.2671,396.1547,387.3452,379.6681,359.1325,331.1232,302.0947,276.5288,258.518,254.759,268.3746,292.4942,319.7418,347.4739,376.4566,401.3329,414.7082,415.9067,411.9823,409.2798,406.4359,406.8935,409.6042,410.4954,412.5084,414.034,417.7548,417.2242,415.9738,415.501,419.8472,420.9678,416.2935,413.2212,410.6409,406.7599,401.6139,404.7672,407.5654,408.6016,409.4832,412.7294,408.4726,412.3209,410.6282,409.8214,417.9097,416.9719,408.6894,412.3466,415.5661,413.8739,412.1816,418.6663,422.0496,420.4687,418.5298,422.9705,417.7715,412.5924,409.7165,409.0246,408.6045,413.0758,418.5249,415.6807,421.2028,427.0248,426.1261,419.4636,418.7424,416.4769,412.7961,415.4525,421.1272,418.4025,420.6691,425.7841,425.4112,422.4337,420.665
412.2249,414.2257,412.9612,407.6165,402.023,413.5538,415.2488,414.3483,419.453,418.6715,422.1873,425.2375,425.3118,421.963,424.5739,421.5437,419.1067,417.0587,418.4949,421.997,417.3182,413.1673,416.6558,414.8802,420.657,427.2799,424.1397,429.9208,431.3447,433.9868,434.237,434.3608,434.2276,440.7619,436.1202,430.6902,428.8825,426.0193,426.5451,427.7738,430.1353,428.4382,424.6455,423.1112,422.1895,415.8206,410.2941,401.9776,393.7419,386.1635,378.5687,358.1169,327.8396,293.9054,265.9008,249.094,246.073,260.8615,285.2327,312.4468,341.2459,372.3279,401.2899,418.2208,420.1587,416.1294,413.8955,411.0206,411.689,414.7404,413.6588,413.5125,414.7288,419.0879,419.7446,418.5043,416.066,418.3404,416.4752,414.4139,414.3033,412.198,408.4175,403.6918,405.0211,406.4836,408.7999,411.9621,412.3212,410.0388,410.4734,407.8866,405.8799,410.0744,413.3057,411.835,415.1741,415.9691,414.3196,412.6701,419.5748,420.406,418.0661,416.331,420.0815,415.1303,413.2806,410.8089,411.3807,412.404,415.0095,420.6154,418.5171,420.6344,425.1348,426.1692,421.2292,415.7144,413.0372,411.2658,415.8027,419.459,416.9243,417.4971,424.0835,425.2972,422.4462,421.9179
409.0403,412.1879,407.5692,401.335,399.833,412.9525,414.3441,416.8342,422.1792,424.3605,424.267,424.3863,424.6699,423.7062,428.89,424.8328,420.6273,418.9432,422.5948,421.7031,418.8494,416.6005,422.9304,419.9507,428.7954,430.7604,424.9025,429.7369,431.5567,436.6703,436.3187,435.6777,437.2093,441.2912,437.3333,428.8894,427.4188,425.7796,427.9003,430.7856,430.4314,427.434,427.218,425.3445,424.4162,419.0183,411.1987,403.4919,393.1547,384.4082,376.9394,358.8177,328.9034,293.2857,263.5661,245.6146,241.2428,255.7394,286.1544,316.426,342.3416,373.3107,400.3763,414.9805,419.1416,416.2862,413.3307,413.6591,417.3701,417.175,414.7412,414.5567,416.0183,419.7349,420.6039,419.534,416.105,414.8565,412.3351,415.4171,414.7389,413.1694,407.4443,403.6713,407.9313,411.8052,414.6092,419.3553,417.0978,414.9709,409.8114,407.6901,405.2801,401.0273,412.5986,411.323,415.4362,417.3926,414.9793,412.566,416.7799,418.8595,421.0534,416.7657,414.1468,416.4321,414.789,408.4698,408.1035,408.6588,415.2943,421.3549,417.7186,418.1905,421.3474,426.6523,421.7333,413.4804,412.2456,413.5322,417.8811,417.3594,411.2654,413.3617,421.1085,423.6147,422.8854,421.8897
409.5764,413.1845,407.2902,401.0075,400.6374,413.9056,418.2408,416.3158,422.1506,422.4965,422.6567,422.343,419.9152,418.842,427.9168,429.2838,424.753,423.8053,423.8438,426.3112,420.4849,415.3748,420.6918,419.9401,424.5622,427.4877,426.5554,427.464,433.2686,438.2006,437.8331,437.193,438.4898,443.3211,437.0962,432.0775,430.5796,430.5786,431.1059,431.7012,431.1887,429.8879,426.4579,426.3156,422.5611,417.6502,412.7627,405.7128,394.2015,385.817,379.5796,360.7058,329.442,295.1749,266.9326,250.3781,244.391,256.3244,289.1508,320.0193,342.4998,372.1671,397.9901,411.324,417.0536,415.3152,411.8076,411.4551,413.746,413.4801,413.3693,414.0197,416.1068,419.5358,417.2202,416.2631,417.4976,415.2189,410.9952,413.0061,412.9966,414.393,408.5445,406.059,407.5179,409.5054,414.4446,420.8316,419.4755,417.7747,408.5219,408.1825,407.4246,403.2931,413.4462,413.9902,420.6103,420.8759,417.4863,414.0968,417.0442,423.138,419.8825,418.6448,415.6359,417.9457,418.9955,410.0574,409.5771,410.4739,413.7799,416.8378,416.1074,417.7315,419.8323,427.328,425.2462,415.827,412.8468,412.6454,416.7431,418.3025,411.4574,412.1675,417.4594,419.5792,420.1246,420.921
407.8535,416.3718,411.5818,405.8164,404.2481,416.9131,423.2614,419.7257,424.1814,423.2004,422.4265,421.4364,419.1086,416.9966,424.9777,428.3295,429.4367,427.1549,422.9534,427.1156,422.9005,419.0356,420.2182,417.5709,421.9472,425.0503,425.9868,428.5113,436.6819,440.2224,439.9791,439.5488,437.8085,444.2657,439.555,434.7099,433.1385,433.5598,432.1748,430.3931,431.9817,431.1169,426.0361,424.5746,419.4591,418.2654,415.809,410.2737,399.5432,390.5636,383.2636,362.126,330.3759,297.3815,269.4607,254.6769,249.8715,264.9142,300.9272,330.0851,348.3648,376.0095,402.6472,414.8495,416.1449,411.9514,408.8667,408.3862,411.7563,413.3296,412.8158,415.6566,420.3029,421.9676,418.0803,417.7822,421.0398,415.3245,411.7683,413.4661,413.9944,412.9868,408.4565,408.3047,408.7439,410.5038,418.1013,423.9867,422.5578,420.8364,414.2374,411.3924,408.4065,404.755,411.9314,413.6534,421.1325,419.701,420.3031,420.9051,417.952,422.2314,420.9426,422.3098,420.589,421.8293,418.4606,412.017,411.0309,410.8665,415.2344,420.0193,417.798,418.6508,419.725,424.7126,425.5149,418.5379,417.35,418.9746,417.1714,419.1331,416.471,416.7025,420.4957,421.4682,420.6953,419.3734
405.4567,414.6249,412.3838,407.1667,403.4816,418.4792,426.9021,422.3452,426.7857,424.1697,426.2432,427.0267,422.4268,418.514,423.9093,429.3482,431.5833,426.5968,426.3438,426.1365,425.7442,425.3302,424.4365,420.6575,421.0887,434.56,433.203,432.1691,434.5284,441.8767,440.9089,439.5012,438.7008,445.4943,442.5584,431.4322,430.647,430.4269,431.2864,432.3915,432.532,428.8679,424.2259,422.8172,420.6303,418.7075,417.8887,415.9793,406.0402,395.0363,385.0175,361.1598,327.7267,293.3034,268.6407,257.3107,258.706,278.4151,317.4412,347.2349,362.9262,385.7191,409.7605,419.6259,417.0067,412.2046,408.994,408.5161,411.4495,413.4727,416.562,420.4548,421.3054,422.7952,422.3474,423.3393,425.0689,421.7696,419.5044,419.0478,417.8081,414.6834,410.1626,412.918,413.7848,415.5998,421.6427,427.7408,431.901,421.0551,418.6836,416.557,414.0485,408.0769,410.6088,412.2142,417.2473,422.3586,424.193,426.0273,420.8223,427.0236,424.8402,425.6708,422.4948,421.7396,420.0915,418.6417,417.4303,416.2471,417.3646,421.8955,422.326,424.3381,422.7972,425.2277,426.331,423.8973,422.8069,422.5201,420.1581,420.353,420.1677,421.3376,423.8899,424.7764,424.6399,421.5949
403.6081,415.471,411.7877,408.4062,408.6279,417.5105,426.7562,426.85,430.5635,429.7027,430.8866,431.287,427.8541,423.4116,428.9896,432.0796,430.5289,427.1983,426.2162,429.3033,432.862,436.2104,436.1574,431.5338,433.4504,438.3009,435.0748,431.7499,432.1487,437.707,437.6602,437.3134,436.9867,440.0371,437.0435,431.2791,427.5369,425.8825,426.9503,428.483,427.2589,425.6014,423.2009,422.4592,420.5936,416.4269,416.1093,416.3734,407.1235,393.6439,380.0135,354.1906,321.1255,289.5973,268.4049,263.6797,270.727,296.0787,336.3312,362.9804,375.8703,395.9951,415.5219,422.4271,421.538,418.2701,415.0172,412.1535,411.5046,414.8199,420.0812,422.0505,422.3064,424.9107,423.2326,424.7044,429.1739,425.9938,424.2226,423.411,421.1964,413.9651,413.3467,416.4924,415.7037,415.3589,417.7593,424.5413,431.3615,418.1992,414.5674,415.9229,416.3985,408.1588,410.3076,417.4601,420.9625,421.8211,424.3783,426.9355,425.1769,430.2316,426.1223,427.9707,422.9784,420.6491,422.3087,424.3047,422.9963,421.2187,418.6427,421.8313,427.6247,425.7411,422.4514,422.1926,424.3942,423.2141,422.9418,423.4615,422.2975,420.7289,419.9425,423.5739,427.1424,428.3156,428.7732,427.6698
403.2597,416.3515,412.3286,409.2471,411.1425,419.9886,426.6893,427.1871,429.5715,432.8155,433.0653,433.339,432.1505,427.1278,434.784,436.4088,432.1507,426.1454,430.0811,434.8498,438.2404,441.3672,440.5395,439.8354,441.2068,443.8162,433.6224,430.8364,432.5753,436.9515,435.6314,434.0115,433.351,434.7541,432.5642,429.6246,427.246,424.3771,423.9386,423.9856,421.5177,424.0902,422.5738,417.552,412.5594,409.4142,410.7494,406.8218,395.2139,381.0214,366.6244,339.3076,308.9604,287.8845,279.0458,280.2838,293.0878,323.5193,362.5499,384.4286,392.1797,406.4412,420.4572,423.5685,422.6124,421.2776,418.4496,413.9081,411.7654,417.1454,423.3009,425.6322,424.8035,425.1783,424.8573,426.3991,428.653,424.6503,424.9681,426.9229,419.3194,413.3341,409.0439,413.7421,412.3593,410.6283,409.4311,418.544,424.3802,412.6945,417.4615,415.7592,413.8187,409.9176,414.1421,421.287,426.342,426.6905,428.9938,431.2971,426.0163,427.09,423.4693,426.8813,422.6298,426.1258,426.3186,431.6128,430.8022,429.0248,421.843,419.3784,423.7297,425.855,420.1972,424.7205,427.3702,423.9815,422.4878,422.2018,423.3289,421.7339,421.4714,424.9914,426.5727,427.0127,427.7673,429.0601
406.1719,414.3061,411.4732,410.5418,414.6472,421.0903,426.3995,427.7415,431.5067,433.847,434.9881,435.5605,433.1487,429.3133,434.2233,439.8619,437.924,431.4977,430.4985,434.6064,436.6772,438.2907,433.3557,434.6151,438.1,438.295,433.195,430.5307,435.9349,440.0325,436.7905,433.1712,431.1835,431.7765,430.7953,428.5536,428.0217,427.8441,425.3627,422.437,422.4382,422.9965,417.1996,409.6353,400.6352,395.5253,395.3472,389.5357,376.33,363.8939,352.7218,330.0267,308.4209,299.2463,301.3364,309.8757,329.0938,358.0178,389.9989,406.4441,409.6075,416.4664,422.6388,422.2624,422.0994,422.0308,418.4804,414.9681,412.5332,414.3692,420.5706,424.9547,424.903,423.3638,422.1501,423.579,427.5437,425.114,425.3052,427.4445,421.347,411.3581,405.6242,406.5266,404.6325,402.3446,401.0167,413.329,423.2398,412.7557,413.9478,411.9456,409.5793,404.3304,412.8894,423.9413,423.7585,428.1679,427.8806,427.5932,423.8687,427.6311,426.0769,427.353,427.8472,426.9478,428.5502,431.2847,430.3058,428.7834,421.3512,417.0578,418.1012,423.0215,422.4365,427.9366,429.9428,427.5097,426.2012,425.6173,423.5304,422.5858,420.3588,421.3866,425.2302,427.2103,427.9221,427.9044
407.7035,417.8562,415.1939,415.6065,421.8118,425.6933,428.6891,430.7369,434.1278,436.7731,434.6843,433.7969,435.6308,430.5458,434.5442,440.33,438.9245,432.9143,430.3364,432.4315,431.8666,431.1631,428.4695,427.6746,431.101,432.4931,430.2864,431.9457,435.9463,439.6614,437.8962,435.8478,433.3501,437.0511,438.1093,432.0473,429.2103,430.3401,429.1211,427.3414,423.084,419.0021,409.8488,398.7696,389.4508,384.0364,381.635,381.868,372.1984,360.2296,349.3125,332.9025,326.7408,332.1733,339.6622,349.9018,364.1263,385.4547,409.1061,419.6796,420.6343,422.6005,424.7195,421.7848,418.0106,417.7762,417.0302,415.9163,415.0648,415.9152,419.7174,424.3451,425.0898,424.533,422.3415,422.6412,425.4472,422.2815,422.7466,427.4812,420.1144,410.8696,404.7288,402.1213,399.1653,395.9319,394.4662,407.7262,417.4347,410.0103,409.6173,406.2122,402.454,396.3334,409.0133,419.2386,418.9372,430.5054,427.6269,424.7483,426.1071,431.9102,429.2946,429.2214,427.2492,429.5687,428.6926,429.4173,428.2429,426.7631,418.6878,418.1615,422.0648,426.7833,425.2822,431.897,431.4492,431.2664,429.4217,426.5827,427.9886,426.8385,424.0929,424.0713,426.7113,428.9,430.4187,427.2419
407.638,420.426,421.3751,425.0406,432.6179,434.1919,433.0122,434.0408,436.6038,434.64,433.5722,432.6745,432.5554,432.6678,432.598,436.9442,438.2169,432.3147,429.4136,431.4192,431.5764,431.433,426.9872,426.8224,431.8921,436.2276,432.3211,435.5711,433.9508,437.4618,437.352,437.0447,438.1314,440.7839,440.1605,436.5114,431.3431,430.3438,429.6327,428.833,422.8321,419.2821,411.5393,404.8443,394.3771,388.5655,390.2806,391.8901,385.8874,378.9798,372.99,365.0309,368.4401,381.7121,386.7839,388.5444,396.1912,408.6847,417.4513,422.2081,427.0738,425.9526,424.0342,422.6676,418.8525,417.8402,417.6873,417.6115,417.2698,416.8574,419.9432,425.8615,426.8268,424.5072,423.5898,423.9851,426.6889,425.8835,422.2088,424.3197,418.8342,410.1355,405.7245,402.344,399.8561,398.2785,400.6578,403.5032,410.3527,406.3385,398.8768,397.6392,395.7413,388.2924,401.1561,410.588,416.3335,431.5185,429.7451,427.9716,430.8549,436.0372,432.4972,429.8834,426.8568,427.6959,427.5198,427.6684,425.4316,422.847,418.2034,422.8466,422.9795,430.0676,430.1429,435.6257,436.4633,434.54,432.0427,429.4154,431.3654,431.0147,428.1373,427.6335,429.4048,431.4646,433.4079,431.6899
412.6207,427.3424,430.503,434.8319,439.8416,439.6187,438.1122,439.4414,439.549,433.2108,433.6342,434.2359,434.6396,431.1321,428.9565,433.6717,434.0722,431.1102,431.1964,433.3333,433.2349,433.2179,434.1908,430.942,436.9796,439.7885,434.2668,435.4802,434.1458,439.1478,439.1935,438.9705,440.6125,443.0883,443.9592,439.8377,435.8192,431.2629,430.3047,430.0585,427.817,425.6569,419.9079,413.7622,405.2835,404.3729,408.0117,414.6166,414.2238,411.8019,410.0161,409.31,411.389,422.3468,423.967,418.5851,419.4502,421.6603,421.8598,423.0794,425.3565,423.8669,424.4612,425.8667,421.993,420.2749,421.5695,421.2057,420.42,421.2979,424.3237,429.593,429.0889,427.4772,427.7939,428.0381,428.2809,426.5932,421.4606,421.2738,418.1794,409.9303,407.9959,405.829,406.2339,406.2292,404.5184,403.6455,403.8177,402.2869,394.4052,392.1048,388.96,378.4007,389.9214,401.4815,418.5888,435.8115,435.6089,435.4063,433.9513,433.8874,427.4421,423.3093,420.2631,422.5128,420.9489,424.7646,425.0025,424.6279,419.384,425.1888,426.3094,433.2903,435.1122,438.0653,435.8365,434.868,432.8915,430.1782,434.6317,434.5501,430.9454,430.8367,432.5711,434.6087,436.8068,434.669
415.5148,428.3526,433.8524,438.6119,440.798,440.9887,440.4317,438.3649,440.6554,438.1928,436.1083,434.5716,435.0474,435.2551,435.9756,431.9216,437.2463,432.2738,433.0362,435.1916,436.1555,437.315,440.9129,435.1072,438.519,443.1889,438.177,438.3818,435.9445,439.5091,439.0807,438.4341,440.906,445.9397,443.8983,441.5252,437.8344,435.4529,433.3372,431.2221,431.1079,433.9094,427.6777,425.0304,419.4856,420.5308,427.7086,432.4758,433.5401,434.7377,436.438,432.9598,436.9884,445.1195,443.3075,434.4827,428.7633,423.7756,423.5822,426.8641,428.8857,428.2409,427.7513,428.6605,426.1506,423.8372,424.5371,423.3564,421.6433,422.8048,428.0269,434.3442,432.0577,429.7467,430.2754,430.3334,429.7106,427.4369,421.4896,420.3646,416.6157,409.0617,408.9961,407.1208,408.5892,408.9105,404.1382,400.7503,403.3862,403.0282,400.6013,392.4761,384.2322,375.7439,380.9774,389.9205,421.4864,441.9417,439.7868,437.6319,433.3831,430.4271,421.8291,420.5529,422.3937,424.2009,423.3873,427.0799,427.9953,428.4308,425.5428,427.4632,429.1111,435.9611,437.525,437.3304,436.3017,436.1001,435.897,435.5635,437.8855,436.7003,431.8787,433.296,435.9328,437.8742,440.1145,439.808
416.9806,427.9623,434.7387,439.3316,438.4026,438.124,440.5799,436.4089,438.215,439.2201,437.6892,436.6459,437.057,436.7368,440.1659,433.1506,437.032,433.0062,432.2189,437.3031,436.4382,436.085,442.8266,438.4687,443.3304,445.6129,437.2002,437.3758,439.4361,441.1939,441.9553,442.6657,440.932,444.301,447.0642,440.332,438.9778,435.0909,432.6981,430.7093,433.1752,436.0081,431.8053,430.1319,430.0868,432.7907,436.1905,440.5869,442.3492,441.8462,440.9091,437.7015,439.471,440.6888,439.6511,434.6787,427.5367,422.2958,422.4773,426.483,430.8868,430.554,429.4333,430.2648,426.5961,423.8846,425.9027,424.063,421.4745,424.7076,430.5438,435.8616,432.0671,428.6469,430.1102,430.6892,429.6168,426.2397,418.0947,414.5886,411.1851,409.7347,410.3618,413.8644,412.8262,410.7097,404.8997,405.0626,407.7611,412.3357,413.0194,403.0209,392.7812,380.9098,381.5064,380.1225,417.2617,436.271,432.501,428.731,426.56,427.6314,421.8086,425.1012,427.4227,431.4278,428.6172,434.004,433.9653,432.9962,430.0374,430.9257,436.2462,439.4342,438.4655,438.0255,439.1109,436.7877,435.1275,434.1554,436.2328,435.4922,432.1619,432.0533,433.0113,434.0755,435.423,437.5687
423.8448,433.5377,440.1478,444.0656,442.4704,442.1502,441.5098,438.0001,437.7734,440.1325,437.9195,435.5076,432.6241,432.9812,438.7106,428.6613,434.6844,432.5972,431.5995,435.5307,434.7953,434.4625,439.807,438.0724,438.2122,441.7078,437.8813,438.6016,437.429,441.2016,443.9299,446.5947,443.5954,446.2886,446.9362,439.106,438.8059,435.1188,434.2601,434.0999,438.7062,440.5669,437.1767,437.2305,435.3753,435.986,437.4774,441.0708,440.1151,438.4351,437.4974,433.6749,432.3217,435.0383,434.6916,430.269,424.9886,420.8275,421.4047,424.8863,428.1869,430.8441,431.0836,430.75,427.5704,423.5301,423.7626,422.2773,420.2958,424.2619,432.5363,434.6761,429.1368,426.5207,428.7038,430.4833,429.5767,423.5045,415.3258,410.1221,410.6905,412.864,417.5037,422.7972,419.4221,415.1783,408.6948,410.5837,413.8095,417.1687,421.3175,411.9118,402.07,388.4062,385.7565,376.8512,411.3564,430.5565,428.2319,425.9073,424.343,425.5129,427.1097,430.9071,437.6734,435.6004,434.7954,438.1683,438.7321,438.8262,437.47,437.7898,440.9054,442.5874,438.1859,440.0343,440.6566,436.2036,433.9589,432.9883,436.9341,434.7603,427.6784,427.7063,430.5426,431.5157,431.7554,434.0941
426.6506,439.6698,444.7079,447.6002,447.0412,448.6882,446.5193,440.9078,440.9396,439.1893,437.6151,435.2141,430.2156,429.7101,434.253,427.5835,434.316,429.2549,426.0698,434.1522,433.1187,432.4214,436.599,437.4887,439.8524,442.166,439.1093,440.0887,437.4246,445.9816,447.0165,447.6404,448.1701,450.5329,448.5138,442.7307,439.6263,434.5323,434.7585,436.0869,437.2531,439.943,441.0977,443.0044,437.7617,436.5733,434.5175,438.5537,438.5767,436.9159,435.8501,433.9963,431.6009,433.3041,433.66,427.0527,423.5202,421.7511,423.0739,426.5334,428.5178,429.3513,430.1195,431.5177,428.1409,423.8842,424.2444,422.8676,420.3984,423.1226,431.0393,434.2755,429.8484,428.2693,432.1524,434.2058,431.6239,425.4299,415.5911,410.9743,415.4726,420.5642,426.6553,434.0043,430.503,425.4106,414.129,408.9477,411.7175,413.2028,417.991,410.8805,403.4709,393.4518,390.9485,381.7836,415.8448,431.0977,427.9658,424.8337,422.9195,430.6206,431.1057,436.7537,439.3864,437.5577,436.2807,439.8151,441.6021,443.057,441.7636,438.6513,439.1487,442.1623,439.9746,443.0439,441.809,436.1003,433.1519,431.5001,434.3464,433.7902,426.6507,424.7789,427.9812,429.0274,428.4188,431.6715
427.5735,443.2233,445.9636,447.9478,449.3901,451.4245,447.9138,444.7583,445.3853,442.1909,441.1706,439.1073,434.6667,437.4393,437.9725,435.1449,437.9762,432.9747,429.5752,436.5001,436.3567,436.1806,435.6248,437.2856,440.6241,445.9707,441.0434,439.1396,436.5813,444.7342,446.7174,448.3609,451.7931,449.4907,446.8998,443.2876,441.7594,436.0795,435.4447,435.9263,438.5205,440.4572,441.4332,443.053,436.2262,433.5258,435.673,437.997,436.7172,437.1175,438.9417,435.6746,433.3961,438.0612,438.6779,431.3895,427.8103,425.1793,425.2005,427.6801,428.8586,430.8005,433.4308,434.2592,428.9207,423.0893,422.2163,422.5036,423.476,426.6376,433.8713,436.5871,434.5106,435.0025,438.3326,439.3795,434.8386,428.4399,421.0468,413.9691,414.9752,421.2705,428.6905,436.2776,434.858,431.5768,421.0239,416.7432,417.492,413.7822,410.0179,405.3312,400.4714,394.3956,396.4496,393.4089,420.5849,431.7308,428.344,424.9572,433.7841,434.9091,436.7377,438.2204,433.8139,433.4894,437.4305,440.0645,441.2306,442.2181,445.3934,440.119,440.0251,442.7859,440.7307,443.7253,441.5408,437.5736,435.9067,435.0195,434.1181,434.0289,427.8966,429.3091,432.3982,432.9706,433.2119,435.6546
428.0046,442.9581,448.8888,451.3797,448.0746,448.8583,448.3799,446.3854,449.1949,446.8364,446.0297,445.8911,447.8715,447.3402,445.7293,445.3413,444.3756,438.6853,438.8649,443.098,442.2308,441.429,441.5031,439.7831,445.0,448.3227,443.9055,440.9082,442.65,441.612,444.2494,447.0826,448.5664,448.1494,444.6586,441.7176,440.3869,437.0399,436.8439,437.3266,439.6435,443.5495,443.3497,445.049,438.6664,438.3194,437.7789,440.4097,441.5091,441.261,441.0466,438.6468,438.0382,441.6244,441.9199,434.2184,429.081,426.9463,426.286,427.9877,430.1461,432.3843,436.3448,438.6068,431.9228,424.9472,424.6696,425.4411,428.2536,431.1127,435.0161,438.9089,438.1398,440.4973,444.4223,446.4738,441.9108,434.2599,429.814,419.1963,417.9079,417.4866,423.7608,429.8138,430.3503,429.8484,425.1565,423.0967,421.8026,413.2049,410.0908,405.8313,402.1492,404.202,400.6465,410.8017,428.9078,437.803,435.1395,432.476,437.0368,438.7073,441.5428,440.0278,440.9391,443.139,440.5345,442.7193,443.0453,443.0126,443.0048,445.0734,441.5398,442.1185,441.7009,443.1756,443.5503,442.0923,439.5316,436.7272,438.3379,438.7561,434.2654,433.6146,436.6593,438.4192,439.1703,437.972
427.2507,439.4565,446.1983,450.8991,449.9547,447.7009,448.112,447.6775,450.733,449.1293,447.3478,447.3604,452.9588,452.5418,453.5687,450.9748,446.6689,445.6066,444.1351,445.3612,445.4718,445.5227,444.6163,442.7996,449.8151,447.4771,442.9749,439.3019,440.9473,443.9207,444.4182,444.7853,444.278,444.0703,442.3701,438.092,437.4083,437.7646,435.9216,433.6422,440.0598,443.4291,444.9009,443.5006,439.4001,438.0982,438.5631,442.9923,445.0276,442.8368,439.4757,438.5111,439.3232,440.6951,439.8263,432.5663,427.8404,426.1447,426.8526,429.2512,430.9863,434.2535,440.4662,441.6864,432.6036,426.1355,427.2614,429.272,433.6076,436.639,437.3319,440.3213,441.358,442.0537,444.7048,445.5613,443.7745,444.532,441.7218,431.3924,425.4477,420.0591,419.8976,421.9505,420.7036,418.9926,416.407,419.1041,417.2948,410.227,408.7709,407.1053,406.1219,412.2911,416.0883,424.1976,436.4793,443.8673,441.2469,438.6264,440.4183,443.6637,441.1853,442.905,447.1636,449.2482,445.7528,443.6023,441.8838,440.1927,441.0848,446.4977,444.4056,440.0276,440.638,444.8222,443.935,445.3066,444.1477,441.5975,443.1641,442.5291,439.3688,439.5948,442.2526,444.1784,445.5244,442.1157
427.5572,438.1995,446.2607,452.4269,452.7065,449.8317,449.1193,447.8372,447.0424,448.6559,446.6175,446.0992,450.0054,448.7317,453.9492,452.1558,446.43,444.8961,448.1727,447.488,446.152,445.0646,447.4097,444.1528,447.6149,446.6242,441.4417,439.363,442.9627,444.8564,445.3756,445.827,442.5012,447.3427,444.2848,436.9721,435.5008,436.4475,436.5456,436.4329,439.3346,442.537,443.0325,441.0142,438.1181,437.5729,436.6081,442.3689,443.0811,440.4498,437.8511,436.7596,435.8295,437.605,439.4566,434.0629,427.2106,424.448,424.5151,426.3974,429.0302,431.4966,437.4272,440.0574,432.1148,426.6662,428.5151,429.5313,432.063,437.196,441.2189,444.8045,446.1352,446.2676,446.3642,447.1891,449.3114,449.792,446.0079,438.7107,432.2505,423.3127,415.5165,414.4228,406.8401,399.2046,394.3431,403.358,405.6039,399.3719,399.4875,401.7356,404.557,413.6241,423.7143,436.1599,441.6612,451.3771,447.6091,443.841,443.851,449.1219,451.9513,448.901,448.9955,450.8213,448.8703,444.6339,443.0437,441.8631,441.2467,444.3654,442.611,442.3212,439.2288,447.4481,450.0727,447.0868,445.9891,445.9049,445.003,447.4169,443.8122,444.5715,446.5387,446.3774,445.8518,445.345
426.2221,437.7791,445.0755,451.037,452.7444,452.3967,452.6333,448.7641,447.8531,444.3374,444.4695,444.3931,443.4544,444.0562,451.789,453.1047,446.8493,442.3247,445.5307,443.4565,441.3546,439.6931,444.3734,444.0728,449.8359,447.3255,442.3082,440.5736,442.9336,442.4032,443.8513,445.4075,441.4557,447.1595,444.9702,434.5336,433.9054,435.803,435.1114,433.8943,436.9339,440.4278,441.9083,441.8691,437.782,435.1302,434.6605,440.1078,442.2974,440.847,438.8003,437.7865,436.1944,436.3392,440.1797,437.604,427.8034,424.1012,428.3395,431.2196,431.4276,431.3589,431.74,431.7845,427.4896,423.667,424.5799,426.3213,430.0648,435.3001,442.0275,446.6841,446.1932,447.3051,447.3582,448.5909,449.3699,446.5804,448.3998,444.5306,440.0202,425.4897,413.3668,407.2607,397.5517,387.7431,379.5234,381.6354,384.3116,381.0786,383.7965,389.0216,394.9504,408.9043,428.4144,443.8674,443.5548,446.8041,447.5016,448.1992,449.7835,455.0127,452.6998,449.7585,444.9726,448.7813,449.9274,448.7622,447.6654,446.6127,441.4013,442.9028,443.2952,442.7294,443.5284,449.0025,451.5468,449.1731,447.8519,447.3441,449.3917,446.053,443.4031,446.9161,448.1292,446.9992,445.9203,445.6124
421.0723,431.7007,440.8661,448.6455,451.5212,451.5739,453.4501,450.9312,449.6752,444.0649,443.3472,443.2279,444.5842,443.2618,447.6586,451.9702,446.9028,440.6794,442.1965,443.5351,443.1768,442.8682,443.2422,442.6219,448.6898,449.0712,446.9503,440.3411,440.2669,441.2111,442.5766,443.9622,443.606,446.9624,443.091,435.2426,430.3847,432.0019,432.8712,433.4003,438.2201,438.8242,441.3524,441.687,438.6944,435.8084,436.1587,441.0497,442.7111,442.4017,442.0978,439.5566,436.813,439.0436,444.7319,441.7607,434.9878,430.3504,431.1794,434.5263,436.6503,436.3159,432.8535,429.8293,426.0695,423.528,425.0364,425.2308,428.2083,435.6422,441.8883,446.1179,445.9229,448.6457,449.0381,450.5541,451.1313,447.8693,451.2098,449.7777,445.7365,432.5543,420.9322,410.5933,399.9068,388.6942,377.0465,375.4237,375.3716,367.899,373.7516,379.2761,385.2261,396.8853,422.96,443.8121,449.5706,451.4689,451.4865,451.5042,452.745,453.2473,453.0211,449.5675,447.8994,451.4432,450.769,447.7231,449.7072,452.4402,449.031,443.4635,445.3412,447.5597,446.9423,448.4301,450.9036,449.4222,447.1442,445.0616,446.4109,446.8626,443.6983,444.7157,445.773,445.4124,445.0563,444.9259
413.4468,425.0233,438.1023,447.2048,448.8024,451.6347,450.1034,449.5818,451.7444,443.1216,442.4048,443.112,447.5598,444.4675,444.9539,449.0591,446.7499,440.9189,440.5063,443.494,441.6893,440.1572,442.583,442.7052,451.1991,451.8035,445.0904,441.5713,439.6513,442.0029,443.2411,444.4136,448.2774,447.571,441.5835,437.192,432.298,433.0901,433.1814,432.9461,437.9682,439.0631,443.5711,445.1769,441.0652,438.6629,438.4919,442.1336,442.5802,442.8576,443.9564,440.2744,438.4583,440.3372,444.2326,441.7253,433.8406,428.5947,428.6052,432.3652,437.2988,438.4949,434.9001,432.3206,429.4429,426.1667,425.8885,426.4374,429.4883,435.4818,442.9782,447.1484,445.7348,445.3471,446.6315,449.4635,450.0462,443.8286,449.193,449.8753,447.3303,438.9321,433.6764,425.3618,415.995,404.7886,387.5288,382.1249,381.4644,373.8927,377.0225,383.1425,389.3338,397.2053,417.0618,437.2538,446.6261,453.4524,452.4923,451.5323,447.8916,450.9884,449.8163,447.83,452.1405,452.5384,451.8569,448.9373,449.7785,451.1932,448.2312,444.3489,444.6817,446.7282,445.4414,445.2007,447.0172,445.2789,444.4659,444.4668,445.4039,446.3006,443.3135,443.6497,442.8579,441.7166,441.4879,443.0155
408.2161,423.9621,436.9564,446.6664,449.0609,450.9612,451.0641,449.3759,449.4155,440.5883,438.979,439.9373,448.0131,443.7033,442.9398,444.5993,442.9884,440.6613,438.8465,441.0211,440.4923,440.4965,447.9037,444.1461,454.3509,453.0946,446.0414,443.1955,440.2094,443.5062,444.4707,445.3026,447.0994,448.7423,442.5174,438.429,436.0971,435.7188,435.1887,434.5718,438.1442,441.4042,445.9963,443.8935,439.1725,437.388,439.0498,442.1363,442.4282,442.6909,443.5341,440.6034,437.929,440.0164,441.2019,436.8664,429.5923,426.4915,424.6876,426.1928,431.8092,436.1977,436.6314,433.9354,429.4593,426.0317,425.6256,427.3549,432.4031,437.2296,442.895,447.6318,445.0722,443.8423,445.2557,447.3242,448.4405,445.8455,446.9123,447.8548,447.2159,444.9771,445.2202,438.5807,430.1508,419.8659,403.2135,396.6592,393.5369,392.7589,394.8129,398.762,402.9309,409.4031,415.8224,435.3095,443.32,448.7837,446.3352,443.8867,447.9532,448.4458,450.2563,447.161,451.6169,450.5536,454.0954,448.7563,448.6273,449.4068,447.7173,444.3147,442.1135,444.9877,443.5349,440.696,441.7041,443.1322,442.096,440.2667,441.6318,444.8979,441.712,442.6405,443.384,442.9003,442.8815,442.9883
406.256,423.7434,436.1,446.1465,449.6547,450.1933,450.2199,447.4278,447.6959,441.2691,438.1292,437.7629,444.8633,437.575,435.1425,441.058,438.6489,438.6922,442.9857,445.7648,443.364,441.5069,447.5432,448.6508,457.0854,454.8329,450.4163,445.4796,443.9428,445.4885,446.3221,447.1133,451.3387,450.9816,443.9651,438.4572,435.9212,435.9055,435.9084,435.8451,438.6961,443.7168,447.646,445.0598,441.0651,440.1111,439.2641,441.0937,442.8572,444.3995,446.0926,443.677,440.9603,440.3838,437.9581,430.6122,421.5309,418.154,418.7379,420.8519,424.2557,429.43,432.4528,431.6196,427.9729,424.1678,423.6337,427.5795,434.0061,436.8368,441.0002,442.9073,441.016,439.754,441.5491,443.6557,444.1938,442.3097,444.8191,443.4759,443.8891,446.4547,453.7596,450.5982,439.8734,427.9303,413.259,411.2447,405.9977,407.795,418.3427,421.2686,423.9451,424.0295,425.8189,434.8059,440.9046,443.208,442.2908,441.3736,442.4382,445.5807,444.1611,441.8398,445.8124,448.7575,449.1148,443.7863,443.9047,444.8942,443.6013,443.0338,441.8494,442.5615,442.1407,438.4294,440.7926,440.3716,440.8569,442.2571,443.2474,444.8819,441.607,441.2055,443.6442,444.7093,444.9482,445.4663
410.6848,425.2201,437.6195,445.9062,446.2393,448.9638,450.1185,448.2539,447.1917,440.9883,438.5302,437.4004,439.4583,433.528,433.1573,438.6983,436.5899,436.4444,442.6034,444.6074,444.7584,445.2725,450.9517,451.2791,456.2959,457.9156,451.3732,448.8695,446.9704,448.0086,448.5741,449.1096,451.9807,452.0292,445.3796,443.6607,437.8574,437.6996,436.9409,435.8559,440.6535,447.0959,451.4004,448.8543,440.8781,443.2885,446.3462,446.1774,447.8657,448.4298,447.9562,442.8975,442.1575,440.7993,437.1002,429.4626,419.8166,416.308,417.3555,419.0283,420.9904,424.3676,428.6493,431.7839,427.7285,421.7323,421.7083,425.8314,433.572,436.8141,438.4645,440.6091,439.205,438.1513,440.5408,442.4458,442.395,441.2543,442.5514,443.0516,442.0062,445.5002,453.6783,449.5458,438.3535,426.1373,412.7647,416.3695,420.1357,423.2108,435.3219,437.3105,438.732,433.9985,429.4404,436.6244,437.1011,444.833,442.7677,440.7025,442.5882,443.9375,442.3606,437.462,440.0602,443.6023,445.9542,442.222,443.3876,445.3556,444.7882,442.9846,440.2532,443.341,445.4307,441.6356,441.41,440.7765,442.153,444.4883,445.1522,446.0563,442.1008,442.4872,445.2944,445.7264,445.1143,447.3761
413.7847,427.3249,439.5969,447.2101,446.0809,448.0955,448.7531,448.1174,447.6774,441.5664,439.7899,438.602,438.4979,434.3587,437.5301,445.0997,444.7563,444.9489,449.9315,448.991,449.0991,449.4189,452.9449,457.0404,459.4313,458.9392,452.3971,446.6017,451.3747,454.4601,452.5685,450.4227,453.5614,454.8939,453.7136,446.1119,439.7551,438.1493,438.3525,438.7563,446.3889,450.4209,450.4995,448.3271,445.3498,446.612,447.6832,448.5801,450.7033,450.429,448.8494,445.2541,445.3522,443.099,440.2176,434.7054,420.0867,413.0695,416.9669,420.1245,421.4079,423.6205,426.8421,431.1322,429.2392,423.5618,422.6441,426.5932,433.9904,436.7072,437.9019,438.2209,438.0786,438.6893,441.8857,443.6784,442.6849,442.8741,444.4487,444.6413,444.1122,443.2546,448.5514,446.7766,434.3515,422.2462,415.0407,423.4853,424.4463,429.4286,443.0894,442.0578,440.7444,436.5259,434.3355,436.7466,436.1227,445.7791,443.544,441.309,446.3845,447.4893,444.8383,439.0756,440.6658,443.3434,444.6136,442.2716,442.0479,442.1868,441.5518,443.196,442.7362,445.7086,445.3848,444.0572,443.4122,442.9682,444.4432,446.6074,447.5854,448.6483,446.5443,446.366,448.6251,448.8818,447.8015,448.4787
421.8902,433.7225,442.8074,447.2724,444.891,448.4708,447.588,447.3166,448.4132,441.2736,441.2849,441.2997,440.9056,439.6734,444.328,453.3015,450.5663,450.7257,453.3356,453.6177,453.5554,453.6834,456.4267,454.7164,460.1481,461.6809,454.7139,447.5606,452.5602,455.2447,454.9079,454.4196,454.7782,459.5375,459.0912,450.6269,441.8485,438.1189,440.1709,443.1686,450.8791,454.0638,453.4746,450.3766,450.429,451.113,449.4554,451.9498,453.6085,453.013,451.9406,447.9075,447.0725,443.8311,443.4882,437.9287,424.0284,417.6667,420.0717,422.3052,423.1653,426.4924,428.9647,432.7585,431.418,424.463,423.4625,427.5855,436.3855,438.8711,439.5775,442.423,442.4863,445.8358,447.5428,449.0923,448.6673,447.4969,450.9288,448.2352,446.6151,447.1328,448.6051,448.0699,436.1132,425.0122,420.3485,427.6578,429.2112,428.0081,445.2926,440.8987,436.61,433.8286,436.0055,439.0837,440.7025,447.849,445.8669,443.8848,450.7332,450.9756,448.2052,445.8153,444.0083,445.9724,447.8927,445.2565,444.9426,445.0392,444.5414,445.9282,446.8012,450.8589,451.3369,448.7249,447.7026,449.3201,450.7622,451.9043,449.6356,449.6607,448.8806,450.3183,451.3908,451.507,451.7027,452.3544
429.1221,439.2182,446.0066,448.5753,445.3763,448.8578,448.5083,447.8001,447.1334,442.824,444.0274,445.0449,444.7778,443.846,451.0981,457.638,457.5948,456.6105,456.284,456.8795,456.8595,456.8943,457.8416,460.5943,464.4498,462.2729,456.3216,450.4475,455.5589,457.6721,458.5988,459.4702,460.4038,461.5787,460.941,454.8284,445.0001,443.7123,444.9173,446.3028,451.3653,454.1004,456.5422,456.0321,451.875,453.3898,451.2763,450.5045,452.4993,452.5431,451.4278,450.9587,449.6017,444.9968,447.5098,443.0612,426.7252,417.0984,416.7946,419.8432,424.1083,428.8125,429.8732,434.411,435.3224,428.614,427.6533,430.6186,439.3066,445.2099,446.7976,449.1958,449.5172,450.004,453.7935,455.4373,451.8186,449.6323,453.136,451.2747,449.177,452.3281,452.8996,449.5044,441.1602,432.3761,424.5602,430.6277,432.3068,429.4516,442.8199,441.8299,440.6773,437.9354,437.6149,441.7912,444.2187,448.0415,447.8886,447.7356,454.4407,455.0097,454.946,450.3788,448.0866,452.676,453.108,448.2877,449.1134,450.8265,448.9164,447.848,451.0491,454.2609,453.4066,452.5818,453.2224,453.5209,454.9721,456.9215,453.6871,452.3081,453.4338,455.4408,455.6624,454.6023,453.4365,453.349
437.5738,444.7991,450.0566,451.1743,447.03,451.2644,452.2419,449.1593,448.1475,442.1651,444.3477,447.0579,450.6913,451.1095,459.5712,464.45,460.9694,456.9405,457.6389,455.3826,457.1912,458.9776,460.3516,460.2777,463.1515,461.8531,461.6892,453.073,457.9594,460.7227,461.3188,461.8072,462.3182,462.4506,461.5448,457.359,447.5297,446.4821,447.2075,447.9562,451.9341,455.1028,457.3996,459.2138,455.25,454.6762,449.8264,450.6765,452.6826,453.1163,453.2337,450.8385,449.139,447.3161,449.0567,440.5602,423.6509,414.2478,412.8007,415.6264,420.4037,426.2354,429.1255,434.4103,436.2268,430.7074,429.4486,432.6876,441.716,446.2282,449.0992,455.1895,454.9646,456.2772,458.3221,458.7259,455.6926,453.6775,454.4186,455.4759,454.9351,455.2747,455.4654,453.7352,447.5603,439.5863,427.2587,432.0998,430.803,428.7779,437.8655,439.7267,441.5732,443.2555,444.9305,447.5085,448.7169,450.4952,453.6599,456.8247,457.4438,458.5914,457.1724,455.421,451.1967,453.884,456.5173,455.3173,455.3061,455.5306,454.5466,453.4898,454.274,455.9643,455.7379,456.6157,456.6592,455.7863,457.3509,459.8524,457.3844,455.6191,454.7096,458.0727,457.4524,455.8537,455.5811,456.1526
445.3662,447.9788,452.5134,453.507,450.2955,453.6807,452.5421,451.5528,451.437,446.0643,449.1836,452.7098,456.2989,454.8363,460.2577,461.4445,459.9708,457.3658,457.1788,457.2011,459.3922,461.431,461.2368,462.2013,466.5392,463.5369,461.0774,456.9185,459.0729,462.8006,463.9356,464.9336,466.0324,462.5112,455.9279,454.8628,446.8632,448.2032,450.16,451.887,451.3618,457.0189,458.8468,461.1458,457.3462,455.5314,451.7843,453.8523,455.8772,457.0487,458.3985,453.1271,450.0227,450.9374,450.3405,438.6718,423.7064,416.3372,415.6391,416.8945,418.0155,423.0969,428.7547,436.4025,437.9091,431.7161,431.18,433.4979,442.4641,450.1948,453.4203,458.1887,459.1724,462.1779,462.9036,462.4668,459.7056,457.4241,457.7795,461.6485,460.6212,460.1546,457.4723,456.1685,452.6752,446.2253,430.3279,432.8246,433.6896,433.3299,436.8618,442.9771,448.3265,446.0128,451.4153,455.8914,455.8425,457.1966,460.0241,462.8515,462.8798,463.101,458.8705,456.9611,456.9363,459.2943,462.391,461.332,460.3261,459.4023,459.0358,455.0127,454.4195,459.3016,459.6078,460.3963,460.8311,457.9797,458.3004,460.1202,459.9854,458.4309,459.022,461.6788,461.2539,460.0778,459.5498,459.8134
450.6526,447.4749,451.1162,453.0717,453.9591,457.694,453.9852,453.3794,453.7307,448.3539,450.3281,453.2501,457.8574,455.1888,459.2105,458.9235,459.2686,458.2504,460.3537,459.6074,460.1399,460.6291,460.5543,462.1049,462.22,464.6339,462.9398,459.5467,459.4675,465.8207,465.6814,465.1938,466.8833,462.4283,459.3766,455.3561,449.7845,450.6092,450.6987,450.4287,451.3853,458.2573,459.9567,461.0461,457.1511,456.3038,454.4922,455.3149,456.7849,459.2577,462.3501,457.3405,452.3585,453.4216,451.993,443.7923,433.079,425.4597,425.5677,425.0666,420.4899,424.4535,432.6148,439.7156,438.7657,431.984,432.2556,435.436,444.4431,452.1561,455.6815,461.1523,463.7859,463.9898,464.2892,464.3571,463.4823,462.1959,463.0997,464.1794,462.0573,462.9876,461.0174,461.1902,458.3351,453.1208,439.9848,439.7347,438.4417,434.1682,431.138,437.9804,444.183,444.0144,450.9657,461.3009,463.0455,463.6128,464.2717,464.9305,463.5049,463.2739,458.0475,458.4945,460.3094,464.0588,464.5246,463.9589,463.7025,463.502,464.3266,456.1887,457.378,461.6031,459.3507,459.7147,460.0153,455.627,457.1199,461.2385,463.6451,460.063,459.7536,462.8935,461.9514,460.5689,460.2962,462.8902
