0,1,2,3,4,5,6,7,8,9,10,11,12,13,14,15,16,17,18,19,20,21,22,23,24,25,26,27,28,29,30,31,32,33,34,35,36,37,38,39,40,41,42,43,44,45,46,47,48,49,50,51,52,53,54,55,56,57,58,59,60,61,62,63,64,65,66,67,68,69,70,71,72,73,74,75,76,77,78,79,80,81,82,83,84,85,86,87,88,89,90,91,92,93,94,95,96,97,98,99,100,101,102,103,104,105,106,107,108,109,110,111,112,113,114,115,116,117,118,119,120,121,122,123,124,125,126,127
592.7078,594.7214,601.504,608.7012,618.0136,617.7133,617.3342,615.4838,613.6268,610.7722,607.9176,605.063,602.2085,611.5339,572.9966,528.7716,484.5465,457.0216,432.9287,408.8358,410.7888,420.8256,422.4966,420.8964,425.1929,432.3333,439.4736,427.221,426.4916,442.7173,458.943,468.7376,472.5901,466.8613,459.4102,462.6244,465.8385,480.0269,511.5982,540.2736,553.4292,545.4659,528.9452,490.0188,451.0923,430.4688,478.7014,526.934,569.4642,577.9919,586.1127,590.5464,594.9802,599.4139,603.8476,608.2813,609.6232,610.9297,612.2364,613.543,587.3115,580.9584,577.7885,594.3437,593.4883,587.6829,599.4189,616.4694,618.2029,601.1101,603.255,617.1093,618.7535,608.9136,596.2551,594.2213,600.2571,606.293,610.6751,606.5101,594.8583,588.77,589.8909,574.6592,547.2426,542.4632,544.9637,562.8235,581.2269,599.6301,610.8047,598.6359,589.4846,593.016,596.3546,598.5825,600.8105,603.0385,605.6813,614.4199,611.0347,607.6494,586.3409,592.5717,599.6307,584.588,582.1406,581.2067,583.9821,587.3597,590.7375,594.1152,591.2895,586.6296,586.0866,587.0853,583.7959,584.3577,587.9116,581.064,569.9081,560.2175,549.959,539.237,528.5151,523.9193,525.8506,534.6263
611.8825,613.1996,616.6484,619.2983,616.4286,618.3113,619.5823,609.418,599.3246,600.0392,600.7538,601.4683,602.1829,606.5582,565.7206,519.5915,473.4624,450.5363,432.3787,414.2211,424.0215,442.499,431.6289,409.283,413.8181,431.3172,448.8163,441.3899,440.7236,456.1651,471.6066,477.03,473.1971,465.833,460.5014,462.3158,464.1303,478.2571,511.8864,539.6411,547.9255,538.8238,522.3,486.3429,450.3859,431.2266,475.2613,519.296,558.3339,567.5762,576.1956,579.1691,582.1427,585.1163,588.0898,591.0634,595.6417,600.2383,604.8349,609.4315,590.8721,582.1983,575.2531,596.8536,601.4702,600.8283,600.189,599.5505,597.0733,596.2528,600.3836,606.3797,606.6014,600.4853,592.4625,590.6022,593.4225,596.2427,597.6497,599.4101,603.0737,600.5973,590.165,568.0317,537.1498,522.4151,514.9198,528.3636,555.3914,582.4191,601.1024,592.8399,586.4567,587.9723,590.0873,595.6544,601.2214,606.7885,611.3537,600.4587,599.7188,598.9789,601.129,589.4503,577.3571,574.6885,586.7669,600.3226,599.359,596.0378,592.7166,589.3953,590.2275,592.2879,592.4755,591.9617,592.2115,592.96,593.7827,587.4408,576.8301,566.342,557.8523,550.9939,544.1355,538.3201,533.6161,538.1581
612.5219,615.726,608.1738,601.6036,602.5687,604.829,606.919,605.8246,604.7664,609.1972,613.6281,618.0588,622.4897,601.4189,554.7515,505.3744,455.9974,427.4083,403.0913,378.7744,393.6218,420.6246,417.1618,401.786,404.3773,415.6337,426.89,428.1052,433.4566,446.2947,459.1327,465.6847,466.4286,468.6075,470.1174,468.9124,467.7075,478.8299,509.4783,536.4546,546.7338,536.5537,520.4305,488.7466,457.0625,441.8083,488.3635,534.9187,575.2711,578.6356,582.0049,585.4171,588.8293,592.2415,595.6537,599.0659,600.7683,602.4512,604.1341,605.817,589.1266,579.6057,571.3625,579.7225,597.0082,615.597,613.4536,605.0289,607.2854,620.718,620.2557,611.7948,602.7014,602.3093,607.65,611.1331,613.205,615.277,599.328,585.6407,593.7883,598.3067,598.1224,566.0177,510.8221,501.0014,492.9194,499.8788,533.1511,566.4235,593.5993,601.0879,606.5891,603.7372,600.9905,598.85,596.7096,594.5692,592.6738,594.9126,603.749,612.5854,596.5317,589.8643,583.4831,596.5704,601.0716,604.5043,604.7279,604.4304,604.1329,603.8354,599.7504,594.5453,595.3503,598.4058,597.7781,596.4471,595.6306,600.8867,597.7073,586.2122,576.2062,567.4161,558.626,554.1524,554.2778,549.2332
599.7435,601.7243,606.129,610.3606,612.9724,612.5867,612.5042,618.0867,623.6088,619.9564,616.304,612.6516,608.9991,605.9227,556.9562,502.6515,448.3468,419.6609,396.24,372.8191,394.4812,430.1356,420.4696,393.0821,397.5829,417.4626,437.3423,444.7482,450.3229,460.2767,470.2306,477.2522,481.5646,483.2702,480.5322,475.9038,471.2754,479.1619,506.8716,533.5248,546.6656,535.4672,519.1205,489.2941,459.4677,445.7988,492.9151,540.0314,580.8282,583.9418,587.5009,595.0983,602.6956,610.293,617.8904,625.4877,621.4046,617.1884,612.9722,608.7559,593.9609,587.3923,582.1283,595.3253,603.3651,609.3557,614.4064,619.1724,620.1513,614.7927,615.8627,620.9575,616.6655,607.7328,599.2816,598.516,603.5876,608.6591,607.759,599.483,589.6343,588.1486,597.4991,564.4232,504.8834,512.874,520.3093,532.644,558.9144,585.1849,605.3363,605.7278,606.1014,606.4001,606.1762,602.9434,599.7105,596.4777,593.8743,601.0804,604.3726,607.6649,591.4053,580.6952,570.1553,589.8673,594.5499,597.3942,599.523,601.5356,603.5483,605.5609,606.7685,607.738,604.7856,600.3646,586.2336,582.9905,587.6335,599.6426,594.0547,573.3625,564.0169,563.9344,563.8518,565.7,569.6052,569.5344
610.1951,611.2677,610.1548,609.141,609.1104,611.3278,613.3323,611.3566,609.3923,609.1832,608.9741,608.7649,608.5558,601.2125,550.3751,494.5578,438.7407,402.1562,369.5244,336.8926,363.1675,407.7251,396.6967,363.9328,374.9199,407.007,439.094,444.6416,448.7343,463.8681,479.0018,483.6432,478.59,473.2093,468.4727,464.9483,461.4238,472.3762,506.2594,531.9949,535.5629,525.2653,510.6411,484.6884,458.7357,446.734,487.2167,527.6994,562.1459,560.5989,559.9355,567.2818,574.628,581.9742,589.3204,596.6666,595.6707,594.5796,593.4886,592.3975,589.9049,579.4109,567.8278,589.5698,592.2426,588.9523,592.0798,597.1519,592.7316,595.1332,599.124,601.7587,602.433,597.2668,589.1206,589.1411,595.3644,601.5876,605.0083,606.0619,607.564,605.5303,598.9151,570.4545,532.437,536.1436,538.8572,545.6887,566.7496,587.8104,603.2095,600.3255,597.7787,596.6492,595.6154,595.1336,594.6518,594.17,593.2004,584.9516,588.0328,591.1141,587.3672,577.186,566.8135,577.8196,582.6299,586.6082,585.571,583.7196,581.8682,580.0167,586.632,595.7507,594.7739,590.0165,581.7485,575.7722,571.8041,576.1091,572.5983,560.2634,555.6915,557.4572,559.2229,561.5772,564.5587,565.8177
594.2406,596.8499,590.6802,585.9597,591.8761,595.1013,598.3801,602.6616,606.9188,607.4656,608.0123,608.5591,609.1058,592.726,542.5114,488.541,434.5706,388.3371,343.6936,299.0501,319.8845,361.0412,362.1292,347.5493,361.0345,388.0545,415.0745,418.0751,423.8209,442.4276,461.0343,471.4034,474.1611,478.9589,481.489,478.5724,475.6558,482.2844,504.0323,525.9171,537.2581,525.7023,510.4356,485.4529,460.4701,448.9821,488.262,527.5419,561.2902,562.0538,562.9692,565.2601,567.5511,569.842,572.133,574.424,581.1121,587.8504,594.5887,601.3269,589.5692,578.8193,568.4938,559.5599,565.2125,574.184,581.7881,588.9778,594.5927,591.5715,591.4941,594.428,585.77,580.4338,581.4172,582.4998,583.6576,584.8154,585.5018,591.2763,603.0738,605.2216,594.8654,575.4042,556.1221,561.3416,561.0625,555.2792,563.121,570.963,577.9573,582.2146,586.5589,591.2686,594.7751,591.3525,587.9298,584.5072,581.6254,587.4625,597.4329,607.4033,584.2645,580.3251,576.9674,585.3748,586.7864,587.3615,588.3062,589.3109,590.3155,591.3202,585.0041,576.5234,574.3884,574.6296,598.1964,595.8059,574.5728,568.7382,575.4026,584.0679,580.8881,568.0381,555.1881,548.6406,548.808,547.1606
597.0014,600.826,605.5465,609.0426,603.7244,602.3298,601.1786,604.5787,607.9697,609.9652,611.9608,613.9564,615.9519,605.1641,555.3941,501.2272,447.0604,409.9673,376.3832,342.7991,364.2989,402.895,392.242,362.3313,368.7133,392.5983,416.4832,423.8267,433.0184,451.0372,469.0561,478.7278,480.687,484.0672,487.1248,487.9039,488.6829,494.863,509.5984,526.9282,539.0695,529.6752,516.2639,492.3348,468.4058,458.2972,500.182,542.0668,577.9918,578.3787,578.7796,579.3086,579.8375,580.3665,580.8954,581.4244,594.3597,607.4363,620.513,633.5897,620.0871,609.2911,599.2797,592.3583,588.8737,586.0435,595.7746,609.3116,614.1231,603.946,607.0632,618.8144,621.1478,613.4755,602.903,595.5308,590.5893,585.6478,590.9612,596.3788,590.8796,588.8275,591.2424,588.2673,584.6896,594.4059,590.4445,569.001,572.7241,576.4471,579.1744,578.6862,579.4634,585.5599,590.2604,586.9213,583.582,580.2429,578.8278,606.5397,600.1685,593.7973,587.2313,585.8199,584.5627,580.5895,586.0297,592.4858,593.0233,592.5997,592.1761,591.7526,593.5403,595.9818,587.5006,574.9292,577.4474,581.5999,583.0058,592.8365,592.1034,580.6097,568.8934,556.9953,545.0972,538.0239,536.091,536.2725
607.0079,610.2644,609.569,608.2933,603.564,607.5861,611.585,615.1536,618.705,619.6508,620.5966,621.5424,622.4883,603.4407,556.7313,507.0151,457.299,418.8282,382.6684,346.5087,370.0272,412.0679,410.1717,391.0949,395.3733,410.9151,426.457,417.1464,422.8602,450.4841,478.108,485.2758,473.5428,478.2886,489.7626,487.4341,485.1057,490.9576,509.7669,524.3421,525.0815,513.7081,500.7125,483.4695,466.2266,460.2715,496.782,533.2925,564.9409,567.5964,570.4064,574.6165,578.8265,583.0366,587.2466,591.4567,602.9523,614.5309,626.1096,637.6882,621.1185,597.4553,573.2404,584.9012,595.3141,603.7797,593.9497,578.5767,566.9694,600.421,609.4668,598.1804,596.5168,602.2352,609.1196,608.0925,601.0565,594.0205,597.1757,603.7661,603.1192,602.4691,601.8148,602.2321,600.4637,592.1134,585.9769,585.226,586.2864,587.3468,588.1008,587.8655,588.0802,590.1866,592.2363,593.9589,595.6816,597.4044,599.0773,599.8102,596.5887,593.3672,591.6622,583.5398,575.225,568.0873,579.7527,593.3923,590.3617,584.6241,578.8865,573.149,577.453,584.726,587.1573,587.7755,577.1345,580.7162,594.2609,596.7678,584.9722,568.1022,560.7064,561.0452,561.384,559.2197,554.3886,549.9656
582.6154,585.4045,586.3835,587.4322,589.3978,595.0997,601.0195,611.0138,620.9422,620.8592,620.7762,620.6932,620.6102,595.1548,550.4868,503.8495,457.2123,412.1593,367.4319,322.7044,337.3021,370.3123,389.7298,403.8322,405.192,400.4066,395.6211,388.7191,403.0498,433.3352,463.6205,474.1401,466.3967,470.519,479.6581,479.0658,478.4736,487.4216,511.4811,527.5333,523.2454,508.3931,493.92,480.4394,466.9587,463.4646,497.5404,531.6162,561.4934,566.3339,571.1588,575.8411,580.5234,585.2057,589.8881,594.5704,603.3651,612.2065,621.048,629.8894,596.5164,572.2681,549.9359,532.9832,560.6604,598.4407,583.1837,551.8577,550.5868,596.951,601.9883,580.2017,568.687,577.7348,596.0482,604.3658,605.0916,605.8173,593.4697,584.5696,593.4684,601.1339,607.2015,599.5422,578.687,571.7645,572.6813,583.2051,578.3547,573.5042,573.1027,587.0677,598.0835,596.7034,595.2383,593.2847,591.331,589.3773,588.0069,595.8875,604.3024,612.7172,577.8839,571.1141,565.1935,573.9602,580.595,586.8823,586.9625,586.0349,585.1072,584.1796,578.7853,572.0702,581.6321,597.2894,592.4446,589.3447,592.0085,586.8734,580.9905,577.8976,572.5317,565.3099,558.0882,551.3324,545.0729,540.1948
590.524,591.1702,593.6085,596.4371,601.8141,603.4419,605.1875,609.135,613.0566,613.0366,613.0165,612.9966,612.9766,600.7106,552.9467,501.1852,449.4237,407.375,367.3224,327.2697,341.3732,372.285,393.9807,412.0726,410.1024,398.4569,386.8114,391.0709,412.527,438.8928,465.2586,478.2831,478.9809,474.9489,472.4048,477.9447,483.4846,494.7941,515.2425,530.5176,529.394,514.5435,502.7142,498.7953,494.8764,497.1843,522.9175,548.6508,571.4922,577.09,582.4802,585.9886,589.4971,593.0054,596.5139,600.0223,605.8922,611.789,617.6858,623.5826,600.3958,591.3417,584.6969,566.8475,557.7338,551.1641,567.988,591.8997,595.33,579.6942,584.7405,601.8292,607.9458,595.8444,576.215,573.2791,583.0222,592.7652,588.0419,577.7663,577.0317,581.9872,594.3156,592.702,579.2039,582.4504,580.9742,573.9,576.5262,579.1525,581.9966,585.5444,588.6052,589.6198,589.9061,585.9985,582.0908,578.1832,575.7142,595.5144,602.5422,609.5701,575.7275,572.0869,569.359,581.9427,585.7159,588.4317,590.6516,592.7909,594.9302,597.0695,594.2234,589.9033,589.6646,590.9544,587.9324,586.27,586.3285,592.6312,591.5192,582.7145,572.8542,562.1321,551.4101,543.2349,537.7731,536.0885
599.5396,598.8474,603.1893,607.718,613.2684,615.1476,616.6329,610.7537,604.9059,603.8359,602.7659,601.6959,600.6259,602.9238,550.3989,491.4691,432.5392,396.4221,364.9932,333.5644,352.4673,386.9916,392.401,386.4257,381.5175,377.1239,372.7303,376.714,402.9604,441.1167,479.273,494.5756,488.7621,475.8823,468.7437,477.9241,487.1045,498.3704,512.9398,524.6966,524.0086,508.3791,497.708,500.02,502.3319,508.6862,530.2483,551.8104,570.9955,576.0068,580.7319,582.8638,584.9956,587.1275,589.2593,591.3912,601.4786,611.6567,621.8348,632.0129,611.6299,597.5366,584.7866,594.7116,580.1302,558.8168,560.2271,568.5222,566.5884,573.5731,583.5117,592.2603,601.6539,600.7067,592.9852,590.2262,591.2363,592.2463,595.7629,596.8322,592.5526,591.8818,595.8872,595.3575,589.2437,585.6406,581.8342,580.3003,584.9693,589.6384,592.9696,591.9807,591.6434,594.0449,596.0195,595.5358,595.0519,594.5681,595.0198,609.6071,607.0131,604.4191,580.0208,570.2132,560.8469,570.2978,576.0026,581.155,582.7394,583.7444,584.7495,585.7544,590.3026,595.8983,592.5226,585.7875,583.3823,586.3963,591.1589,590.2431,584.2058,577.0817,571.0449,565.8958,560.7466,556.4832,553.1635,549.34
592.9313,593.0977,595.9407,598.6539,600.5616,604.1205,607.6183,609.9709,612.3093,612.4993,612.6892,612.8791,613.069,603.2865,549.4545,490.6075,431.7606,395.0072,362.7943,330.5813,349.7798,384.9346,396.0462,397.7562,383.7873,362.2569,340.7266,347.0407,382.9539,427.1047,471.2555,488.6291,481.2613,475.3547,476.3318,483.6648,490.9977,499.6037,510.2259,516.8549,512.5308,501.2225,495.1496,502.7847,510.4198,520.1506,537.7654,555.3801,572.3794,585.7084,597.1302,591.265,585.3997,579.5345,573.6692,567.804,581.8718,596.1668,610.4619,624.7569,601.2186,580.8557,561.5157,550.0323,569.0145,594.6999,591.9579,580.6031,584.2781,614.3137,614.9132,597.4404,587.8129,594.3924,608.3661,613.05,610.6783,608.3065,598.1506,590.7933,594.8422,598.8533,602.8155,595.3849,579.6168,579.8795,580.7579,582.1403,581.7381,581.3359,581.5303,583.6511,585.9228,588.8289,591.2831,591.1353,590.9874,590.8395,591.8469,610.3834,609.5525,608.7216,576.0743,570.838,566.4287,580.5272,585.9506,590.3043,592.3375,593.9939,595.6503,597.3068,592.2435,585.1934,588.3068,595.226,594.5042,594.9301,597.759,598.5877,595.0575,589.4041,582.5483,574.7112,566.8741,563.807,565.8222,564.9986
594.354,594.4468,594.9391,595.7734,599.1193,601.8381,604.7495,611.2607,617.7314,618.0473,618.3632,618.6791,618.9951,603.2074,551.853,496.533,441.213,405.7822,374.4388,343.0955,364.9353,403.2815,419.8185,427.8274,410.4104,380.7313,351.0521,360.2581,397.5374,436.9564,476.3753,492.9388,488.3846,485.1117,487.2425,494.1841,501.1256,507.8502,514.2308,517.5046,511.7675,499.5606,493.5271,503.6575,513.7879,524.7021,538.5654,552.4285,567.8802,592.8041,614.2197,603.8354,593.4512,583.067,572.6827,562.2985,577.8432,593.6833,609.5236,625.3638,594.0906,581.1312,571.4388,568.4935,583.245,601.7894,608.6185,611.8981,615.5877,622.713,622.0172,616.9624,611.5696,612.0652,616.4075,616.2194,612.5902,608.9611,597.1541,587.2893,588.326,593.4921,604.009,602.9351,589.6174,586.1818,582.9249,580.4175,578.7817,577.146,576.7464,580.3386,584.8085,592.9674,599.4342,596.1553,592.8763,589.5974,587.5949,604.9645,601.0234,597.0823,581.2692,574.2416,567.4796,579.2263,584.653,589.2585,591.4716,593.2962,595.1208,596.9455,596.3312,594.9958,595.6616,597.0768,587.6069,588.3367,596.8789,599.9971,597.6581,593.8956,587.4274,578.7501,570.0728,566.308,567.7773,567.8303
592.0953,592.9108,596.7343,600.46,603.2881,604.5786,605.9998,609.8657,613.7114,614.4683,615.2252,615.9821,616.739,600.755,551.9072,499.4144,446.9216,412.4367,381.6526,350.8685,370.4059,405.5615,421.5938,430.1483,419.2939,399.0792,378.8645,389.7894,426.0772,466.1129,506.1486,518.2263,504.4715,494.495,494.3657,501.0841,507.8025,513.8864,518.9652,520.2938,511.4545,496.3082,489.0906,502.6328,516.1749,529.6492,542.8688,556.0884,569.4749,583.8575,595.9428,587.2056,578.4684,569.7313,560.9941,552.257,569.4785,586.9959,604.5133,622.0306,600.5424,586.6696,574.454,582.2287,591.5166,600.2317,603.5551,605.2449,607.3314,619.4792,623.9094,622.6929,620.3044,619.5939,620.3713,618.662,615.0641,611.4661,604.176,596.8246,593.3785,596.0873,606.7716,608.2657,597.5419,590.3658,579.7764,567.7691,568.8217,569.8743,572.6503,580.9919,588.604,593.1498,596.7431,594.8503,592.9576,591.0648,590.7557,614.0516,599.8141,585.5767,580.8757,576.6639,572.4647,574.5091,577.3593,580.2422,581.9437,583.4532,584.9627,586.4722,589.6455,593.3107,593.7802,593.0528,580.2048,582.1795,594.6292,598.672,596.4818,593.6016,587.7459,579.4611,571.1762,567.1258,567.5868,568.1466
596.7878,597.6646,598.1953,598.8958,600.7537,601.4559,602.4553,609.0098,615.5171,614.8671,614.2172,613.5671,612.9172,599.593,551.0842,498.6186,446.153,412.532,382.7839,353.0358,370.7033,403.087,418.6114,427.5434,421.2513,407.6171,393.9829,402.2249,434.4579,473.6826,512.9073,524.6604,511.0305,495.6466,489.9499,498.2652,506.5806,513.351,517.6742,517.9593,508.113,493.2075,486.561,501.5389,516.5168,532.0313,549.5639,567.0966,583.3867,592.2681,599.5008,591.7903,584.0798,576.3693,568.6589,560.9484,573.9167,587.1208,600.3248,613.5288,587.5036,579.1076,573.7625,576.5843,587.0535,598.9189,602.0032,602.4269,608.0598,616.5266,620.9775,623.3601,622.3648,619.9704,617.9205,615.5651,612.9776,610.3901,601.8483,595.5349,598.0414,601.8392,607.3102,605.7288,592.6948,578.8353,566.6022,562.0625,567.4565,572.8506,577.9084,581.8806,586.4721,593.6663,599.199,595.1623,591.1257,587.089,584.6087,605.5591,595.6484,585.7377,579.7317,575.2357,570.7841,576.7047,578.663,580.1166,582.2874,584.5746,586.8618,589.149,589.3871,589.0193,586.372,582.8711,577.873,581.592,590.1338,599.105,601.4854,599.1939,592.7703,582.9733,573.1762,567.1861,565.252,565.5175
594.5289,595.6063,596.234,598.0729,607.8793,606.6491,605.6884,609.7657,613.812,613.1198,612.4277,611.7356,611.0435,593.7825,547.7118,498.4654,449.219,417.9126,390.2931,362.6736,379.4028,409.8964,423.3488,430.1377,428.7215,423.3483,417.9751,426.6467,451.2415,480.6927,510.1439,518.0546,506.0627,492.8157,489.0201,498.2884,507.5567,515.5129,521.3909,518.3168,500.7303,488.7663,484.791,501.7328,518.6746,535.0231,549.1396,563.2562,577.4175,591.8457,604.5168,601.262,598.0072,594.7524,591.4976,588.2428,594.4467,600.7585,607.0702,613.382,593.0442,584.0238,576.9844,582.8176,589.1884,595.0889,598.6147,601.421,608.0345,619.016,621.7453,619.9859,619.2318,618.2494,616.7568,614.8023,612.497,610.1918,603.8207,598.7822,599.5615,601.3406,604.4151,599.8281,586.6128,579.0151,571.4185,567.112,570.3754,573.6389,577.6068,583.8492,589.2972,591.4066,592.647,588.8832,585.1194,581.3556,579.052,598.6605,587.4453,576.2302,576.5584,572.9006,569.1211,570.5735,574.6516,578.963,584.9671,591.2462,597.5251,603.8042,597.2031,586.7936,583.2752,582.3373,570.2259,572.4597,584.6991,594.6192,596.7924,594.6693,589.5087,581.8684,574.2281,569.1878,566.9175,566.6741
595.3273,596.7336,598.9589,601.7453,607.9526,606.47,605.3786,611.5987,617.7653,615.7921,613.8189,611.8458,609.8726,595.8984,550.4625,501.4955,452.5284,422.5939,396.571,370.548,390.7331,425.2597,436.7045,439.1236,441.6136,444.1377,446.6618,453.5765,471.5879,495.438,519.2881,522.2162,505.813,489.1334,485.8293,499.019,512.2086,520.7969,522.097,515.3517,496.048,482.8247,478.6192,498.0253,517.4315,535.9799,551.3011,566.6225,581.2245,591.5375,600.7847,600.3718,599.9589,599.546,599.1331,598.7201,604.2007,609.7485,615.2963,620.844,603.565,591.2722,580.0228,583.1259,588.7653,594.3295,598.5143,602.2811,608.2576,618.4797,620.3383,617.5569,615.3649,613.6001,611.8912,610.5124,609.3845,608.2566,602.4236,598.6906,602.2944,604.7513,605.7219,601.1037,591.4229,587.9441,582.226,575.5089,577.2018,578.8948,581.2664,585.8293,590.3408,594.636,597.0331,588.4987,579.9644,571.4301,564.9194,588.9852,575.7507,562.5162,554.6528,559.6496,565.0303,568.0124,571.2284,574.4891,581.4132,588.9321,596.4511,603.9701,599.533,591.5608,585.7717,580.8001,559.7155,562.3841,581.0526,593.9517,596.4642,594.3413,588.2712,578.9785,569.6859,565.6647,567.26,568.5901
592.9022,593.5428,593.4108,593.9485,599.1172,600.3227,601.7616,607.5624,613.325,613.2628,613.2007,613.1385,613.0764,600.492,555.1199,506.0681,457.0163,426.8585,400.5838,374.309,397.5765,436.2204,447.5231,448.1347,453.7776,461.8469,469.9162,475.4807,487.8616,506.1948,524.5279,523.5178,504.6351,488.093,487.1281,501.8311,516.5341,524.6359,522.2819,513.9246,495.744,481.1413,477.3495,501.8644,526.3792,548.1697,559.7109,571.2522,582.6716,593.364,602.4786,597.2927,592.1068,586.9209,581.735,576.5491,584.6856,592.9739,601.2622,609.5505,590.7071,583.5092,578.3454,578.4666,583.1703,588.6926,595.0417,601.6412,604.6083,614.08,616.3524,613.6295,612.9845,612.8231,612.2114,611.4667,610.621,609.7753,605.5707,601.3575,600.7476,602.0528,605.8393,603.2304,594.429,592.0427,588.7555,584.882,583.9675,583.0531,582.7682,584.5164,586.9723,592.4026,595.0361,581.5627,568.0892,554.6157,544.2939,581.8022,566.6332,551.4642,527.7289,538.7087,550.7295,565.1021,566.8942,567.3392,576.0937,586.1974,596.3011,606.4048,598.7956,585.9492,580.3913,577.5629,562.2101,559.9664,567.4156,583.1702,592.3057,593.4184,587.9235,577.0342,566.1448,560.344,559.9645,559.9052
582.9708,582.7799,585.8167,589.9293,601.0384,601.5716,602.3553,607.8212,613.2502,613.083,612.9159,612.7487,612.5815,592.8926,548.3208,501.0602,453.7997,422.7623,395.059,367.3557,393.6515,436.707,452.2993,457.1527,465.744,476.1379,486.5319,489.9949,497.3718,510.6641,523.9564,521.595,504.7703,488.668,487.2604,502.6086,517.9568,525.3975,520.3131,508.5486,488.6534,478.6726,479.58,508.9961,538.4121,563.3277,571.3123,579.297,587.7432,598.9419,608.6881,605.2689,601.8496,598.4304,595.0111,591.5919,596.4969,601.4967,606.4966,611.4964,589.0833,580.7916,574.882,579.9946,585.4781,590.5381,600.5573,612.0787,611.8418,611.8196,611.8711,611.0071,610.1289,610.9545,612.8627,610.8333,605.8131,600.793,595.7333,595.1898,599.5845,600.8936,598.2043,595.3381,590.3182,582.0891,577.1797,577.8638,575.5476,573.2314,573.5159,582.199,588.6656,585.8166,581.7532,570.6958,559.6384,548.581,540.9415,585.0645,569.3048,553.5451,581.638,577.6093,572.6099,567.1999,568.907,571.3685,579.3928,588.3203,597.2477,606.1752,597.617,583.8888,575.6441,569.4529,557.1133,558.9196,569.4355,585.5857,593.4099,593.1785,588.2208,579.4044,570.588,566.6904,568.0336,567.4849
580.4507,580.3812,585.9757,591.6078,597.1326,598.9258,600.8458,605.136,609.3943,608.7863,608.1781,607.57,606.9619,594.2535,544.8821,491.3761,437.8702,408.9271,385.0319,361.1367,391.0279,437.6126,461.6254,476.8118,484.8734,489.4987,494.1241,494.3066,499.906,511.3504,522.7949,520.1575,504.5089,489.9418,489.6284,505.0618,520.4951,527.5819,521.4479,506.6275,483.4478,477.85,481.0918,507.4787,533.8655,556.8763,567.1862,577.496,586.8294,590.3409,593.8018,596.8049,599.8079,602.811,605.8141,608.8171,608.5485,608.2426,607.9366,607.6307,590.9567,581.5784,573.4647,575.6193,583.1433,591.4382,598.5575,605.3207,610.2252,611.8287,612.6237,613.5585,611.8159,609.819,608.6359,605.8608,601.8766,597.8924,594.7114,594.9095,597.9068,599.049,597.787,595.6257,592.0173,588.327,582.9573,575.1888,569.9302,564.6716,562.3516,569.521,576.5178,582.7894,587.0226,579.5162,572.0097,564.5032,559.4292,591.0718,576.9496,562.8275,574.9061,569.592,563.7516,565.4461,561.657,557.2263,566.566,578.1417,589.7174,601.2931,593.2417,579.3871,569.763,561.7231,552.8171,553.7548,559.9425,582.0032,592.9744,589.6761,584.2961,577.2167,570.1371,567.2574,568.8522,568.8881
579.8594,579.2027,583.5139,588.5248,597.7812,597.264,596.927,599.9581,602.9747,603.7945,604.6143,605.4341,606.2538,591.6573,536.4879,476.764,417.0402,392.8911,376.0531,359.2151,391.8041,439.7337,474.9654,505.2319,510.2646,503.1279,495.9911,487.4268,492.5417,507.9647,523.3876,522.6606,507.0116,491.8045,490.8452,506.4758,522.1064,528.8265,521.4326,504.7141,480.5879,478.6528,484.2122,509.3944,534.5766,556.1123,563.9297,571.7472,578.1317,575.9714,574.4444,578.658,582.8715,587.085,591.2985,595.512,593.3716,591.1588,588.946,586.7332,590.9479,578.2289,563.0604,571.6113,578.0479,582.8979,590.1517,598.1339,602.9503,607.4837,610.3113,612.1452,612.9427,612.3063,611.1404,608.0867,603.5992,599.1117,590.1499,585.748,591.102,594.5443,595.5096,594.4726,589.1253,581.735,575.562,571.25,565.4019,559.5537,554.478,551.8967,549.8538,550.0733,551.1022,556.7928,562.4834,568.174,574.1137,583.4326,578.2179,573.0032,574.5436,569.0822,563.4097,562.6243,558.8823,554.7877,559.3842,565.392,571.3998,577.4077,574.7353,569.4965,562.7396,555.4141,545.6996,550.0698,562.2253,578.0687,585.3288,585.1814,581.2641,574.269,567.274,565.5975,569.5875,568.7835
578.0242,578.8481,583.9465,589.4849,597.5071,597.6199,597.9981,603.34,608.6393,607.464,606.2886,605.1132,603.9379,587.0942,534.5228,477.9624,421.4021,401.1384,388.3342,375.5299,406.3813,450.7819,486.7122,519.3303,522.9744,512.6452,502.316,490.611,494.0795,508.8874,523.6953,523.3496,509.0026,494.1581,491.3583,503.7414,516.1245,520.1872,511.0708,494.9809,475.0569,475.3438,482.9832,509.8738,536.7644,559.9969,569.4672,578.9374,585.8808,577.7557,571.0506,577.2152,583.3798,589.5444,595.709,601.8736,593.527,585.015,576.5031,567.9911,560.0121,557.4827,555.7016,561.993,570.8962,580.0322,585.4916,589.8371,596.8417,598.504,599.8192,602.2523,606.0135,607.3462,606.6597,603.3664,598.0932,592.82,584.5281,581.2236,586.5725,590.7442,593.3904,589.7896,580.4299,577.8322,575.8502,573.4867,567.3011,561.1155,555.4445,551.4351,548.5697,550.5123,552.2321,552.6683,553.1046,553.5409,555.1633,574.8896,577.4485,580.0074,577.7637,568.1497,558.3161,560.3417,556.616,552.1844,556.1921,561.5701,566.9481,572.326,566.8824,558.2392,553.8571,551.0706,558.991,562.8899,562.1848,572.6862,580.0732,580.5981,579.2809,576.4598,573.6388,570.9622,568.4393,565.3923
573.3515,573.9673,577.6501,581.7907,588.7507,589.7036,590.9135,596.9282,602.8966,601.8262,600.7558,599.6854,598.615,589.8007,539.6433,484.7625,429.8816,408.9987,395.1027,381.2068,413.8517,460.9415,495.5432,525.2618,526.3186,513.5526,500.7867,490.326,494.6837,508.4559,522.2281,522.7607,511.0604,500.8003,500.2274,509.4185,518.6097,518.7324,504.4911,488.1262,474.0262,473.3537,481.2776,511.7101,542.1425,567.5377,573.983,580.4283,584.1777,571.8514,561.6165,570.3373,579.058,587.7788,596.4995,605.2203,600.4835,595.5934,590.7034,585.8133,563.1708,565.2164,570.9623,570.3755,575.8745,583.0778,589.3319,595.2986,595.1812,602.1487,605.2056,604.5159,606.9094,608.269,607.8524,604.6599,599.3589,594.058,582.9893,576.9322,582.5117,588.1135,593.744,591.597,581.0471,576.8087,573.2549,570.1333,564.7315,559.3297,554.6151,552.1193,551.5107,558.834,564.5352,560.8937,557.2523,553.6108,551.6077,574.8038,579.253,583.7021,579.1338,566.2686,553.1568,559.6152,555.9149,550.9792,558.6949,568.4648,578.2347,588.0046,578.4714,563.2308,557.9074,556.2977,568.1516,571.7871,568.0132,575.3154,580.8737,580.5585,579.265,577.1729,575.0808,573.7361,573.1877,571.1971
575.5463,575.4288,577.474,580.5134,590.2531,592.4659,594.8698,600.8434,606.7744,606.229,605.6837,605.1383,604.5929,584.4061,535.4625,483.3813,431.3001,411.429,398.1773,384.9257,415.3508,459.3317,492.214,520.7563,523.7166,514.3394,504.9622,492.3542,494.8243,509.4101,523.9959,525.8145,515.8364,503.7225,501.0472,512.5922,524.1372,525.0524,509.1304,494.0187,484.362,482.9713,489.4486,516.527,543.6053,565.9628,570.5598,575.1568,578.1622,571.6774,565.9951,567.5875,569.1798,570.7722,572.3644,573.9568,577.8224,581.7139,585.6054,589.4969,583.2988,582.1521,581.8619,576.4885,580.7583,587.4998,590.7905,593.0358,598.4265,603.274,604.4883,604.3368,603.2712,601.2817,599.0407,595.5052,590.9866,586.468,574.9916,570.5677,581.2727,588.3754,590.8101,589.7443,582.2872,573.2132,568.4993,569.2551,561.751,554.2469,548.7122,549.5372,552.1203,562.0929,570.1227,566.9637,563.8047,560.6458,558.2672,568.0036,571.7369,575.4702,578.1611,567.9152,557.2822,561.1964,555.8469,549.3986,557.0115,566.9076,576.8038,586.6999,584.4946,578.7111,571.3162,563.3179,561.8333,564.6655,568.1628,577.1084,581.1916,579.6575,577.9862,576.2029,574.4196,573.8852,574.6814,571.9772
574.4714,574.0883,576.8965,580.3336,587.8821,589.465,591.3156,598.1724,604.9825,604.7101,604.4378,604.1654,603.8931,588.1235,544.6456,498.1089,451.5722,432.8333,419.8071,406.7809,428.955,462.0542,491.9374,520.5632,523.5696,514.2205,504.8715,493.7065,497.1352,511.694,526.2528,527.9492,517.7609,501.9,495.9592,509.5222,523.0853,526.6359,514.3275,500.5784,491.1097,496.565,507.2473,531.6155,555.9838,575.6589,577.6788,579.6987,581.5956,582.7599,583.636,581.9012,580.1664,578.4316,576.6968,574.962,575.8298,576.7273,577.6248,578.5222,580.8899,575.5294,569.0733,562.6766,571.8931,584.7282,589.3533,591.4909,592.6315,597.217,598.6201,597.7471,599.6198,600.5107,599.7816,594.7795,586.5323,578.2851,566.8754,565.1602,577.3557,584.6584,585.6209,583.725,575.272,563.212,557.9577,561.8279,554.1555,546.4832,541.3668,544.5043,549.5937,562.887,573.5628,569.1632,564.7637,560.3641,555.8492,550.0327,557.6736,565.3145,570.2039,563.3679,556.1816,555.7517,550.9173,545.5618,550.0917,556.2269,562.3621,568.4973,573.2512,577.5969,575.8058,571.7168,566.2433,564.8993,566.0004,576.6194,579.9557,574.304,572.1238,572.7778,573.4318,574.0326,574.5767,570.9917
572.8339,573.2393,574.5417,576.5115,583.1465,586.3257,589.5487,593.5917,597.6177,599.0676,600.5176,601.9675,603.4175,585.6288,549.7085,511.881,474.0536,462.1681,455.614,449.0598,456.8625,469.1211,491.5451,517.9441,519.7346,509.657,499.5795,483.7328,487.7175,508.3283,528.9391,531.7728,518.181,501.9735,498.2073,512.9198,527.6323,531.026,516.4913,501.6245,492.5138,496.9499,506.7885,530.7726,554.7567,573.8638,574.6229,575.382,575.801,574.1924,572.7819,573.1656,573.5493,573.933,574.3168,574.7005,571.9728,569.2097,566.4467,563.6835,563.3085,556.5041,548.7704,549.5205,562.4463,577.8041,580.8413,580.1456,581.8049,589.4537,590.2598,586.8046,585.5247,589.1346,595.0453,593.1954,585.4513,577.7072,560.2632,552.8401,566.7134,578.2047,586.6095,586.4782,573.024,559.4917,550.2112,547.4482,539.3558,531.2633,526.9194,534.6805,543.6182,557.501,568.2996,561.3351,554.3705,547.406,540.8185,540.4534,546.664,552.8746,570.4449,561.4902,551.7391,549.8748,546.3192,542.5193,544.7717,548.0069,551.2421,554.4772,558.4074,562.5431,565.4048,567.7895,560.3443,561.647,569.7675,584.1625,583.1136,568.8893,564.0593,566.8987,569.7382,572.2601,574.4435,572.0723
571.3107,570.8784,570.4289,571.1175,579.5284,579.8091,580.6073,591.0782,601.4838,601.9466,602.4094,602.8723,603.3351,587.084,558.2219,528.068,497.9141,489.4062,485.3469,481.2875,478.6182,476.3802,493.5811,518.3831,518.558,506.8559,495.1539,481.38,487.6685,509.0648,530.4611,533.126,518.4838,503.3632,501.1757,515.2171,529.2586,532.1109,517.2401,503.9545,500.2838,510.5457,522.8488,540.4968,558.1447,571.2812,567.4462,563.611,559.963,557.4304,555.1374,555.0157,554.8941,554.7725,554.6508,554.5291,553.7402,552.9435,552.147,551.3503,543.2801,539.0143,535.3887,541.7278,555.8987,571.4256,576.5667,578.5612,578.3508,587.2014,588.236,583.5784,578.7357,580.1933,585.7026,584.3307,577.7327,571.1346,545.5157,533.9162,557.9726,575.1933,583.5565,583.3988,570.9675,560.2094,549.9872,541.78,535.6494,529.5189,525.9176,530.4844,536.4941,548.5691,557.6686,549.6317,541.5948,533.5579,526.2168,530.1409,540.6375,551.1342,564.7282,556.7991,548.2251,545.6682,542.032,538.2317,538.9836,540.4748,541.9659,543.457,550.4286,559.0206,558.7841,555.2416,552.9854,556.0131,561.443,565.1641,563.08,557.7642,558.2029,563.3397,568.4765,568.114,561.8925,557.7594
577.4125,577.8659,576.5831,576.0043,580.6431,584.4525,588.3869,594.6578,600.8818,599.9581,599.0345,598.1108,597.1872,589.538,563.7214,535.8636,508.006,498.1939,492.0905,485.9871,482.0954,478.8902,493.463,514.9877,513.7938,501.6436,489.4933,477.9465,486.2317,508.2455,530.2592,533.6575,519.8557,507.8527,507.1934,517.8185,528.4436,529.9012,516.8378,510.7768,518.5334,527.1169,536.2034,546.6065,557.0096,563.1345,553.1644,543.1943,535.0166,537.5267,540.2881,545.3284,550.3688,555.4091,560.4494,565.4897,565.838,566.1328,566.4276,566.7224,551.8427,541.0458,531.0491,544.3906,554.5493,562.8912,574.4845,587.0628,589.7901,581.548,579.1555,580.9801,578.2025,576.0145,575.8743,567.5359,552.9711,538.4062,523.288,525.0532,545.7161,560.3984,567.331,574.5309,576.7292,569.6715,558.9133,543.9171,536.8611,529.8052,524.8713,526.7899,529.4163,535.0179,539.3076,536.0414,532.7752,529.509,527.4995,545.1058,555.7274,566.3489,576.4374,555.2633,533.1534,542.1492,546.3441,549.7729,549.944,549.5862,549.2285,548.8707,551.8523,555.8213,558.9734,561.8196,566.4701,567.6115,566.526,565.6761,566.3036,567.8378,569.7669,572.0182,574.2697,573.741,570.2505,567.5485
564.8379,563.6141,567.4871,571.2432,574.2236,578.2012,582.4894,592.5842,602.607,601.6832,600.7593,599.8354,598.9116,585.1689,565.2599,544.7676,524.2751,509.4225,495.7288,482.0351,474.55,468.9918,488.3095,517.3544,516.4722,501.1569,485.8416,476.2238,486.8792,509.2583,531.6374,535.5606,522.4311,511.8594,512.9868,524.8179,536.649,537.0898,519.4888,513.5231,526.8229,533.6676,541.4534,551.7033,561.9532,566.9687,552.2922,537.6157,526.9225,539.9818,552.5435,560.5961,568.6486,576.7012,584.7538,592.8063,589.4274,585.9183,582.4091,578.9,551.5323,532.1894,514.3274,531.0589,545.4507,557.701,570.2504,582.8905,587.4322,587.9547,582.0611,573.3192,571.5598,572.757,573.2827,565.2463,550.7067,536.1671,527.225,532.8156,548.1398,556.2918,555.1502,563.2944,575.4481,569.7766,562.8781,553.2721,543.3004,533.3288,526.5562,530.114,535.5756,549.0384,559.992,556.4944,552.9968,549.4992,546.2678,547.3019,549.7255,552.1489,549.825,536.2067,522.2513,554.1251,558.941,560.5194,559.0223,557.0257,555.0291,553.0325,558.7876,566.8347,564.5841,558.4773,562.4749,562.3366,557.6788,555.7208,557.9435,561.8722,563.5975,563.524,563.4506,562.6383,561.0389,560.616
558.4587,558.4786,561.6611,564.5517,565.8585,573.0291,580.2926,589.2955,598.2321,597.0771,595.9222,594.7672,593.6122,582.0098,566.0339,549.6583,533.2827,515.763,498.0082,480.2535,470.2347,462.617,475.3758,496.1024,497.7289,490.144,482.5591,478.4748,489.1933,508.7721,528.3508,531.9558,520.8016,507.4297,504.8716,518.3004,531.7291,533.3121,516.1316,516.3764,540.1105,542.8141,547.2126,556.049,564.8852,568.8075,554.243,539.6786,529.2566,543.5359,557.5192,568.8186,580.118,591.4174,602.7169,614.0162,604.5592,594.8657,585.1721,575.4786,533.9791,518.9969,508.1851,524.1265,542.4767,560.1494,570.3616,578.3135,580.559,584.6668,581.826,574.8842,574.8502,572.1755,565.3168,555.1897,542.5802,529.9706,522.5745,529.6421,546.7819,555.6286,553.7295,559.0101,565.987,556.7827,553.8946,556.8293,542.9612,529.0931,518.3911,517.9129,518.4011,522.9506,527.7588,534.0565,540.3543,546.652,551.8642,540.2656,538.1482,536.0308,544.5291,534.9012,524.7285,545.9731,551.3015,554.6883,552.1964,548.7499,545.3033,541.8568,549.2273,559.7961,558.7225,553.2892,550.8354,552.3949,555.3033,554.3248,553.0123,553.1167,555.1902,558.8712,562.5521,562.8423,559.5197,558.4894
555.3442,554.0401,554.0179,554.4434,558.3552,563.3415,568.6321,579.61,590.5218,591.3624,592.2031,593.0438,593.8844,570.6437,556.4906,543.6433,530.7961,517.8051,504.7845,491.7639,481.968,473.173,485.9322,507.1196,507.8758,498.7785,489.6812,481.2735,489.1423,508.1901,527.2379,530.5008,519.1787,508.4358,505.5724,511.4384,517.3046,519.7644,516.829,529.1982,555.6737,549.8533,547.8667,555.9184,563.9701,567.3784,553.318,539.2576,529.1587,542.6826,555.9019,566.3606,576.8193,587.2781,597.7369,608.1956,599.2809,590.1453,581.0098,571.8743,532.9175,521.8729,515.1618,529.3323,545.2874,560.6912,573.0029,584.3776,588.8815,582.9999,580.2272,580.4882,580.4959,575.3359,566.9999,555.8196,542.479,529.1384,518.1089,520.4457,534.7859,543.9946,546.5537,554.7124,562.1251,553.3826,546.9534,541.1556,525.7474,510.3392,498.6795,499.1248,501.5307,512.1772,521.7045,524.7857,527.867,530.9482,533.7449,532.3801,539.8452,547.3102,551.2842,539.7673,527.7874,529.1104,544.2639,560.7657,556.8335,549.5832,542.3329,535.0826,539.6062,547.611,549.9984,550.2822,548.3757,550.9763,556.4069,558.5194,556.6777,553.5458,554.3655,558.4114,562.4573,562.7524,559.0515,557.8215
555.9263,554.9413,552.1166,550.1464,554.2985,555.4202,556.8911,564.8866,572.856,576.8474,580.8389,584.8303,588.8217,567.5357,557.389,548.7989,540.2088,529.5007,518.3574,507.2141,493.4052,478.7692,488.4061,507.5344,505.7119,493.7854,481.8589,477.4544,487.9805,505.6284,523.2763,526.8937,517.5474,512.3162,513.7216,517.6559,521.5903,527.3059,535.8428,549.9789,563.2782,552.0543,546.0028,553.4947,560.9866,563.6526,548.163,532.6735,521.2904,534.3945,547.1972,557.2687,567.3401,577.4116,587.4831,597.5546,588.2138,578.6519,569.0899,559.528,528.2056,520.1516,515.6625,530.4836,545.8204,560.3845,571.0822,580.6085,583.1417,579.8399,576.4856,573.7433,574.4073,572.7783,568.4594,557.9764,542.8116,527.6469,516.2266,516.7735,526.2658,535.3948,544.0529,551.5789,552.5155,545.202,544.1922,547.875,532.2138,516.5526,505.3162,508.3689,512.8407,523.2768,531.8815,529.9389,527.9963,526.0536,524.6798,532.5547,546.8273,561.1,550.6801,538.046,525.3507,519.2209,533.8405,550.5945,550.2053,547.0324,543.8594,540.6865,544.9412,551.3918,554.8546,557.1984,556.6901,557.0485,558.5284,559.3862,559.664,559.8099,560.9307,562.8472,564.7639,563.8795,560.0109,557.812
556.5168,554.9179,551.9252,549.4918,551.2496,552.7919,554.6064,561.5103,568.4084,574.4374,580.4664,586.4955,592.5245,566.6225,556.2844,548.0859,539.8875,528.2935,516.0017,503.7099,492.6107,481.8816,491.0458,507.9889,502.6778,486.6341,470.5905,460.9413,470.5406,490.8232,511.1059,518.3912,513.6676,517.5342,526.9671,531.6871,536.4072,540.7997,544.6735,555.9955,569.6381,557.9348,551.7045,559.8047,567.9049,570.1688,550.4761,530.7835,516.2478,532.4633,547.7707,554.8483,561.9259,569.0035,576.0811,583.1587,575.3758,567.4236,559.4714,551.5193,528.5755,521.4445,516.7393,530.0533,544.1039,557.4926,566.8987,575.0981,575.9014,573.6098,570.2825,566.5189,565.2093,564.0344,562.0514,554.1997,541.8906,529.5816,519.0826,518.9869,528.222,535.8318,541.3356,545.5265,544.9889,539.8615,541.3933,549.4,540.4647,531.5293,525.4785,528.7424,531.4134,531.5923,531.7714,531.951,532.1307,532.3105,532.8129,538.5956,548.8313,559.067,552.9612,540.2095,527.2623,513.5561,529.6034,548.7964,548.9467,546.0049,543.063,540.1212,546.2133,554.9763,559.0391,561.3418,555.9939,555.6544,559.6987,562.7308,559.3922,552.1415,553.4704,561.8037,570.137,571.8093,566.3851,562.218
553.1185,551.1332,550.5174,549.1485,543.0172,545.568,548.4381,557.2749,566.0952,572.3974,578.6996,585.0019,591.3041,567.5832,560.3253,555.2919,550.2584,538.1818,524.6576,511.1335,495.9902,480.3445,491.0564,512.0748,506.3511,487.7305,469.1098,457.7859,466.4242,485.8394,505.2545,512.7354,509.1894,516.9904,531.202,538.0522,544.9025,551.4955,557.6812,565.8185,570.8497,561.3684,556.1609,562.1436,568.1263,568.4583,547.5326,526.6069,510.9307,526.5582,541.2659,547.6365,554.0072,560.3778,566.7484,573.119,567.8787,562.506,557.1333,551.7606,532.9675,525.5463,519.9102,529.2852,542.5162,555.9478,564.2861,571.0811,571.1569,568.4648,566.7702,565.5868,566.364,563.92,558.7254,550.505,539.9864,529.4678,522.495,523.8095,530.2941,536.9562,543.8482,546.6124,543.4378,541.0859,543.2066,549.2209,542.808,536.3951,531.495,531.48,532.9003,540.3526,546.3744,544.1572,541.9401,539.7229,537.6812,538.5039,541.5924,544.6808,549.8813,536.8491,523.2706,517.6203,526.6322,537.125,536.5482,534.174,531.7998,529.4256,536.1334,545.5265,553.0031,559.7621,546.4045,542.2,547.4644,558.8981,558.3458,547.0179,546.7923,555.6303,564.4683,567.0726,563.0353,559.8298
550.2252,546.7374,542.4359,539.0635,542.5414,544.5884,546.8287,552.6832,558.5438,565.3293,572.1148,578.9003,585.6859,557.9927,551.7101,548.2729,544.8359,535.7031,525.3997,515.0964,502.0627,488.1815,496.7008,513.9794,508.9662,493.2025,477.4388,469.4845,478.2095,495.1602,512.111,517.2726,511.5415,519.5951,535.7706,543.4064,551.0421,556.3933,558.1257,560.9609,562.5543,557.0354,554.9288,561.7567,568.5845,569.9194,550.5901,531.2607,515.8835,524.0724,532.1524,539.2454,546.3384,553.4315,560.5245,567.6175,563.6262,559.5087,555.3911,551.2736,534.8771,529.1033,524.993,535.7432,546.3625,556.2648,563.6073,570.1743,570.6992,567.6378,565.1877,563.2833,570.0483,568.7896,559.3011,549.5439,539.5827,529.6215,521.8705,522.9792,531.315,538.5272,544.2834,544.9411,540.5562,541.1052,542.6702,543.5797,538.1205,532.6612,529.8313,535.4923,540.8672,545.0398,548.0275,544.1915,540.3555,536.5194,532.8752,532.5734,540.1583,547.7433,546.6298,538.3098,529.7757,527.455,532.7794,538.8586,536.7252,533.2584,529.7914,526.3246,531.2907,538.7503,546.7714,555.0027,544.1207,539.3011,542.1281,545.8885,545.8082,542.7166,544.8508,551.2514,557.652,558.8565,554.525,551.9684
548.2867,545.1006,540.5289,536.8786,539.8883,540.213,540.842,547.1591,553.4824,560.7721,568.0617,575.3514,582.6411,556.1464,550.7474,548.1501,545.5529,535.0296,522.8774,510.7251,501.1651,492.4096,502.6412,520.2973,517.599,505.0844,492.5698,480.4716,485.183,501.5741,517.9653,523.3609,518.597,526.0386,540.6865,547.7911,554.8956,560.9786,565.4435,564.1396,554.2961,549.7972,548.1712,554.0676,559.9639,561.869,548.7591,535.6492,525.1335,530.0871,535.2366,542.1618,549.087,556.0122,562.9374,569.8626,562.9233,555.8262,548.7289,541.6317,532.5078,529.1884,526.706,535.6245,545.1216,554.2261,561.1623,567.4415,568.7292,565.3676,562.1309,559.5053,567.1506,567.5096,559.5224,549.9813,539.2599,528.5385,521.066,522.5013,530.0986,536.7295,542.1081,542.272,537.741,539.0463,540.2473,539.6201,535.2834,530.9467,528.606,532.7107,537.5558,545.5128,551.5073,546.1992,540.8911,535.5829,530.8892,536.0822,545.5571,555.0322,548.8411,542.2079,535.5647,523.6442,528.4603,535.0863,532.6498,528.7418,524.8337,520.9257,525.8236,533.3253,537.5964,540.6578,540.8337,540.9196,541.6446,538.1186,535.0565,534.1086,536.9593,542.911,548.8627,549.7341,545.193,543.7147
543.228,539.6144,536.7711,534.9123,540.0624,541.3116,542.9611,552.0935,561.1934,565.3533,569.5131,573.673,577.8328,557.7915,550.1172,544.131,538.1447,526.4619,513.6083,500.7547,495.005,491.4602,502.6731,519.6567,520.4622,513.4654,506.4686,502.361,507.4758,517.7885,528.1013,531.7138,529.1354,535.0061,545.845,551.4376,557.0302,560.8529,561.8724,559.1104,551.4231,548.6652,547.3821,549.9606,552.5391,552.5704,543.0186,533.4667,526.5234,535.1346,543.1855,546.1582,549.1309,552.1036,555.0764,558.0491,551.2322,544.3036,537.3752,530.4467,530.7477,526.8837,522.3303,537.1442,546.1061,552.8156,561.0436,569.7318,571.7896,564.6656,560.6232,559.3773,562.2675,563.2094,561.4138,552.4244,537.9713,523.5181,517.8055,523.1781,531.1664,535.6174,535.4847,534.4352,533.2778,534.3724,537.235,541.5644,540.8152,540.066,538.6854,535.2658,533.8871,541.0866,547.0576,545.9533,544.8489,543.7446,542.9748,547.4636,551.0519,554.6403,551.4982,531.527,511.0534,524.921,534.9686,544.3264,541.1507,535.9398,530.7289,525.5181,529.3079,535.759,538.7647,540.4803,537.1281,534.9819,534.6575,537.6266,538.1197,535.5327,535.4098,537.2985,539.1873,539.5298,538.2249,538.8799
535.3249,532.9796,533.1129,533.5079,535.9638,539.2718,542.8201,550.8606,558.8591,560.4558,562.0525,563.6492,565.246,555.7947,545.7314,535.7118,525.6921,510.3926,494.0082,477.6237,480.0165,488.2372,498.9219,510.5701,515.5917,517.4174,519.2432,519.2578,523.7097,532.1185,540.5272,543.2473,540.7112,543.2872,549.869,554.482,559.095,562.9033,565.437,563.0068,553.7352,550.1367,548.2841,551.0026,553.7213,553.9573,544.854,535.7507,528.6603,533.5731,537.7214,534.9406,532.1598,529.379,526.5981,523.8173,522.9441,522.0927,521.2411,520.3897,524.3253,524.6377,524.3735,542.8452,553.4611,561.3891,567.7769,573.6979,570.6037,566.0022,562.8847,560.0773,560.4156,557.3859,551.0814,544.2206,536.9374,529.6542,527.5677,530.1875,532.3195,532.5307,530.2529,527.7009,526.4901,528.2989,533.0103,541.0275,542.7731,544.5188,544.4169,538.3488,535.0729,543.533,550.2889,547.2297,544.1705,541.1113,538.543,543.6525,546.4832,549.3138,552.0101,534.2917,515.9625,528.2733,526.8141,523.6462,523.205,523.2064,523.2079,523.2094,527.7993,533.746,533.8928,531.8677,533.994,538.2648,542.6484,540.6285,538.9091,540.1036,538.8422,535.5757,532.3093,530.603,530.5589,531.8834
531.0429,529.0086,530.384,531.8559,533.9639,535.2136,536.7677,544.0103,551.2205,553.5103,555.7999,558.0897,560.3794,557.619,544.7193,530.6938,516.6683,503.8227,491.2195,478.6163,481.4556,489.0878,501.9019,516.7422,523.6908,526.8334,529.976,528.2065,531.2092,539.815,548.4209,551.6946,550.0415,551.8815,556.0693,558.4422,560.8151,562.73,563.9195,559.0661,546.9925,544.1736,542.3499,543.1317,543.9136,544.4966,544.3318,544.1671,543.6511,541.0407,537.7297,528.0684,518.4071,508.7458,499.0845,489.4232,495.7406,502.2401,508.7397,515.2392,516.5556,522.9011,530.0244,540.1905,550.5651,560.8473,566.6772,571.1583,566.71,562.4703,561.2485,560.7226,559.5317,556.351,552.1539,547.9697,543.7952,539.6208,532.581,527.9987,529.1627,529.6706,529.3285,526.7036,523.538,525.5145,530.0665,537.4227,538.9171,540.4114,540.535,536.2321,534.0427,540.7363,544.9826,535.1343,525.2861,515.4378,507.0688,522.0717,536.1666,550.2616,557.2944,538.5177,518.9698,526.8273,520.5848,512.6256,512.1661,512.9243,513.6825,514.4407,519.5605,525.9699,527.8025,527.9211,528.7153,529.7106,530.6485,531.5623,532.5367,533.5624,534.3695,534.998,535.6265,536.1733,536.6331,537.0074
530.6166,527.3356,528.2305,529.5143,533.5471,535.8474,538.2535,542.6397,547.0203,550.5493,554.0783,557.6074,561.1364,558.4003,547.3734,535.4481,523.5229,514.7303,506.5815,498.4326,496.779,497.1412,504.2567,514.0129,520.5923,525.6395,530.6868,527.7713,529.8483,539.0714,548.2944,552.0615,550.7873,553.066,557.2377,558.967,560.6964,561.8753,562.1824,557.5268,546.9176,543.8582,542.1603,544.0274,545.8945,547.6761,549.1365,550.5967,552.4626,556.7467,559.0051,542.9023,526.7996,510.6968,494.5941,478.4913,484.1315,490.0196,495.9076,501.7956,511.594,520.9534,530.1918,545.3366,554.6071,562.2419,564.4933,565.1137,562.0809,560.5012,560.4753,560.6093,558.6686,553.2645,546.4254,544.1254,545.2729,546.4204,537.5078,527.8172,528.1041,528.4102,528.7413,525.9339,522.0306,524.5952,528.4241,533.7592,536.5157,539.2722,540.4786,536.6792,534.4442,538.7839,541.4475,534.4581,527.4687,520.4793,513.8747,514.0452,531.9223,549.7994,557.694,538.4113,518.317,526.8352,519.8668,511.0254,507.7307,505.3366,502.9425,500.5484,505.8244,513.3682,517.4987,520.3508,532.4645,538.0045,537.9758,534.2161,533.9632,537.6777,539.3078,539.236,539.1642,541.4457,546.2344,548.9346
531.019,529.3646,532.1919,534.5417,533.4714,534.0916,534.9435,540.1281,545.2971,548.0911,550.8849,553.6789,556.4728,553.5987,542.9893,531.54,520.0906,513.1447,507.1242,501.1037,498.2224,496.3155,503.6992,514.7159,520.9494,524.8762,528.803,526.981,529.7891,538.4808,547.1724,550.095,547.687,549.5709,554.1252,556.1913,558.2576,558.6672,556.4529,552.5352,547.7516,548.0547,548.5411,549.5077,550.4742,551.421,552.2928,553.1647,554.7319,560.4456,563.7324,545.0222,526.3119,507.6016,488.8914,470.1812,470.8017,471.6425,472.4834,473.3242,507.1653,523.4614,536.8141,549.2084,556.1349,561.8377,564.2388,565.6396,562.6665,556.4582,556.0953,558.811,556.4412,551.1968,545.9854,543.1432,542.1006,541.0579,538.2001,534.6981,532.4504,530.6486,529.4246,526.2296,522.7769,524.1216,527.5371,533.9816,537.4954,541.0092,542.8535,539.3062,537.6626,544.0201,548.9846,545.9255,542.8664,539.8073,536.4246,528.6609,539.9368,551.2128,556.2238,540.205,523.558,530.3802,524.0479,516.1317,511.4837,507.3665,503.2493,499.1321,503.6576,510.7384,517.0676,523.1153,531.645,538.0744,542.838,538.8401,540.2493,549.0485,551.113,547.6794,544.2457,542.2088,541.6599,543.1456
530.7947,529.3334,531.218,532.9226,533.1654,532.3992,531.9993,538.4448,544.8721,548.5483,552.2244,555.9006,559.5767,556.0804,547.174,537.7132,528.2525,518.7639,509.2696,499.7752,496.7445,495.7198,504.5901,517.3295,522.7441,524.626,526.5079,527.7685,531.7089,537.824,543.9391,547.4594,548.5821,550.3597,552.9429,555.6261,558.3093,558.8209,555.8928,551.5219,546.8083,547.2308,547.4366,547.075,546.7134,547.8876,554.8395,561.7915,568.5598,574.2325,577.2853,556.5909,535.8964,515.202,494.5076,473.8131,470.3908,467.1653,463.9398,460.7143,503.7737,523.0087,538.2242,547.3533,553.883,560.0911,563.4073,565.8474,560.9296,556.636,556.186,556.8597,553.5149,547.7632,541.9518,539.7722,540.3508,540.9294,536.7922,533.0737,534.8812,534.0128,529.677,524.6869,521.7349,524.0042,527.7161,533.025,535.1104,537.1959,538.8936,539.3395,539.952,541.2645,541.9769,539.2328,536.4887,533.7446,531.8878,543.5947,543.0156,542.4366,551.0402,537.9041,524.1152,525.3809,523.2838,520.7062,519.2993,518.0826,516.8658,515.649,522.4589,531.6422,530.4709,525.4223,536.4114,544.1077,546.3072,542.9353,544.9005,552.8584,554.7456,551.6767,548.6078,546.413,545.1497,544.2509
526.1924,524.377,525.9728,528.1018,533.7275,534.39,535.3055,540.9532,546.5788,548.8476,551.1164,553.3853,555.6541,552.1962,543.332,533.899,524.4661,517.4912,511.0215,504.5518,500.2813,496.6934,504.8734,517.6548,523.0452,524.871,526.6968,525.8383,527.8433,533.0907,538.3382,542.294,545.0563,548.893,552.5117,554.4392,556.3666,555.5206,550.2816,545.589,542.7859,541.766,541.1354,541.5237,541.912,544.3376,554.4274,564.5172,574.2021,581.4726,585.8123,563.5872,541.362,519.1368,496.9117,474.6865,473.4442,472.4409,471.4376,470.4343,513.6091,528.2419,538.2329,549.649,554.1285,556.9333,559.5133,562.0251,561.2791,557.5393,554.3146,551.6857,550.7165,548.0048,543.5871,540.1907,537.5701,534.9493,534.9833,534.9465,531.9778,529.6232,528.0645,526.2452,524.7635,524.5515,523.9381,523.7649,526.5245,529.2842,531.7649,533.345,535.1566,537.9409,539.5435,534.3399,529.1363,523.9327,520.3323,541.2155,539.2487,537.2819,545.4587,536.9628,527.9657,527.6348,523.0944,518.0374,520.045,523.1996,526.3542,529.5089,534.916,540.9891,540.4694,537.4808,540.5627,543.5428,545.029,544.599,546.176,549.9311,551.6723,551.7694,551.8665,551.956,552.0375,552.5083
527.1544,525.2939,527.2675,529.9171,537.0912,538.8462,540.6772,543.9305,547.1794,549.7422,552.3051,554.8679,557.4308,553.3027,545.5391,537.4225,529.3059,520.8355,512.2924,503.7493,498.3784,493.9922,501.465,513.5748,518.3685,519.6339,520.8992,519.8702,522.9271,529.9122,536.8972,541.3604,543.4932,546.5202,549.5754,551.4754,553.3753,555.0011,556.1926,551.0095,539.1259,538.9456,538.7656,538.5865,538.4074,540.3906,550.5082,560.6259,569.8638,573.8553,575.454,555.3637,535.2735,515.1833,495.093,475.0028,477.4421,480.1382,482.8342,485.5303,526.1556,537.2406,543.6414,553.0586,556.6763,558.8093,561.0952,563.4272,561.98,556.077,553.9821,554.2945,552.799,549.3978,545.4495,542.0303,539.0127,535.9952,538.0625,539.0089,533.2708,528.7123,525.6826,524.3502,525.1276,524.9992,523.3222,520.9076,524.2008,527.494,529.7856,528.8429,528.269,529.2453,529.951,529.0983,528.2457,527.3929,527.1154,535.7286,538.931,542.1334,538.8267,533.1772,527.459,532.353,532.1666,531.3555,532.3832,533.7095,535.0357,536.3619,539.7622,543.7757,544.0714,542.9749,540.165,539.4266,540.1566,538.0377,535.1714,533.0011,536.6138,544.9477,553.2816,559.4513,563.3152,565.7073
535.0682,532.7418,532.9927,533.3733,534.6252,534.8679,535.3787,540.9007,546.4001,548.4589,550.5177,552.5765,554.6353,551.9309,544.3834,536.3226,528.2618,520.7531,513.3578,505.9625,500.0299,494.5512,500.9619,512.0217,515.5855,515.5344,515.4832,516.0323,521.1382,529.1885,537.2388,541.5586,542.4316,545.877,549.4998,549.9154,550.3311,549.7786,547.6924,543.9268,539.4689,540.3692,540.4238,538.2643,536.1049,535.535,540.945,546.355,551.3438,553.8207,554.3909,537.6793,520.9676,504.2559,487.5443,470.8326,477.1582,483.7464,490.3345,496.9226,530.6921,539.674,544.7966,548.8845,552.2689,555.5379,558.1111,560.4735,558.6265,558.0024,556.934,555.0843,549.6731,545.4349,543.2348,540.5038,537.3696,534.2355,534.7792,535.351,531.9974,527.4301,521.29,519.8083,523.7692,524.6494,525.1564,526.3403,530.8666,535.393,538.179,535.3451,532.8476,531.7645,531.2844,534.2775,537.2706,540.2638,542.8689,539.6552,544.7057,549.7564,542.8748,538.5059,534.2148,542.2538,543.1411,543.1709,542.3998,541.4986,540.5975,539.6963,542.6855,546.8251,545.9628,543.2275,539.2074,541.5454,547.447,527.711,518.6202,527.627,535.2606,541.7733,548.2859,554.8591,561.4966,564.4937
535.2068,533.418,534.0826,534.7103,534.9941,534.6489,534.5655,539.3735,544.174,547.8502,551.5264,555.2025,558.8787,550.9075,543.3751,536.0145,528.6538,522.1235,515.7639,509.4042,502.8831,496.312,501.0267,510.1544,513.2595,513.46,513.6606,514.3579,519.5471,527.6821,535.817,539.6756,539.5829,544.0804,548.8856,547.957,547.0284,546.807,547.7056,545.1971,539.092,539.21,538.9235,537.578,536.2325,535.2347,535.5452,535.8556,535.8734,534.1456,531.2129,517.3584,503.5039,489.6494,475.7949,461.9404,473.6161,485.5827,497.5493,509.5159,535.1721,540.342,542.4573,548.1489,551.0882,553.2238,553.6897,553.6498,549.9916,551.0151,551.2037,549.7747,545.1259,541.1714,538.828,537.4506,536.8068,536.1629,533.5502,530.7386,529.8292,527.3372,522.7945,523.8986,530.3826,531.052,530.7339,531.1912,538.1561,545.121,550.0573,548.4423,546.2348,541.5366,537.7833,539.4731,541.1628,542.8526,544.7866,550.2534,547.149,544.0446,551.5483,537.5634,522.9331,535.1985,539.1469,541.9932,541.1456,539.6983,538.2509,536.8035,537.754,539.4133,535.3674,529.185,522.35,533.1718,553.197,532.7538,513.7955,512.9683,514.994,519.3488,523.7035,528.7972,534.6784,538.7435
536.3806,534.905,533.4083,533.0139,540.0179,538.371,536.941,539.5643,542.1873,544.7499,547.3126,549.8752,552.4379,550.3925,544.5458,538.3053,532.0647,524.5167,516.7,508.8832,502.7225,497.0759,500.7519,508.0734,511.6866,513.5115,515.3364,515.2885,519.4725,527.496,535.5195,539.4778,539.6801,543.3335,546.6474,544.9626,543.2778,543.4875,546.6984,545.742,540.0475,541.2455,541.9123,541.1879,540.4636,539.8859,539.86,539.8342,538.3807,528.4143,518.2001,505.739,493.2779,480.8167,468.3557,455.8945,472.7535,489.9465,507.1395,524.3326,538.9413,543.2575,546.1847,548.6468,551.2016,553.7994,553.9776,553.4227,549.8218,546.7764,546.328,546.7607,546.2215,545.0523,543.8383,540.8107,536.4056,532.0004,532.5206,534.5829,533.0192,528.3445,519.6387,524.7582,538.9274,531.8184,522.3428,515.0383,524.0513,533.0644,540.9556,545.2241,548.8035,549.4858,549.431,545.1307,540.8304,536.53,533.9194,556.856,549.0861,541.316,550.79,537.925,524.3876,521.465,523.3477,525.6488,525.5928,525.1539,524.7151,524.2764,523.9641,523.6894,524.4379,525.5695,526.7378,530.9315,536.6669,527.1893,517.9292,515.2526,516.2925,520.3665,524.4404,527.5989,529.7823,530.7043
534.4346,533.2367,534.3561,536.1631,542.3987,541.4663,540.7188,543.4267,546.1118,545.3341,544.5564,543.7787,543.001,547.3937,542.3578,536.1726,529.9875,522.6808,515.1437,507.6067,501.32,495.4215,503.8586,517.9014,520.6975,518.0696,515.4417,521.1617,528.5856,533.4164,538.2473,540.498,540.3649,542.6437,544.5673,542.8548,541.1423,540.7498,542.448,542.0897,539.0696,538.7652,538.9678,540.4981,542.0284,543.8144,546.5624,549.3103,548.6628,527.7683,508.5088,504.069,499.6292,495.1894,490.7496,486.3098,497.7501,509.3713,520.9926,532.6138,539.7469,542.6635,545.0637,548.2098,549.8473,551.1005,552.28,553.4373,552.0909,549.5707,549.7187,551.1718,548.4134,545.5558,544.1684,539.1356,531.3341,523.5326,522.4584,525.543,525.9,521.6142,511.3123,514.1113,524.9575,514.7372,501.0582,490.4555,503.4783,516.5011,527.384,531.3571,535.3276,539.2878,542.0446,537.8709,533.6972,529.5235,526.1077,534.4609,537.0725,539.6842,547.4776,532.5624,516.9665,521.9932,518.2856,513.4842,513.593,514.4991,515.4053,516.3114,517.4415,518.6379,522.3864,527.0906,530.4811,526.908,520.0782,520.8776,523.4534,524.0121,524.4858,524.8899,525.2941,524.8302,523.4415,524.002
540.1241,538.6214,536.6492,535.3627,538.7777,537.7617,537.0052,541.0994,545.1607,544.215,543.2694,542.3237,541.3781,547.0679,542.5568,536.7915,531.0262,524.418,517.6365,510.855,505.8375,501.3675,506.3706,515.0781,517.7065,517.4031,517.0998,525.8757,533.4789,536.1255,538.772,539.9742,539.8419,540.8027,541.4266,540.1907,538.9548,538.4641,539.154,536.9473,531.4222,530.6354,531.4695,536.5476,541.6257,544.8378,541.0293,537.2208,531.2482,512.3699,495.4978,496.8084,498.1191,499.4297,500.7404,502.0511,510.0282,518.0813,526.1344,534.1875,540.4254,540.607,539.9757,547.6655,549.1127,548.7275,549.9135,551.5754,550.5512,553.7391,553.8978,551.5679,543.7676,539.8612,540.4083,536.4471,529.0619,521.6767,519.3802,519.7487,517.5327,515.4221,513.448,511.5763,506.8156,496.8472,486.0435,482.1536,498.176,514.1984,526.5665,527.134,528.394,532.5639,535.7948,533.6179,531.4409,529.2639,527.4562,531.4537,534.4438,537.4339,537.05,529.812,522.3693,517.7117,516.2529,515.1085,517.5181,520.5049,523.4917,526.4785,528.1156,529.3537,531.7381,534.5518,530.7952,525.0312,519.7991,521.7826,526.2333,529.3123,530.8879,531.236,531.5842,526.3915,515.2955,510.8384
539.6017,538.7058,538.0536,538.1589,543.2786,541.8008,540.4099,540.6392,540.8752,542.114,543.3528,544.5917,545.8305,545.3746,541.3505,536.9293,532.5081,525.0363,516.9377,508.8391,502.8044,497.4104,501.3087,508.8406,513.4105,516.5518,519.6931,524.7564,529.0143,531.8294,534.6445,536.1902,536.5629,539.0674,540.6537,538.2979,535.9419,535.1713,536.9116,534.0206,526.232,526.8841,527.9423,530.0637,532.1851,532.6495,526.88,521.1105,514.5145,502.9903,492.9034,495.8441,498.7849,501.7256,504.6664,507.6071,514.4894,521.4166,528.3438,535.2709,536.5311,539.5562,542.9133,547.061,550.7673,554.3347,554.2642,553.0916,551.978,548.1272,546.5219,546.5345,542.2566,539.0661,538.1247,534.7451,529.5135,524.2819,522.3283,520.7557,516.0705,513.2809,512.9476,514.6412,513.6142,502.5527,492.9512,492.1039,504.4276,516.7514,526.1661,526.1866,527.1257,531.9258,535.7776,534.1683,532.5591,530.9498,529.7911,535.6987,539.9908,544.2828,531.9728,528.7519,525.8065,519.6082,514.46,509.4498,512.675,517.2376,521.8001,526.3627,525.8942,523.9382,525.0247,527.2503,531.5204,527.1622,517.8964,517.4552,526.6262,538.6127,541.1226,535.8959,530.6693,525.1849,519.426,516.3316
544.2769,543.3456,544.8776,545.7988,542.6143,544.1615,545.5457,543.8848,542.2341,542.1287,542.0234,541.918,541.8126,545.4884,541.5938,536.7803,531.9668,525.1246,517.8654,510.6063,505.5401,501.1545,506.8164,516.4071,519.1337,518.55,517.9664,521.7217,526.5917,530.2756,533.9596,535.5516,535.2108,536.8622,537.5421,534.4015,531.2609,531.0341,535.4225,534.1439,526.3323,527.7042,528.9526,529.878,530.8033,530.4345,525.1974,519.9602,514.1702,505.0835,497.2287,500.5388,503.8488,507.1589,510.4689,513.779,519.3471,524.9409,530.5347,536.1285,541.3647,542.0735,542.1595,545.4134,549.0754,552.6858,553.1002,552.5463,550.3445,548.0359,548.2312,549.5048,545.7632,541.4753,538.6671,534.8936,530.3867,525.8799,525.0041,524.1541,519.4264,516.3571,515.4365,522.1353,527.3312,509.7118,494.4817,491.4381,505.0237,518.6092,529.2358,530.3069,532.2643,537.9463,542.7112,542.1946,541.678,541.1614,540.381,535.7458,539.3646,542.9835,539.2663,538.0515,536.913,533.5732,530.3787,527.218,528.2071,529.87,531.533,533.1959,531.936,529.812,529.9664,530.9741,534.0538,533.1591,529.7354,529.3033,532.0614,535.7271,537.5973,538.0016,538.406,538.0234,536.8026,535.3381
539.683,539.002,541.7872,543.1949,535.3539,538.2875,541.0667,540.96,540.8574,541.3821,541.9069,542.4316,542.9563,541.3624,538.5954,535.7141,532.8327,526.8303,520.1865,513.5426,509.9368,507.2738,509.7964,514.3466,517.2847,519.4451,521.6056,525.7192,529.6421,532.5421,535.4421,536.1341,534.786,536.0687,536.4244,532.1638,527.9031,525.9162,527.5308,528.0543,527.3318,528.402,530.1006,533.4446,536.7885,538.6481,534.9239,531.1996,526.3854,515.0717,505.1407,507.7436,510.3465,512.9494,515.5523,518.1553,523.7248,529.3281,534.9315,540.5349,543.8252,544.0609,543.9081,545.0206,549.7783,555.3229,555.1177,553.1705,549.984,546.5769,546.5867,548.1609,542.1657,537.7118,536.9876,534.5891,530.9186,527.2482,523.9735,521.3495,519.0052,516.604,514.129,520.5397,526.5171,508.1414,491.5816,487.1629,502.0106,516.8584,528.7664,531.1813,533.1417,533.191,533.421,534.6909,535.9607,537.2305,538.4602,538.9209,535.9417,532.9626,538.5485,540.2185,541.7695,523.1267,528.2195,535.9852,535.0845,532.7766,530.4687,528.1608,528.1024,528.7092,530.9838,533.8831,538.1357,536.6091,531.7996,534.8817,533.6487,526.1375,525.1583,529.5118,533.8654,534.4825,531.1187,530.2286
539.2885,538.0999,537.6191,536.931,535.1025,537.2804,539.4169,540.7806,542.1339,541.9025,541.671,541.4395,541.208,539.0892,535.3664,531.4767,527.5871,521.0168,513.8957,506.7745,505.0437,504.9858,509.6302,516.1134,518.8489,519.777,520.7052,525.6628,529.9305,531.8786,533.8267,534.5642,534.1833,537.6117,539.2541,533.6772,528.1003,525.0952,526.1636,526.8628,527.3341,528.8232,530.6194,533.22,535.8205,536.5339,530.1481,523.7623,516.9583,507.661,499.6714,503.5342,507.397,511.2599,515.1227,518.9855,525.8162,532.6807,539.5453,546.4098,542.6906,541.4187,540.6493,551.0523,554.0421,554.796,554.9194,554.8519,555.1822,552.3818,550.6348,550.0477,543.3381,537.3783,534.121,530.6904,527.128,523.5657,523.1417,523.2689,520.6182,518.2458,516.2343,518.5509,520.3767,509.8618,499.6199,496.4549,508.2767,520.0984,529.0101,528.5244,527.7859,525.9857,524.5278,525.0414,525.5551,526.0687,527.4515,541.8561,537.364,532.8718,532.8547,536.6049,540.467,512.2584,511.4076,513.7111,514.325,514.6644,515.0038,515.3433,515.7587,516.1965,524.7854,536.4266,537.3595,529.1192,518.7214,525.6273,531.8104,530.1813,530.4888,532.3773,534.2659,534.3844,532.6171,531.5125
543.082,542.2546,540.2007,538.6949,541.1973,542.5355,543.6852,541.31,538.9481,538.5905,538.233,537.8755,537.5179,538.8599,536.6595,534.0298,531.4001,525.6484,519.2549,512.8615,509.7961,507.7635,510.3133,514.655,516.9958,518.3716,519.7474,527.7405,533.9874,535.9922,537.997,537.3863,534.3588,535.1207,535.7762,531.2639,526.7516,524.0088,524.0688,520.006,510.9843,508.2074,507.4726,512.0847,516.6967,518.9052,512.071,505.2368,500.2157,506.0055,511.4969,514.2827,517.0686,519.8544,522.6403,525.4261,529.4397,533.4673,537.4949,541.5225,538.6014,538.4635,538.8188,546.6048,551.2485,554.8199,554.6489,553.3441,552.2031,552.2194,551.9763,551.39,546.2798,541.6132,538.8736,534.6764,529.3723,524.0681,526.0204,529.915,528.1102,524.1832,517.5062,516.4571,518.2728,510.0279,503.7225,504.9862,514.399,523.8118,531.1621,531.8524,532.0237,530.0137,528.088,526.6472,525.2064,523.7657,523.2405,536.6359,535.4213,534.2067,535.381,533.1675,530.8522,520.8048,515.3722,510.491,513.2462,517.2413,521.2364,525.2315,526.4487,526.8445,527.5949,528.4781,530.4244,526.1557,518.4496,527.165,534.7341,534.5754,533.5697,531.8724,530.1752,530.2954,532.3519,533.1058
546.8996,546.8947,543.2377,540.3759,543.4113,545.548,547.4299,544.5507,541.6877,541.2883,540.8888,540.4894,540.0899,540.1942,537.6781,534.8524,532.0266,527.8436,523.3817,518.9199,514.0038,508.9467,510.8581,515.4944,518.46,520.6197,522.7795,530.0557,535.212,536.545,537.8781,537.3163,535.0038,536.2209,537.0702,532.7822,528.4941,526.7509,529.0383,518.5174,492.7142,486.572,483.8904,490.2698,496.6491,501.9068,502.945,503.9832,505.8004,512.2623,518.2669,520.1268,521.9868,523.8467,525.7067,527.5666,530.5759,533.5984,536.6208,539.6432,537.1635,536.0191,535.1449,543.3572,547.53,550.3458,549.2986,547.0812,545.7927,551.3078,553.0328,551.666,545.812,543.1465,544.1304,539.0379,529.3304,519.6228,521.3051,528.1082,528.2119,524.795,516.8163,513.725,512.502,501.4832,496.6928,505.1735,514.4192,523.6649,531.126,532.8241,533.6641,530.8975,528.5073,528.2856,528.0639,527.8422,527.7592,529.9154,533.2393,536.5631,536.6843,535.4995,534.2762,522.4404,522.4791,523.8593,525.4647,527.1068,528.7489,530.391,530.2602,529.6052,531.9954,535.5259,526.9401,522.9515,524.1971,528.5672,530.1794,528.5912,528.8859,530.7179,532.5499,531.0526,526.0081,524.4362
544.4789,543.5891,539.2652,535.1061,532.5891,533.8862,535.2442,537.7413,540.2128,538.8052,537.3976,535.9899,534.5823,532.8305,533.2994,534.0298,534.7603,528.6274,521.084,513.5406,509.915,507.5052,511.8824,518.9136,521.1846,521.1599,521.1351,523.9758,527.2383,529.4957,531.7531,532.378,531.4948,531.6638,531.6783,530.1073,528.5363,526.7347,524.5681,519.1111,507.8002,497.4552,490.591,492.8408,495.0905,497.433,500.1239,502.8149,506.1318,513.1813,519.7017,521.4253,523.1489,524.8726,526.5963,528.3199,529.9843,531.6481,533.3119,534.9756,536.252,535.6098,534.7073,535.9759,539.6741,543.8356,544.4567,544.005,545.1503,550.9297,551.6745,549.2277,541.6058,538.6063,540.4136,537.2986,530.445,523.5914,521.9875,523.9837,524.2358,521.3242,514.3131,510.2661,506.941,496.9728,494.5033,506.3235,515.1782,524.033,530.8276,530.9696,530.601,528.0862,526.1843,527.8118,529.4393,531.0668,532.3283,528.1282,532.4194,536.7106,535.5869,533.3456,531.0721,514.3313,517.9016,523.7358,523.9753,523.3065,522.6375,521.9686,520.4667,518.7185,518.7321,519.4055,523.0076,522.4283,519.0107,523.6183,524.7104,520.0125,519.0018,521.0013,523.0009,523.1564,521.3475,521.3046
538.2031,538.4828,536.774,534.0381,524.3775,522.4827,521.2142,531.6497,541.9933,538.359,534.7247,531.0904,527.4561,528.0682,526.8435,525.3613,523.879,519.668,514.8962,510.1243,507.0913,504.598,510.0995,518.7272,519.3829,516.194,513.0051,518.8453,524.8444,526.85,528.8557,529.6657,529.371,529.7294,530.1782,529.8674,529.5566,525.5355,515.6373,515.3488,525.7603,519.7981,514.8115,512.3791,509.9467,508.043,508.1283,508.2135,509.2989,516.3477,522.752,523.3141,523.8763,524.4385,525.0007,525.5629,526.5147,527.471,528.4273,529.3836,533.6158,534.1126,534.0405,532.3638,532.773,533.7402,537.3145,541.6786,543.6358,546.0001,544.5061,540.9199,533.9467,531.8405,534.045,531.0037,523.978,516.9524,518.3734,523.4163,523.3006,518.6443,508.1044,504.4095,504.8044,493.9968,489.0212,497.0202,506.9969,516.9737,524.7838,525.5973,526.0779,525.1599,524.5967,526.0772,527.5577,529.0383,530.1967,526.5405,530.2017,533.8629,532.5679,531.2605,529.9537,514.7627,513.963,514.7976,515.387,515.9366,516.4861,517.0357,516.9789,516.743,518.0859,520.0202,521.0356,518.9483,515.4894,523.6602,525.6785,518.5854,515.696,516.2384,516.7809,517.4258,518.1799,519.6098
538.6768,538.8194,536.9717,534.3494,526.495,524.3907,522.4517,523.6036,524.7622,526.9247,529.0872,531.2497,533.4122,531.1837,528.7548,526.3481,523.9414,520.0368,515.8244,511.612,509.1924,507.3293,514.0047,524.0189,522.8212,516.2161,509.6111,514.775,523.1944,528.5609,533.9272,533.2728,527.0552,528.2626,532.3824,530.139,527.8955,523.4052,515.356,516.8298,529.9036,528.8631,527.4912,525.2514,523.0115,520.5306,517.1423,513.754,511.5507,516.413,520.8513,521.4456,522.04,522.6343,523.2287,523.823,524.7764,525.7339,526.6913,527.6488,528.2045,532.0276,536.3105,532.4833,532.2442,533.2122,536.0585,539.4739,543.0272,541.832,539.3353,537.1913,532.3442,530.2398,530.8536,528.2701,523.2581,518.2462,518.4458,521.3387,521.5458,515.8093,502.3712,500.6953,506.6296,494.3093,487.6848,494.0488,503.074,512.0992,519.2917,520.5665,521.4924,520.9523,520.5898,521.2513,521.9127,522.5741,523.3267,525.4166,524.7505,524.0845,529.0179,527.4857,525.7589,517.7782,515.2543,513.3585,513.8558,514.7416,515.6275,516.5134,515.0089,512.7975,515.4059,519.8192,521.6192,519.6713,516.4235,520.6337,523.4205,522.0826,520.2686,518.0659,515.8633,516.333,519.65,521.3574
537.0425,536.0579,535.3972,534.6794,533.7321,534.6942,535.6744,536.9946,538.2941,536.4452,534.5963,532.7474,530.8984,535.4363,532.733,529.122,525.511,522.9801,520.6711,518.3622,513.8292,508.6059,511.6499,517.9268,517.1564,512.9874,508.8184,512.7881,519.4831,524.4014,529.3196,530.4156,527.98,530.8913,533.8768,529.8409,525.8051,522.525,520.4422,525.6928,538.7106,538.3895,536.1515,528.8943,521.6371,515.1747,511.7024,508.23,504.5785,499.8585,496.1841,501.9882,507.7923,513.5964,519.4005,525.2047,526.2499,527.241,528.232,529.2231,523.9448,527.9595,533.3608,532.7331,531.4695,530.337,533.6302,538.2643,541.9727,539.6156,537.56,536.7982,534.4355,532.4699,531.3378,528.9061,525.4872,522.0684,521.9886,524.2014,525.3079,519.1646,503.6273,498.8643,502.3479,491.2887,486.499,494.8203,503.3425,511.8647,518.067,516.7777,515.8503,516.444,516.9888,517.2513,517.5137,517.7762,518.5433,526.9817,527.3242,527.6667,526.7661,522.9827,519.1133,520.942,519.1411,516.9096,515.6974,514.6506,513.6038,512.5571,510.5462,508.2504,509.5216,512.1287,516.8588,516.8704,513.9594,519.4931,523.6136,523.1992,521.5842,518.9892,516.3942,516.7228,520.1661,520.9957
535.3769,534.8643,532.1865,529.6586,528.7682,532.7128,536.3343,533.9156,531.5118,531.3853,531.2586,531.132,531.0054,532.9084,530.5674,527.7123,524.8572,521.5484,518.1464,514.7443,510.2415,505.397,512.0204,523.1282,522.4561,516.1028,509.7496,515.6722,522.3083,523.8659,525.4236,527.024,528.6639,530.6768,531.2767,529.6775,528.0782,527.2351,527.5899,531.7919,538.8237,536.2197,530.0794,514.6803,499.2812,485.7866,479.4569,473.1273,467.8854,469.1299,471.2499,481.3053,491.3606,501.416,511.4714,521.5268,523.3746,525.129,526.8833,528.6376,524.084,525.647,528.1562,527.9589,528.8805,530.1866,533.1019,536.5048,537.8231,535.4268,534.3939,534.5937,533.7238,532.3009,530.9175,528.2799,524.6898,521.0995,520.8378,523.5806,526.0003,520.16,503.6164,498.8,501.3229,485.2216,479.923,494.4642,503.0154,511.5666,517.8604,516.8646,515.9319,515.2648,514.8875,516.1798,517.4721,518.7644,520.2703,525.0366,526.6816,528.3267,530.6059,527.5684,524.3715,514.0239,511.9904,510.8938,510.8521,510.9817,511.1113,511.2409,511.9627,512.8596,512.9833,512.8175,516.4393,517.0319,515.1722,517.8452,521.4958,523.8951,523.2518,520.1245,516.9973,515.8918,516.9404,516.4536
530.5911,529.6197,530.2229,530.3163,527.0079,527.8868,528.8648,531.696,534.506,534.1064,533.7067,533.3071,532.9074,528.7732,527.205,525.9738,524.7426,519.8049,514.1056,508.4062,508.8731,511.2539,515.9836,521.632,520.5436,516.2062,511.8688,516.1774,521.9661,524.8682,527.7702,529.0557,528.8476,531.0102,533.0363,531.7448,530.4534,531.5226,536.3311,537.4032,533.1018,532.5967,527.0025,508.0838,489.165,471.3193,457.5106,443.7019,434.3419,451.51,468.1149,479.6143,491.1138,502.6132,514.1127,525.6121,525.6191,525.4952,525.3713,525.2474,521.695,521.5652,521.9633,521.905,524.3021,527.2899,529.3659,531.1656,531.0158,531.0416,530.4155,529.2954,527.9412,526.4955,525.077,522.7568,519.7516,516.7465,521.9535,527.5456,524.7225,517.0771,503.1833,499.684,502.5839,488.7938,486.0932,502.4113,509.4787,516.5461,521.9353,521.9052,521.3247,518.4308,516.1251,517.2073,518.2896,519.3718,520.4555,521.5903,523.4459,525.3014,536.6766,530.4793,523.754,509.1761,504.568,501.0773,502.3275,504.3476,506.3676,508.3876,511.8426,515.7218,513.7546,509.5981,513.6206,518.039,520.7175,521.7094,522.9137,524.9763,524.2741,521.3147,518.3552,517.2754,518.198,516.4334
534.3356,533.7289,531.733,530.4079,533.5955,531.6187,529.8113,531.1722,532.5161,531.2553,529.9946,528.7339,527.4731,527.5872,526.7846,525.8613,524.9379,521.2833,517.0673,512.8513,511.6502,511.3848,515.7035,521.8146,522.388,520.2906,518.1932,520.0563,523.19,525.4198,527.6496,526.4948,522.2127,528.231,535.9647,532.0684,528.1721,529.1241,537.7557,540.5915,534.6319,533.5844,528.116,511.0719,494.0278,477.3926,462.2955,447.1984,436.5599,452.5083,468.0011,479.3644,490.7278,502.0912,513.4547,524.818,523.8541,522.7498,521.6453,520.541,516.6735,518.1605,520.4332,516.4821,516.873,518.5586,522.8427,527.9141,530.7454,529.9528,529.0898,528.7512,523.7178,519.7277,518.1061,516.7314,515.5444,514.3574,517.9927,521.8784,520.8488,516.0286,506.2969,503.6536,505.4322,495.9288,493.7731,504.9252,511.5734,518.2216,522.7442,520.4026,518.1566,516.3129,514.6907,514.3448,513.9988,513.6529,514.1675,527.5759,522.3326,517.0892,527.0794,526.2679,525.1298,513.6092,508.59,504.3435,505.6688,507.8988,510.1288,512.3588,513.0728,513.3383,515.308,517.916,519.6594,520.4414,520.936,524.5656,526.4026,525.6924,523.6976,520.6539,517.6102,518.7649,524.3926,525.3745
529.738,528.1449,525.0499,522.1347,520.9304,523.1118,525.3412,528.4656,531.5653,530.8926,530.2199,529.5472,528.8745,527.1864,526.1487,525.1972,524.2457,520.5855,516.3687,512.1518,510.0856,508.6868,511.7214,516.4896,516.6069,514.4813,512.3556,514.8696,517.8956,519.1731,520.4507,521.0875,521.1324,525.0261,529.4097,529.266,529.1223,530.407,533.9543,536.5382,536.683,535.5743,531.2164,518.3513,505.4861,492.6759,480.0722,467.4686,459.412,478.4697,496.2065,501.9711,507.7357,513.5002,519.2648,525.0294,527.9086,530.7551,533.6015,536.4479,530.057,533.2741,537.9671,522.7858,521.574,524.521,527.8497,531.2941,540.5264,534.0716,529.6868,529.8893,526.9579,522.5235,518.2792,515.2772,513.2188,511.1603,515.892,519.502,514.5927,510.1278,506.2388,505.508,506.1261,500.6562,499.4488,506.3694,511.6181,516.8667,520.5589,519.2249,518.2047,518.5035,518.8809,519.7115,520.5421,521.3726,522.2996,524.155,510.5951,497.0352,521.4839,521.546,520.8701,520.9058,514.4901,507.3876,508.9463,511.9114,514.8765,517.8416,516.4532,513.7776,513.8152,514.8688,502.7416,501.3352,508.5537,509.5781,511.3849,516.3451,518.3943,518.067,517.7396,518.465,520.3118,520.1988
519.2482,516.9105,514.942,513.6024,516.5704,515.4343,514.7642,522.8019,530.7841,530.3215,529.8588,529.3961,528.9333,519.4745,520.0871,521.9633,523.8396,519.871,514.7013,509.5316,509.1631,510.2847,512.3679,514.8271,514.4387,512.6769,510.9152,515.5114,520.0867,521.7561,523.4255,524.3382,524.5516,529.1731,534.5457,534.9619,535.3781,535.9655,536.8242,534.5097,528.6011,527.97,526.0118,520.5792,515.1465,509.6138,503.7044,497.7951,489.6361,468.0626,449.9785,463.5231,477.0677,490.6123,504.1569,517.7015,515.4411,513.0006,510.5601,508.1197,497.2014,506.2828,518.2709,531.9807,532.9261,530.8314,537.2264,546.1936,540.8212,541.0654,543.3314,544.3148,543.3439,539.4472,534.4113,528.3434,521.4918,514.6401,516.1353,520.3795,518.626,516.2724,513.1412,512.5757,507.5979,488.2636,480.3183,494.7972,506.4329,518.0685,526.27,523.3812,521.2261,522.1545,522.6924,520.9816,519.2709,517.5601,516.3315,520.7535,474.095,427.4364,481.0198,458.653,433.9918,456.792,453.5869,447.2418,456.7659,468.8669,480.9678,493.0688,496.1638,496.5959,502.3093,510.0005,505.4873,501.176,499.8671,510.4284,516.1727,513.6136,512.6376,512.9538,513.27,513.2087,512.7453,510.7965
521.2935,523.9976,527.2425,530.5842,533.602,526.5865,519.8236,517.781,515.768,518.2664,520.7646,523.2629,525.7613,526.4161,525.1377,523.6538,522.1699,520.1596,518.0411,515.9227,512.2387,508.0689,509.6918,513.5798,516.3949,518.6927,520.9904,523.9565,525.3887,525.434,525.4793,524.6953,523.145,529.1984,536.7217,535.9053,535.0888,534.8881,535.6624,533.1607,524.9694,518.0341,511.9447,508.0703,504.1959,496.0946,472.0921,448.0895,423.337,394.113,369.1799,383.1406,397.1013,411.062,425.0227,438.9834,429.2903,419.3276,409.3649,399.4022,394.8605,406.238,419.7419,497.397,523.3657,534.3812,520.7016,499.5399,462.4292,502.1159,513.6683,495.2066,485.6033,494.0781,510.7614,514.4338,508.2242,502.0145,472.0219,457.8819,486.5074,473.9775,408.1194,421.0347,479.6782,407.1155,371.6752,412.6349,451.9437,491.2524,517.0572,499.2539,484.5582,482.9234,479.9506,469.2723,458.594,447.9156,437.9677,439.6252,442.5392,445.4531,421.9592,438.0705,455.3728,423.4058,416.3334,412.2991,428.2347,447.4131,466.5914,485.7697,487.3344,483.6914,485.0238,488.2194,499.1608,506.358,509.7966,515.9068,519.7311,520.868,520.9363,520.1321,519.3279,517.2042,513.6744,512.6816
526.2018,527.3378,515.6235,505.2279,505.7493,515.6169,524.9373,524.0285,523.1269,523.3151,523.5032,523.6914,523.8795,523.6518,525.4803,527.5521,529.6238,526.5468,522.4116,518.2764,517.8972,518.6838,520.4926,522.7012,523.1566,522.7665,522.3764,524.6453,525.6466,524.5438,523.4409,524.4636,527.4501,531.3693,534.9224,536.794,538.6655,538.0313,533.4279,523.8082,509.9568,507.5209,503.9237,497.2858,490.6479,476.3937,433.4864,390.5791,355.5922,367.8344,379.8213,389.4947,399.168,408.8414,418.5147,428.1881,424.5665,420.7934,417.0202,413.2471,424.4535,425.4993,424.9041,422.4355,441.9942,466.7487,457.4608,437.8588,439.6451,437.5712,426.9651,414.7531,403.4629,406.511,418.2913,422.7929,421.7662,420.7396,415.6365,410.6629,410.2143,398.2784,371.4578,362.4281,370.1991,359.3964,368.8684,408.7591,421.7151,434.6711,444.6546,445.0396,446.7075,453.7683,458.991,453.6274,448.2638,442.9002,438.9049,455.7481,451.6053,447.4626,454.9534,454.7625,454.3392,444.6605,436.7505,429.1044,441.6983,457.5788,473.4592,489.3396,493.2639,493.653,494.9228,496.5222,496.2803,499.2662,504.3435,514.1931,519.8859,520.728,520.6637,519.8593,519.0548,516.7072,512.7156,509.5302
500.2705,494.9821,489.5481,484.648,484.3693,489.7856,494.7143,490.5281,486.3878,489.2431,492.0983,494.9535,497.8088,496.7982,497.4093,498.2488,499.0884,499.1449,499.0405,498.9361,500.2173,501.9286,505.206,509.0957,512.1567,514.8181,517.4796,517.2122,517.496,519.5006,521.5052,522.5795,522.7942,529.9732,536.1896,531.9837,527.7778,525.2877,525.515,517.5687,502.2027,504.326,503.7076,495.9108,488.114,473.1326,431.1227,389.1129,356.8372,382.607,405.9907,407.747,409.5034,411.2597,413.0161,414.7724,412.8996,410.9855,409.0713,407.1572,407.3091,416.2837,426.4511,435.0197,436.9536,437.4225,444.9179,454.5421,450.6473,440.2389,431.1537,422.9644,411.7715,404.7638,401.4961,399.9953,399.8364,399.6775,415.0698,424.4616,410.6222,390.9467,363.7089,348.2109,353.3166,362.4272,381.3821,412.7187,425.4789,438.2392,450.3279,460.2479,469.029,473.0229,475.1602,466.6045,458.0488,449.493,441.8662,448.7192,449.9539,451.1886,443.3671,444.5215,445.9465,425.9718,421.3572,418.5419,430.4731,444.7988,459.1245,473.4502,481.2982,487.2308,486.0993,482.3224,485.3143,489.3042,492.1978,504.1671,509.1032,505.4085,505.201,507.8402,510.4794,510.6812,508.286,504.5292
510.8591,507.3446,508.6538,509.4216,505.6256,497.2256,489.6347,497.1653,504.6571,506.2313,507.8054,509.3796,510.9538,504.0554,503.534,503.8414,504.1488,500.0032,494.9424,489.8815,488.4508,488.1469,491.1908,495.5438,496.489,495.7905,495.0921,499.8413,505.2539,508.6578,512.0616,514.725,516.7041,520.6945,521.0385,514.3113,507.5841,504.5396,507.3283,503.3034,493.7967,500.359,503.6156,498.2168,492.818,482.6837,454.7342,426.7846,408.1791,445.2926,477.4784,465.0,452.5216,440.0432,427.5648,415.0864,414.5554,414.1605,413.7656,413.3707,456.8979,446.8716,428.7353,428.5361,442.0687,457.9573,452.1919,439.8659,442.6241,440.8763,430.8222,418.9127,412.0742,407.8776,403.5061,405.0454,411.074,417.1026,413.3873,404.8872,401.6805,392.7468,376.3921,358.3121,349.8811,362.5201,378.997,401.5522,419.7456,437.939,453.5205,460.6675,465.9813,463.5899,460.3675,452.3587,444.3499,436.341,429.7229,445.5724,473.3518,501.1313,460.3778,460.0737,460.9947,460.2106,465.9726,472.4395,476.3809,479.9121,483.4433,486.9745,485.7131,483.0346,483.7131,485.6487,488.2108,494.0069,501.3116,504.2446,503.9341,503.2631,503.4894,504.4481,505.4069,506.2466,506.9595,506.0524
515.1356,512.9741,508.1869,503.986,504.3982,506.6653,508.6621,505.6094,502.596,505.5561,508.5161,511.4762,514.4363,510.3508,510.9379,512.1411,513.3442,511.9055,509.9239,507.9422,501.7928,494.3498,498.376,506.887,507.3906,504.0326,500.6746,507.65,513.0706,512.6943,512.3181,514.345,518.5923,518.3804,510.9259,500.6696,490.4132,482.8802,479.661,484.1356,498.7826,503.7229,506.8532,505.2442,503.6351,501.3055,496.2649,491.2244,489.9573,511.1917,528.5236,510.483,492.4423,474.4016,456.3609,438.3203,453.7772,469.6158,485.4545,501.2931,517.6986,508.5457,495.8361,445.4642,434.6078,434.6572,444.0858,456.3561,480.7852,463.2816,457.3808,466.3569,470.1209,457.9556,437.6134,436.8247,450.8873,464.9499,459.9464,435.8347,411.5163,399.5783,403.6826,403.2173,406.6886,429.0294,451.0181,463.6476,456.4144,449.1812,445.3579,452.546,458.3772,458.5058,459.0896,462.2958,465.5021,468.7083,470.157,446.0763,480.8694,515.6625,507.9085,496.0496,484.0768,494.2563,498.9276,502.8328,504.9348,506.7439,508.553,510.3622,503.9749,495.1641,495.211,498.575,497.3416,497.8934,500.4521,497.5787,497.5961,501.8806,503.1778,502.0361,500.8945,501.0372,502.5484,503.6158
510.4809,508.4215,506.6391,504.7369,501.8761,498.4741,495.672,504.0835,512.43,510.8965,509.3629,507.8294,506.2959,509.2446,510.9971,512.5642,514.1312,510.4082,505.598,500.7878,501.7567,504.5192,506.0714,507.1502,508.2953,509.4724,510.6494,509.6934,509.5094,510.8407,512.1719,513.7746,515.6281,516.2778,511.7015,502.4249,493.1484,486.4272,483.7538,490.9971,507.2845,502.4416,499.2446,500.3574,501.4701,503.3313,508.0082,512.6851,517.5437,523.486,527.7415,516.7083,505.6751,494.6419,483.6087,472.5755,483.2747,494.2216,505.1685,516.1154,522.0919,519.2776,515.3195,505.6378,486.5224,465.4833,473.3062,489.8734,502.7729,510.9415,515.0045,517.797,522.8077,519.7682,510.8305,506.4622,505.5645,504.6668,507.2006,501.7781,484.0397,468.2585,455.0134,457.8941,477.4377,482.5975,492.4419,504.4086,498.8561,493.3037,489.6711,492.2385,493.9093,491.8118,490.5269,493.9218,497.3167,500.7116,501.2744,459.5054,481.8244,504.1433,510.8997,505.2996,499.3329,494.0733,494.412,495.3355,496.7317,498.2047,499.6776,501.1505,500.5536,499.3446,499.7207,500.6904,501.0522,495.6069,487.3301,495.0764,498.2254,491.4641,488.8445,489.6064,490.3682,492.8145,497.0555,499.0239
521.0136,520.9143,516.0475,511.5998,510.2679,508.546,507.1616,512.0872,516.9732,515.8596,514.746,513.6324,512.5188,506.4814,505.3297,504.7968,504.264,502.6209,500.7498,498.8786,498.9416,499.6049,500.6884,501.9363,501.4554,500.1407,498.826,499.9063,501.2957,501.8142,502.3329,502.8249,503.2924,509.8056,516.1313,514.1909,512.2504,509.7501,506.3629,504.3506,502.8941,497.0294,491.0381,484.7148,478.3915,475.5308,485.6963,495.8618,505.517,512.1298,517.8257,515.2106,512.5955,509.9804,507.3653,504.7502,506.1933,507.6826,509.1718,510.6611,506.5083,504.8755,503.6793,514.7731,511.6016,504.5534,494.713,484.0268,480.3717,503.9017,511.4894,506.6016,511.471,517.6978,521.2319,520.2407,515.8126,511.3843,502.4857,493.9798,490.7078,483.9155,472.5618,466.1396,466.2269,464.3305,469.8483,487.0341,495.623,504.2119,509.8376,505.8944,502.8226,503.4131,503.3466,499.4969,495.6472,491.7975,487.5734,478.2668,490.6742,503.0815,502.4281,503.4232,504.4703,499.4912,495.5514,491.7715,490.2523,489.1002,487.9482,486.7961,484.9186,482.8268,483.268,484.6577,494.8522,500.6318,502.0576,498.4428,496.2343,497.1162,495.5118,491.8775,488.2433,488.6863,493.4733,493.4075
506.9218,502.211,492.4536,483.0589,478.0554,488.8475,499.0922,499.1034,499.1332,501.9882,504.8431,507.6981,510.553,495.512,496.8891,500.3596,503.83,501.4988,497.9752,494.4516,494.1557,494.8615,498.8254,504.0633,503.4453,500.003,496.5607,505.4904,511.9999,511.1744,510.3489,511.287,513.8547,512.8028,510.1173,510.276,510.4348,510.5704,510.6692,507.5789,499.5595,494.0536,487.6832,479.0489,470.4146,465.2282,473.013,480.7977,489.1681,501.0301,511.8443,513.1602,514.4761,515.7921,517.1081,518.424,515.0467,511.6159,508.1852,504.7544,510.8066,506.3021,500.1863,496.4503,493.3545,490.2972,482.6054,473.5096,475.8944,484.1076,488.8799,491.736,506.6686,513.8705,511.7881,506.1761,497.8834,489.5907,476.3708,464.6315,459.7969,459.3686,464.65,468.9449,471.2424,472.7481,479.1977,490.6148,489.8246,489.0345,487.4987,483.555,479.6432,475.8652,473.1205,476.3273,479.534,482.7408,486.4019,497.1184,504.3603,511.6021,504.9906,500.0632,495.1891,506.7431,507.0963,506.1304,503.0714,499.6725,496.2737,492.8748,489.5444,486.2342,484.2962,482.872,493.954,505.9752,515.5072,515.3097,513.0811,513.5848,510.192,503.6178,497.0437,495.8685,500.4455,500.8535
497.2567,493.8331,500.6024,505.4145,495.7237,488.3753,481.5116,483.7057,485.9185,490.978,496.0376,501.0972,506.1568,501.2433,499.2086,497.6118,496.015,491.6814,486.7853,481.8893,482.1661,484.0485,494.2302,507.6572,510.3456,507.855,505.3645,497.6547,497.2816,504.4622,511.6428,511.4054,504.3141,505.1456,508.189,503.363,498.5371,495.7305,496.1227,499.9256,503.3015,491.9138,481.5915,474.0584,466.5254,462.7735,473.2463,483.7191,494.5118,507.2126,518.595,518.0279,517.4609,516.8939,516.3268,515.7598,515.1422,514.524,513.9058,513.2876,514.5415,511.4634,507.755,510.3039,495.0342,475.3424,477.0152,485.1609,491.4406,497.2796,502.3534,507.0103,515.6668,517.2546,512.9163,504.5161,493.0307,481.5453,480.7345,477.778,461.0142,452.2435,453.8299,466.6579,488.4441,495.6615,505.8302,515.9032,511.6419,507.3806,502.8468,497.4329,491.8169,485.351,480.5864,485.6202,490.654,495.6877,500.4582,501.2169,505.982,510.7471,514.2103,509.2113,503.9593,505.2115,505.6463,505.9405,504.4846,502.7446,501.0046,499.2646,500.4937,502.6006,502.047,500.4969,489.0406,488.684,496.3685,494.3773,494.033,498.9039,499.7704,497.3675,494.9647,496.5105,502.2632,505.1033
522.6127,523.4895,518.7884,514.1135,509.7673,506.6603,503.4557,498.4269,493.4323,493.6416,493.851,494.0603,494.2697,501.3725,500.3691,498.3524,496.3355,492.8357,489.031,485.2263,484.9608,485.7936,487.0779,488.5385,483.6886,475.7953,467.9019,462.6713,466.0314,474.2464,482.4613,479.9267,467.4598,467.6688,473.9859,470.8101,467.6343,471.7717,487.493,494.8764,487.4564,482.5475,477.9761,474.2885,470.6008,469.3398,477.208,485.0762,493.6322,506.2897,517.5529,516.1784,514.8038,513.4293,512.0548,510.6802,510.8942,511.1262,511.3582,511.5903,512.2799,508.0505,503.1311,507.5797,500.4568,490.217,488.0402,488.3062,491.8325,499.3362,503.4478,505.4054,509.7982,511.5583,510.7672,507.3511,501.9411,496.5311,493.5661,487.516,475.4916,469.3412,470.802,471.2602,473.7265,482.2881,489.024,493.1604,500.0434,506.9264,511.9543,510.9916,509.6492,506.7113,504.1015,503.3819,502.6622,501.9426,501.706,508.8757,509.9465,511.0172,520.0422,510.3959,500.189,515.398,514.3829,511.4439,508.2537,505.0228,501.7919,498.561,497.6992,497.5378,502.5686,509.5438,498.4347,490.1365,487.5745,490.4679,491.3641,488.5918,486.6855,485.4861,484.2867,487.3479,494.9484,496.5698
506.6921,505.1516,494.7745,485.1186,482.2484,492.2426,501.8897,505.0488,508.1868,508.1021,508.0175,507.9328,507.8482,504.9815,504.2297,503.7526,503.2755,503.428,503.7101,503.992,505.656,507.7489,498.4604,484.7215,480.0063,479.643,479.2797,495.03,498.2369,485.2596,472.2824,472.994,486.3535,487.2087,481.2991,483.8626,486.4261,489.3679,492.9089,494.919,493.3318,490.342,486.3614,479.7866,473.2117,470.7987,484.0426,497.2866,509.1673,512.9192,516.0715,513.7889,511.5064,509.2238,506.9413,504.6587,505.7532,506.8862,508.0192,509.1521,511.3355,507.0966,501.9501,502.5776,495.4875,486.3404,487.7518,492.3622,495.1814,499.8756,503.3889,505.8277,502.9296,500.3346,499.8738,495.5344,488.249,480.9636,472.0299,461.1533,449.9431,448.0761,458.3155,468.7191,476.0298,477.62,481.2057,487.6795,491.2595,494.8394,497.2359,495.8109,494.1757,491.6574,489.8247,491.9402,494.0558,496.1713,498.2718,499.993,498.084,496.175,505.7621,496.6633,487.0027,504.8193,508.3611,510.1674,508.0014,505.1904,502.3793,499.5683,496.0145,492.2411,491.1853,491.147,486.7126,483.9643,483.1244,486.5754,488.8781,488.5832,487.2815,485.158,483.0345,482.9758,485.1169,484.0255
498.3057,495.6068,500.5979,504.0866,496.437,490.5171,485.0091,487.2015,489.3961,491.9149,494.4338,496.9526,499.4715,503.6033,504.5238,505.0543,505.5849,499.5926,492.2599,484.9271,483.4742,483.8462,490.1032,498.6615,501.3708,501.2594,501.1479,494.2648,490.4548,491.8941,493.3334,497.3235,503.6703,511.5104,514.4441,509.4766,504.509,498.1043,489.4232,488.1631,493.1302,481.1393,470.2653,462.3156,454.3658,451.9307,470.2422,488.5537,505.715,516.0179,524.591,517.486,510.3809,503.2758,496.1708,489.0657,493.3223,497.7083,502.0943,506.4803,500.7768,498.8833,497.6739,505.049,502.4376,497.1131,490.4697,483.4267,481.9531,496.1595,498.9759,493.6756,495.5655,498.7878,500.2358,496.1791,487.9416,479.7041,475.7776,465.1801,442.7141,440.2747,463.7854,477.3368,478.9798,486.7433,492.3128,492.9241,492.6133,492.3025,492.443,494.041,495.4289,495.9342,495.7055,491.2494,486.7934,482.3373,478.8308,489.7365,484.8058,479.8751,488.0223,486.6696,485.0298,488.6469,488.5767,488.0735,487.2646,486.406,485.5474,484.6888,483.2331,481.6008,482.5335,484.4268,478.6532,476.0483,476.8884,479.7927,479.9148,477.2681,474.5702,471.8304,469.0906,472.9022,483.6939,488.8394
507.6332,509.2654,506.9973,505.8488,512.032,507.7079,503.461,500.6562,497.8359,492.6495,487.463,482.2766,477.0902,485.6024,488.5206,490.6468,492.7729,479.8771,463.894,447.9109,440.1481,434.9365,456.7396,489.1062,487.419,469.3087,451.1984,446.5597,459.7387,479.3727,499.0066,495.7143,471.2387,465.6285,474.2219,474.8518,475.4817,481.0084,494.2915,495.7253,480.8033,479.371,477.3481,473.7788,470.2096,468.5188,473.8944,479.27,485.2806,495.0779,503.5578,500.0979,496.6379,493.1779,489.718,486.258,489.0555,491.9244,494.7932,497.662,498.5038,493.3765,487.4517,478.4229,469.9998,461.8606,460.2082,460.5212,459.0702,463.1215,468.7184,473.8008,479.3287,483.9234,487.7658,487.0027,482.7416,478.4806,478.5644,472.0422,453.6854,453.0714,475.4482,487.3235,485.6876,488.8738,493.0456,497.7113,498.8008,499.8904,500.5937,500.0497,499.102,496.4575,492.7872,483.2087,473.6302,464.0517,456.2314,475.7359,482.4381,489.1404,500.0365,494.4405,488.3499,491.4068,489.1476,486.2511,482.037,477.6091,473.1812,468.7532,464.4407,460.1623,466.9424,477.8638,477.1302,484.2416,498.1415,487.8642,480.8375,486.253,483.68,474.5853,465.4906,465.6784,475.756,480.8957
502.4159,504.1619,506.7881,508.7699,506.0983,505.3433,504.5589,503.2232,501.8971,502.0225,502.1479,502.2733,502.3986,476.5766,472.1415,470.4606,468.7798,465.0106,460.8123,456.614,448.7268,439.6947,437.6047,438.2292,439.4146,440.8705,442.3264,470.3293,484.4226,476.6227,468.8226,471.0597,482.5708,474.8698,462.6112,470.407,478.2029,487.5695,499.4239,502.333,495.9087,506.0546,512.9396,511.2869,509.6343,508.2345,507.7864,507.3383,505.6231,496.3522,488.0843,488.9076,489.7309,490.5543,491.3776,492.201,494.0686,495.9482,497.8277,499.7073,498.6134,500.3714,502.5711,492.0203,493.8589,499.1605,500.9239,501.6152,497.1706,486.8748,489.7477,499.6303,503.1025,497.7308,489.0991,488.5205,494.0583,499.5961,496.123,484.064,472.3897,470.7733,482.1897,492.3241,497.3797,497.1647,497.0482,497.092,497.0344,496.9768,497.5686,500.2575,501.3081,495.4722,490.1854,488.0608,485.9362,483.8116,480.7408,464.0167,481.3436,498.6704,493.5441,492.4103,491.4008,472.2616,477.1355,484.6945,486.1133,486.5352,486.9571,487.3789,487.4786,487.4831,478.3215,465.7275,477.689,486.7925,488.599,483.8451,481.7157,484.1497,479.3119,468.5374,457.7629,456.9825,466.85,473.6824
509.7697,511.4351,514.3425,516.4056,512.5989,513.4816,514.1216,510.2242,506.3633,508.0633,509.7633,511.4633,513.1633,505.8964,505.0554,505.054,505.0526,487.1962,465.6704,444.1446,420.1378,395.3611,406.0508,430.6089,446.8517,459.0841,471.3165,490.9747,496.4521,488.5398,480.6276,485.2769,501.5327,506.2242,502.609,504.358,506.1069,503.8191,495.1372,493.2224,502.1818,506.6869,508.3375,502.5139,496.6904,493.1832,498.3904,503.5976,508.1006,508.4045,508.558,507.3481,506.1381,504.9282,503.7182,502.5083,501.9809,501.4614,500.9418,500.4223,497.0356,495.0286,493.2571,500.2563,491.9221,479.6261,482.017,488.8578,495.4452,505.4532,505.8773,501.0609,503.1229,506.9971,509.514,505.1077,495.4432,485.7786,491.8558,497.6573,486.2282,482.1532,487.6071,488.0654,484.5211,487.4139,492.0696,498.7585,501.6968,504.635,506.2235,503.4533,500.7234,498.1627,495.3871,491.3734,487.3597,483.346,479.3319,475.8207,485.4223,495.024,486.2576,490.5227,495.1817,451.0113,449.4281,452.746,457.0401,461.4926,465.9452,470.3977,470.088,468.3703,471.4789,476.395,488.8518,477.5721,452.337,469.6058,474.9593,454.2151,444.4921,443.7669,443.0417,445.839,452.389,456.1073
513.1232,512.1216,508.688,505.7732,507.1311,511.9607,516.3407,512.3168,508.3141,507.5367,506.7594,505.9821,505.2048,507.295,506.9612,506.3159,505.6707,483.0838,455.9876,428.8914,385.0455,336.0011,351.9431,393.2967,412.7377,421.6111,430.4844,464.2001,489.7518,498.2423,506.7329,506.6448,498.6303,493.5874,492.1584,491.1348,490.1111,488.9188,487.4592,486.2117,486.6422,489.7663,492.8052,495.6212,498.4373,498.857,490.2618,481.6667,476.5085,491.8456,505.6451,505.5098,505.3744,505.239,505.1037,504.9683,501.6571,498.3098,494.9624,491.615,489.5654,481.2613,472.069,462.9162,459.4972,457.4062,455.2946,453.1767,456.2083,469.8431,473.8034,471.4492,472.0472,480.6426,493.2211,492.7135,482.2668,471.8202,472.0822,476.6876,474.4832,474.7919,478.3569,480.9523,482.7991,485.9441,486.8403,485.4626,489.605,493.7475,496.3844,494.1597,491.9431,489.7603,486.931,480.3774,473.8239,467.2704,462.7393,489.3828,494.6605,499.9382,480.9674,484.4456,488.6009,443.0711,437.3638,436.273,434.5686,432.7646,430.9605,429.1565,427.3213,425.4769,444.0086,470.1708,459.288,449.7003,449.5756,457.3988,456.8736,447.2987,444.63,447.5996,450.5692,451.7959,451.1658,447.3283
494.4636,491.2487,492.2413,494.1196,501.9477,502.8724,503.437,497.271,491.1361,489.729,488.322,486.9149,485.5078,477.9105,477.1361,477.2188,477.3015,463.0817,445.9226,428.7635,389.7072,343.8547,338.0866,347.9927,366.8703,390.0747,413.2791,463.283,493.9477,498.7705,503.5932,504.2316,501.0038,492.4419,478.4584,465.0321,451.6058,455.7626,487.7707,489.521,456.3321,472.0528,484.6945,489.2747,493.8548,497.5907,498.1503,498.71,497.8636,488.6328,480.6679,484.1772,487.6865,491.1959,494.7052,498.2145,494.3403,490.3819,486.4235,482.4651,493.2068,489.9677,484.5615,467.9136,477.0462,492.6779,491.8188,485.9634,477.8764,482.3121,488.0424,491.6883,494.325,487.7875,475.8156,475.3714,483.6828,491.9941,483.7857,469.9835,467.8859,467.5784,469.5905,478.1421,488.8815,485.9804,479.4114,469.5702,469.738,469.9058,469.4284,466.8676,466.6956,476.5634,484.915,484.5342,484.1534,483.7726,483.9391,492.3745,490.6835,488.9926,472.308,468.8427,465.7764,443.8411,442.1755,442.8062,439.6986,435.9841,432.2696,428.555,426.316,424.5132,428.2396,434.0366,430.3039,438.8147,455.8634,442.9121,437.1326,448.9297,455.6819,458.3153,460.9487,457.367,447.1636,438.6539
493.6742,493.1562,497.6452,502.3153,507.4856,504.4216,501.5199,501.6516,501.7403,495.2947,488.8492,482.4036,475.9581,492.5402,498.1155,502.1729,506.2303,486.953,462.8801,438.8072,414.7114,390.6086,379.0321,372.3538,386.8362,411.5239,436.2115,470.9108,488.978,490.7487,492.5195,496.646,502.9492,493.5964,463.5522,429.3817,395.2111,399.343,464.1449,470.9102,408.8626,436.8195,458.758,464.9381,471.1183,477.8876,486.8737,495.8599,502.8388,497.8487,493.2525,492.2261,491.1996,490.1732,489.1467,488.1203,487.3275,486.5373,485.7471,484.9569,490.0732,484.5443,477.4468,485.0998,488.8398,490.9906,493.0838,495.1595,497.7205,508.644,510.9392,507.5065,508.0894,505.1369,498.4871,493.2444,489.0706,484.8968,487.6029,490.4174,485.9496,480.7198,474.5027,476.5667,483.0624,475.1233,459.2045,434.3711,427.1773,419.9836,415.1063,417.7098,424.082,446.294,466.0333,471.5311,477.0289,482.5268,487.0195,475.9333,473.2364,470.5396,455.1816,449.2689,443.6416,437.8601,439.8524,442.6664,435.764,427.2838,418.8037,410.3235,410.4641,413.1535,419.7226,427.7446,431.2582,434.9897,439.9037,437.8985,442.9612,455.7658,463.2173,466.2982,469.3793,466.8417,458.318,450.589
490.546,492.8844,499.5202,505.2298,504.2009,505.4615,506.5475,504.3694,502.2004,501.4232,500.646,499.8688,499.0917,514.2112,512.2454,508.1295,504.0135,490.4711,474.9915,459.5119,450.9091,444.4408,431.8756,416.9264,421.8441,436.3431,450.8421,478.1274,493.8161,495.5021,497.188,501.0118,506.8109,489.7269,441.5042,386.17,330.8359,329.9077,415.1563,431.3646,365.897,407.8895,441.0952,451.2947,461.4941,470.7216,476.2921,481.8626,488.6302,502.536,514.0368,503.7382,493.4396,483.141,472.8423,462.5437,467.7058,473.0441,478.3824,483.7207,478.7549,468.9969,458.7322,464.4571,470.0276,474.8234,476.4123,477.0296,485.8516,494.5827,494.6139,491.1828,493.2117,497.2864,500.6677,497.6239,489.7002,481.7765,477.7738,475.4673,470.7825,472.9656,484.0481,488.5251,479.7205,465.7778,448.5625,424.5565,400.5682,376.58,359.9117,366.8817,379.5085,415.9117,448.0719,455.7953,463.5187,471.2422,478.3373,475.4866,472.5392,469.5917,448.8947,457.3385,466.6584,425.0883,430.9534,442.2484,431.1667,416.4516,401.7365,387.0213,382.5629,381.1371,394.7104,413.9004,440.7471,450.4639,449.5836,454.4254,460.7979,465.7929,470.2888,474.3772,478.4656,479.1921,476.3368,467.5591
478.0833,476.6507,483.016,489.1757,493.7072,497.4869,500.8319,496.05,491.3342,496.6871,502.04,507.3929,512.7458,510.7147,504.1643,497.1654,490.1665,485.6989,481.7514,477.8039,476.7711,476.6429,472.3194,466.3553,462.7532,460.2901,457.827,473.4618,487.4994,492.1795,496.8596,498.9567,498.6672,479.0291,428.5967,366.7684,304.94,296.942,374.2097,396.342,352.6289,393.4202,427.7495,445.1593,462.5691,475.976,474.3241,472.6721,471.6683,474.529,476.94,475.2749,473.6097,471.9445,470.2793,468.6141,471.9938,475.431,478.8681,482.3053,492.8094,483.4182,471.1564,472.2772,473.5082,474.1463,472.7101,470.6454,476.8332,482.0737,480.8654,477.4357,484.1854,488.0137,486.2896,487.6932,491.4723,495.2515,489.942,479.1187,472.0937,470.5237,476.0222,482.6214,481.4144,463.9455,442.5216,413.1947,384.5884,355.9822,338.9845,359.4738,384.3693,427.7835,465.4672,470.1468,474.8264,479.506,483.4188,475.5017,475.4525,475.4033,470.1529,481.2088,492.7539,439.5195,442.0776,451.0632,444.5352,435.4882,426.4412,417.3942,407.2621,396.8091,399.461,407.0203,442.5198,468.764,483.6287,473.3661,465.8812,470.9181,474.8779,477.9584,481.0388,483.5222,485.3694,482.2672
478.1956,475.3746,476.8991,480.4676,497.508,496.1654,494.9679,496.4834,497.9994,499.5945,501.1896,502.7848,504.3799,501.2703,498.5697,495.9655,493.3613,491.6395,490.0992,488.5588,487.2954,486.1179,486.0875,486.5056,480.1648,470.5643,460.9638,465.6302,474.3199,479.3629,484.4058,484.953,481.3461,469.1922,433.1964,379.8221,326.4478,298.265,309.9847,327.8126,357.4601,387.3329,414.2784,433.5595,452.8406,468.6783,471.5612,474.4442,478.1259,486.5706,493.7906,489.9081,486.0257,482.1433,478.2609,474.3784,476.7282,479.149,481.5699,483.9907,497.6323,489.1805,477.489,486.9673,489.0072,488.3434,482.8567,475.9088,477.7252,481.3641,487.2039,494.3931,502.0508,499.8691,491.2945,486.8147,485.4451,484.0755,487.5828,493.6298,497.1846,496.5569,490.5095,488.438,481.6998,456.4222,422.0595,377.308,352.089,326.87,319.3781,369.1313,415.6567,448.6158,477.2948,481.3239,485.3529,489.382,492.3184,478.2441,471.3526,464.4611,463.7488,477.8741,492.4422,468.2209,466.4523,467.3767,467.2356,466.9215,466.6075,466.2934,454.7191,439.8157,434.3819,432.4942,452.149,471.7142,486.1169,480.5475,473.8891,474.9373,476.1797,477.5804,478.9811,482.6919,488.8637,489.7227
489.4299,491.895,492.4836,494.7831,507.8141,500.2577,493.0617,492.6033,492.1656,494.8734,497.5811,500.2889,502.9967,499.0536,493.841,488.5498,483.2587,483.0524,483.8912,484.73,485.5043,486.2585,485.2925,483.6538,479.2874,473.6055,467.9236,474.4824,479.9039,478.9561,478.0083,481.4831,489.0441,485.503,456.8629,412.7264,368.5899,324.8475,281.7295,284.5396,354.0901,378.4435,404.18,433.5381,462.8963,485.1783,480.8391,476.4998,474.4428,485.9939,495.9781,491.7598,487.5414,483.3231,479.1047,474.8863,480.548,486.3223,492.0965,497.8708,497.5904,488.8621,479.0543,481.1419,491.5313,503.2965,499.4292,490.8255,490.5697,492.7506,501.4871,513.476,505.8283,495.2964,490.0872,482.4639,473.007,463.5501,463.343,472.7075,482.4991,485.4832,479.6462,481.5148,481.619,458.2314,423.3711,376.1623,355.3941,334.6259,331.7036,386.4105,435.2832,459.6348,480.8649,484.1175,487.3701,490.6227,492.6192,474.7525,457.2402,439.7279,441.2761,460.3614,479.9678,478.993,480.8339,483.1436,483.0695,482.6083,482.1472,481.686,466.4813,446.9173,432.4242,419.8301,437.4711,455.8315,467.3787,470.1443,476.3466,488.605,494.3002,494.6371,494.974,494.9445,494.5245,490.7681
502.2102,506.4326,505.9532,505.7755,507.0047,499.994,493.427,495.1513,496.8615,496.4204,495.9792,495.5381,495.097,490.3566,485.6346,480.9594,476.2842,475.1382,474.7175,474.2968,478.0091,483.0041,484.0454,483.5408,483.0933,482.6734,482.2536,491.3844,497.3828,496.8261,496.2694,499.2553,505.5145,504.445,478.6318,432.732,386.8322,348.8014,323.2348,322.1362,360.785,384.2378,411.2025,447.3623,483.5222,510.2781,501.6562,493.0344,486.6643,493.7219,499.4238,492.8373,486.2509,479.6644,473.078,466.4915,471.5516,476.7444,481.9372,487.13,491.7583,488.8644,484.935,479.5257,484.1157,491.0933,486.5038,478.4096,482.4164,479.8661,485.616,497.5459,477.5399,462.9027,463.2841,456.4851,444.2325,431.9799,437.7148,453.0876,459.5613,466.5982,474.3649,480.5048,475.4028,455.4167,424.708,385.2775,377.049,368.8205,372.1174,412.6327,449.3152,469.8879,487.451,487.6809,487.9109,488.1409,487.9382,480.3716,459.4598,438.5481,435.9027,452.461,469.5903,460.8083,463.9903,468.651,470.5667,472.0366,473.5066,474.9765,461.8326,444.3677,430.4769,417.9246,427.7758,441.3227,451.4422,460.2919,474.3958,492.6161,504.2115,510.3981,516.5847,514.5924,503.8861,494.0976
511.1314,516.3766,520.5513,522.7706,511.0858,507.308,503.5984,501.1657,498.7421,497.6922,496.6423,495.5925,494.5426,493.2216,486.6363,479.4421,472.2479,470.3707,469.5862,468.8018,477.7468,489.7116,491.4448,489.1771,486.1355,482.7208,479.306,487.7745,494.7105,495.1606,495.6107,497.7487,501.4461,500.5106,473.2103,420.2845,367.3587,329.2295,314.5375,320.1173,359.6252,388.6556,417.9344,447.8636,477.7928,501.0079,498.9642,496.9204,495.6229,498.775,500.8344,492.9884,485.1425,477.2966,469.4507,461.6047,467.5672,473.687,479.8068,485.9266,507.0616,501.9185,492.8965,486.3606,471.7999,455.2628,449.3808,446.727,456.5778,461.456,470.2758,482.9264,451.5328,424.5037,416.2648,409.8196,404.7367,399.6538,420.1292,450.5818,464.3602,474.2581,479.128,482.4205,476.067,457.4249,432.344,403.3207,396.0159,388.7111,389.2288,415.0072,439.551,458.9059,475.9471,479.662,483.377,487.092,490.0523,480.5989,458.9747,437.3504,427.5283,443.5506,460.3442,439.9435,438.1336,438.5956,446.8596,456.3904,465.9211,475.4519,467.4201,454.1955,438.4664,421.7994,422.3723,429.3273,435.458,455.3678,472.0712,480.761,490.6769,501.5935,512.5102,514.2995,506.3643,496.8842
500.2699,502.2734,510.2446,517.0455,514.8563,511.0363,507.5127,509.53,511.5277,510.5408,509.554,508.5671,507.5803,493.4684,488.3159,484.3408,480.3655,480.9411,482.4519,483.9627,495.6303,510.4503,511.2055,506.4611,498.7805,489.6838,480.5872,486.6258,490.6498,486.3687,482.0877,484.4191,492.8604,482.7539,436.4161,371.062,305.7078,272.7314,291.0405,287.9126,272.8798,319.724,364.4836,403.7852,443.0867,474.3702,475.4895,476.6089,479.4733,492.7436,503.8257,495.0731,486.3205,477.5679,468.8153,460.0627,467.6342,475.3916,483.1491,490.9066,509.504,498.4911,483.2009,478.9141,445.4301,404.6653,400.3079,406.981,425.3565,436.5181,447.1317,459.843,421.4662,377.9174,349.6916,341.6527,348.9459,356.2392,401.0508,457.1812,485.2276,496.1928,485.0248,485.5547,486.4843,457.0108,434.3863,423.4641,406.7267,389.9892,383.9896,412.6648,439.6778,459.7044,477.1718,479.9005,482.6291,485.3577,487.1057,473.1673,454.8611,436.5548,405.9085,428.6177,452.9265,458.0547,463.0706,468.2347,468.9924,469.0345,469.0766,469.1188,459.8936,447.9283,431.7175,413.9167,406.9588,407.5537,409.4437,443.7876,464.1714,461.3157,466.412,478.0001,489.5883,494.0006,490.7678,486.0269
479.4634,479.0146,492.5456,506.0652,517.8268,513.6708,509.8752,512.8157,515.7431,516.6876,517.6321,518.5765,519.5211,497.3967,496.5086,498.3275,500.1462,501.6168,503.0158,504.4148,508.2383,512.8144,512.6218,510.5646,504.7969,497.2397,489.6826,501.1766,508.8299,505.1078,501.3857,501.1266,504.0674,485.7257,428.4025,352.3839,276.3653,241.9047,273.2707,258.0393,203.3326,254.3148,306.9897,364.0966,421.2035,466.953,469.9757,472.9984,477.2215,488.6017,498.1184,490.7432,483.368,475.9929,468.6177,461.2425,464.2693,467.4146,470.5599,473.7052,492.0572,479.593,462.617,457.9094,397.1615,322.8484,314.2709,325.6098,343.9315,349.0284,370.4377,402.7646,383.8122,342.4586,305.6017,295.175,304.8224,314.4698,377.3197,455.0743,491.7629,504.8263,487.2767,486.157,487.8831,450.8108,425.8944,423.3655,414.2411,405.1167,403.4706,425.9742,447.4367,464.5244,479.2485,480.361,481.4735,482.586,482.8338,469.0971,447.5591,426.0212,370.4195,412.1696,456.841,462.6062,473.0405,484.2921,478.5858,470.126,461.6661,453.2063,438.6385,422.2647,408.8845,396.6254,427.0531,428.3277,404.5229,431.9245,453.8142,450.287,453.8177,463.1105,472.4033,471.9118,460.9958,454.1802
484.5807,484.3679,483.978,486.1521,505.7679,507.4896,508.9384,505.2868,501.6889,506.244,510.7993,515.3544,519.9096,497.0024,495.7664,497.3335,498.9005,502.743,507.0532,511.3633,508.988,504.5377,503.1058,502.8541,499.0334,493.4915,487.9496,495.79,496.5315,486.175,475.8185,476.8246,488.3296,472.6832,420.1854,359.3654,298.5454,263.5385,269.4185,252.2388,217.5452,239.437,274.9875,346.3006,417.6138,474.2101,475.4415,476.6728,478.9696,487.6202,494.9305,490.0915,485.2526,480.4137,475.5747,470.7358,471.5467,472.422,473.2973,474.1726,493.0531,480.2538,462.7796,412.6154,343.8382,272.2545,255.0303,254.2758,254.7961,254.8108,285.6292,331.2127,356.5443,340.4774,305.6003,291.925,294.3528,296.7806,359.5635,438.5024,470.0384,484.162,475.7232,475.2199,472.9074,446.4156,425.5581,417.5833,412.3213,407.0591,404.7884,412.1776,421.4147,438.4184,453.0773,454.232,455.3867,456.5414,457.5026,455.3481,451.7805,448.2129,384.2298,385.3746,388.4817,405.595,422.2589,438.7584,441.2076,441.3754,441.5431,441.7109,428.9821,412.4402,398.6781,385.9568,455.2538,470.9062,439.586,458.8764,472.3103,460.3445,459.62,468.073,476.5259,473.975,459.7003,450.671
492.1096,494.6073,492.3341,489.8451,486.0974,485.8456,485.065,474.4017,463.8458,469.6395,475.4333,481.2271,487.0208,498.2102,488.3916,476.076,463.7604,471.5285,483.4241,495.3197,490.0634,479.4836,479.3167,483.2216,480.4512,474.4615,468.4718,468.5271,465.7966,458.3502,450.9038,449.2048,452.8161,420.8116,362.6314,320.2563,277.8813,248.7214,240.4938,233.2721,234.326,248.8282,278.1018,346.0513,414.0007,467.064,464.1248,461.1856,458.8676,460.2542,461.5529,462.0549,462.5569,463.0589,463.5609,464.0629,467.2737,470.5153,473.7569,476.9984,475.9203,462.0608,446.4936,362.5465,304.3376,255.2588,240.2246,235.5051,222.929,212.8795,241.3605,286.944,334.5847,340.7031,319.8137,311.366,312.3678,313.3696,362.6474,420.1597,434.6737,446.6878,455.4625,462.4793,459.2752,443.2798,428.0889,416.6118,409.8379,403.0641,399.2321,404.9001,414.4251,440.1616,462.0967,462.1391,462.1814,462.2237,461.5148,449.6245,455.9662,462.308,443.9218,454.593,466.1391,428.235,435.9025,448.7912,451.7292,453.0513,454.3735,455.6957,452.9513,449.0045,436.7187,421.3102,460.7818,474.4745,461.921,464.5196,464.3658,455.927,458.1283,469.0162,479.9041,480.0728,468.821,461.6817
448.0283,445.9686,467.4766,483.1591,457.1043,451.6043,445.9615,437.6488,429.4547,439.2789,449.1032,458.9275,468.7518,475.4154,471.9923,467.43,462.8676,463.1118,464.3436,465.5755,455.0701,440.9218,434.9227,432.1102,435.7082,442.3978,449.0874,459.9329,466.5943,468.4117,470.229,464.6426,452.2154,425.2145,368.9287,296.7163,224.5039,186.6075,203.0667,248.0339,317.2226,321.9002,336.5098,377.1245,417.7391,450.5479,453.9904,457.433,461.8284,471.9057,480.6293,477.0843,473.5393,469.9942,466.4492,462.9042,459.8071,456.7152,453.6232,450.5313,448.8204,438.8577,427.7282,344.6589,293.7409,253.605,232.1111,216.2654,201.46,209.4406,237.0164,269.3444,339.8573,368.3041,356.2501,355.244,362.6288,370.0138,405.2561,439.0757,441.39,442.8973,443.3591,450.9679,458.936,448.525,437.3217,425.5326,416.1833,406.8339,400.0626,401.6163,408.8023,439.6609,465.8581,465.2079,464.5577,463.9075,462.7717,453.9601,445.3563,436.7524,457.1202,457.9632,458.2157,482.279,490.793,497.4676,496.9909,495.353,493.7151,492.0771,486.0648,478.7591,473.7441,469.587,466.6071,462.7562,458.1793,457.5135,457.4289,456.0858,460.6133,469.9337,479.2541,483.0658,481.0086,476.8027
465.8041,465.2857,458.3463,453.6761,463.3149,446.395,430.4238,432.1871,434.0071,444.4612,454.9153,465.3694,475.8234,463.5759,469.8384,478.4873,487.1363,473.7285,455.7878,437.8472,443.627,456.7688,458.3205,455.34,456.1454,458.7766,461.4078,473.3711,475.9027,467.531,459.1592,458.4337,464.7729,461.31,422.4553,353.9654,285.4756,264.907,320.244,357.2301,359.9793,364.7469,374.8189,398.7791,422.7394,442.6556,447.3578,452.0599,457.8475,470.1075,480.8039,477.3265,473.8491,470.3716,466.8943,463.4168,459.3955,455.368,451.3405,447.313,456.1988,450.6746,442.9513,380.3335,339.6995,306.7014,270.4797,233.2813,226.4474,246.3633,268.7423,289.2361,363.1155,409.2002,418.2771,424.7708,429.3027,433.8345,454.1746,473.1144,473.533,473.5314,472.9854,477.4836,474.2649,444.4571,419.2594,403.6985,388.275,372.8514,362.1967,366.9413,375.7529,401.6576,423.9908,425.7549,427.519,429.283,431.2315,436.3739,448.6375,460.9012,448.3083,452.6666,457.5375,475.17,476.0366,475.0277,474.4709,473.9874,473.5039,473.0204,463.2209,450.6669,463.0686,484.8156,465.3111,447.9207,441.412,447.2581,452.5613,452.2681,458.5927,470.3201,482.0475,487.7514,487.0377,482.1559
468.1206,467.913,462.8151,457.5669,450.9705,442.3213,434.0196,432.2139,430.4504,435.1107,439.771,444.4312,449.0915,485.2414,480.9222,471.574,462.2258,467.3895,475.5357,483.6818,471.45,452.8936,452.9595,460.3073,456.2967,446.8083,437.3199,448.9798,447.5461,427.2501,406.954,404.8006,419.4102,425.6754,413.9806,391.7292,369.4778,359.1852,367.8351,365.9379,350.0049,347.1855,352.4059,378.6768,404.9478,426.0723,427.8355,429.5988,433.388,449.2585,463.4251,462.1482,460.8712,459.5943,458.3174,457.0405,453.2456,449.4221,445.5985,441.7749,457.0517,451.9839,443.7981,393.2866,362.7987,338.9114,304.4815,266.8576,254.9953,256.7678,276.4636,303.873,367.6389,414.8855,438.4529,447.8945,446.6073,445.3201,450.1776,459.815,468.0248,470.8478,466.6909,452.4296,426.1577,406.2164,388.1155,371.6769,350.2631,328.8492,317.7106,339.7533,365.9274,409.4661,446.8959,449.143,451.3902,453.6373,455.2863,448.384,465.0153,481.6466,462.2453,462.1233,462.586,458.8856,460.3225,462.3363,458.7882,454.337,449.8858,445.4345,441.2751,437.202,450.448,470.1795,457.2663,445.0706,440.9965,443.7861,448.542,451.7338,456.1884,461.6741,467.1598,469.9895,469.9895,466.4554
447.1159,449.8317,447.409,440.8629,406.9602,408.429,409.7124,407.5286,405.3946,410.8316,416.2686,421.7057,427.1427,470.0629,473.2999,471.5371,469.7743,459.3518,447.1497,434.9477,425.8744,417.7722,416.4607,417.8045,421.1689,425.5076,429.8463,446.2087,442.5823,419.3745,396.1668,392.2219,406.0754,412.3432,406.3734,395.7372,385.101,375.0066,365.7707,359.3628,358.9917,359.9213,365.495,383.2287,400.9624,418.34,434.378,450.4159,463.3667,457.9089,453.0618,453.7503,454.4388,455.1273,455.8158,456.5042,455.6135,454.7048,453.7961,452.8875,470.0742,466.6892,460.17,416.0267,390.1857,370.3286,336.8407,299.223,291.8477,302.4374,309.5416,313.7094,385.5832,439.3301,456.9712,462.1066,457.7437,453.3808,452.2388,451.3435,447.2515,439.8209,428.0642,430.2079,441.8507,432.784,414.7109,383.7261,366.0901,348.4542,341.0938,366.9156,396.8044,443.7864,483.9638,484.9517,485.9395,486.9273,486.698,468.1864,474.8682,481.5501,480.091,479.5179,478.9731,467.9622,474.768,483.5412,480.8288,476.2514,471.674,467.0965,468.255,471.1094,465.5321,456.7974,452.3689,454.2638,458.3762,453.371,455.9669,467.5981,470.8531,467.2701,463.687,461.1678,459.7823,456.6542
484.9302,491.7568,467.2505,443.3626,425.2077,417.2718,410.4381,424.2082,437.9496,447.3332,456.7169,466.1005,475.4841,448.3487,466.6502,490.6101,514.5701,513.1074,506.42,499.7326,496.964,495.4117,493.1646,490.6458,487.957,485.1863,482.4156,487.6689,478.1648,454.5919,431.019,432.3539,456.7029,473.9455,465.977,437.063,408.149,384.5756,369.4614,358.1995,359.49,371.7257,386.7427,409.0423,431.3418,451.7798,465.2148,478.6497,488.2438,474.9348,462.9634,463.1151,463.2667,463.4184,463.5701,463.7218,468.9983,474.3332,479.6681,485.003,500.8683,501.9486,500.8145,480.7414,460.7123,441.5687,403.4871,359.6678,358.3927,360.2622,353.7903,346.0226,410.8715,463.8474,482.8856,490.7738,490.1934,489.613,489.8854,487.7007,481.935,474.3277,464.3338,467.1563,478.2568,469.4425,451.1026,418.0016,396.474,374.9464,363.0659,382.3386,404.2337,437.1511,465.8385,470.1644,474.4902,478.8161,482.8544,482.2253,478.5796,474.9337,484.8269,488.7465,492.4845,492.6821,491.9884,491.2303,493.6519,496.5898,499.5276,502.4655,503.2326,503.3578,487.4755,465.5987,463.8938,473.783,484.8224,467.3436,466.8963,490.1159,494.5267,483.5821,472.6375,466.9309,466.8049,464.1727
496.9099,505.3201,499.5033,489.5573,451.7847,445.3179,439.4865,445.5311,451.5726,457.1357,462.6988,468.2619,473.825,484.7653,493.9793,502.9371,511.8948,514.7709,516.3972,518.0234,519.5631,521.0759,520.3544,518.759,506.8723,490.0224,473.1725,459.5289,446.2516,431.775,417.2984,418.0043,432.7384,462.6661,481.688,467.3559,453.0238,428.6564,388.3933,362.9214,367.8858,377.243,392.8844,424.9798,457.0752,482.707,484.0226,485.3381,486.0245,482.9597,480.1728,479.9053,479.6378,479.3703,479.1028,478.8354,484.1011,489.4299,494.7587,500.0876,508.1765,508.0977,506.8425,491.02,480.9517,472.8913,449.8844,422.3491,408.3428,392.7185,388.6658,391.4544,427.1154,461.1237,482.1227,492.657,495.2433,497.8296,493.9707,489.4452,491.1293,491.5488,490.3297,476.8372,453.9914,447.7804,442.6038,431.1422,400.2646,369.3871,350.7746,371.7692,394.4664,424.3192,450.5695,456.0711,461.5728,467.0744,473.097,486.3265,472.8144,459.3023,464.2068,478.3781,492.8229,466.9584,461.4486,458.4229,462.695,468.152,473.6091,479.0661,479.76,479.0456,482.1176,486.6074,490.9011,491.5455,490.3664,482.2446,478.3817,480.3573,484.8046,491.2699,497.7352,490.1136,467.4833,457.0118
481.2489,483.1658,485.9263,484.0346,449.9573,443.1963,437.1752,444.983,452.7051,447.3942,442.0833,436.7724,431.4615,472.9617,474.3076,470.5021,466.6966,470.7175,476.3467,481.976,480.9392,477.8335,476.9906,477.0325,471.1358,462.3752,453.6145,445.7455,435.7174,423.7593,411.8012,410.4648,418.9427,445.07,467.4797,461.9359,456.392,437.6716,398.0797,387.5998,418.7428,419.7937,425.3886,442.8808,460.3731,476.2669,486.1473,496.0277,503.2591,494.6943,487.1025,488.3304,489.5584,490.7863,492.0143,493.2423,493.3772,493.4997,493.6222,493.7447,498.182,495.4082,491.567,471.3933,468.4137,470.1769,461.123,448.7919,429.8759,414.1081,414.7289,421.9561,439.5189,454.4621,463.9868,469.8881,473.0374,476.1866,471.1808,466.3421,470.4558,468.4423,458.4892,448.2903,438.935,431.6745,429.6641,429.9822,410.5519,391.1216,379.3536,392.3295,407.4839,431.7951,453.0223,456.4877,459.9531,463.4185,467.7305,485.2356,497.5049,509.7741,464.7371,466.6384,469.9568,466.4666,480.322,496.0644,491.074,482.7171,474.3602,466.0033,470.0584,477.7834,484.7735,491.4883,508.5941,507.8021,495.3698,496.146,495.0159,486.9993,481.67,478.5345,475.3991,462.1541,438.138,432.9607
491.033,492.6777,495.8585,496.2072,476.4878,468.8867,462.1299,471.1551,480.0862,474.7124,469.3385,463.9646,458.5908,437.4145,441.86,449.4466,457.0333,465.2722,473.6452,482.0182,486.79,490.4442,494.1273,497.8218,498.08,496.6811,495.2821,500.617,499.5784,490.9774,482.3763,481.757,488.5123,497.7647,494.4412,472.6346,450.8281,424.3807,390.5822,399.7027,464.5143,472.9435,478.3894,476.0242,473.6589,475.7696,494.7188,513.6679,526.7361,504.7363,485.0762,486.6241,488.1719,489.7198,491.2676,492.8155,488.8766,484.8753,480.8739,476.8726,490.6172,493.9089,495.4766,487.1239,479.896,473.3875,464.1133,454.001,444.9386,430.5085,431.2763,440.3929,464.585,477.7702,478.5077,476.7204,473.0155,469.3107,476.0667,480.2648,470.4384,463.2634,459.5239,468.1252,482.5133,473.9937,461.9367,448.5501,449.0206,449.4911,452.3925,463.144,474.7182,489.7507,502.5936,502.8263,503.0589,503.2915,502.7858,491.6755,508.3967,525.1179,514.8856,507.9798,501.1791,528.2316,530.1161,529.0626,529.0404,529.1857,529.3309,529.4762,529.0876,528.5411,509.5415,483.6317,466.9373,481.2968,509.3813,503.7126,501.166,515.0248,521.7312,522.5984,523.4656,510.7402,483.5329,470.0542
515.171,521.5085,524.0121,522.6414,495.0686,495.9901,496.9671,498.9805,501.0025,504.3406,507.6787,511.0169,514.355,493.2761,492.9627,495.3156,497.6684,503.9479,511.0344,518.1208,522.8124,526.7606,527.5983,527.2197,525.2275,522.4571,519.6866,512.5844,509.3385,510.7855,512.2324,510.2404,505.0708,507.3898,505.557,488.76,471.963,441.6807,390.0383,387.2297,453.297,466.8852,479.5075,489.601,499.6945,507.2453,505.2303,503.2152,503.0934,514.2615,522.7584,507.0426,491.3268,475.611,459.8952,444.1794,450.9964,458.0701,465.1438,472.2175,487.3907,495.7813,503.1057,500.7504,494.4215,487.6183,476.0427,463.0213,467.9885,461.456,454.4809,451.0023,476.3044,499.2467,510.2218,512.3954,507.884,503.3726,508.7399,513.6766,507.5214,503.5703,502.4754,502.7944,499.3773,485.8191,469.569,455.3902,458.8549,462.3197,471.4192,498.715,523.3957,537.085,547.799,541.3765,534.954,528.5316,522.3303,518.4997,485.5482,452.5968,514.4915,489.9336,462.768,494.476,471.6979,442.6793,454.428,472.7965,491.165,509.5335,506.4009,496.9111,505.9921,522.0275,493.5425,487.4171,503.3249,485.5305,475.3863,484.711,480.3644,464.8568,449.3491,453.8924,479.7983,488.2485
515.053,516.8416,505.5982,493.5766,478.0325,484.7899,491.0548,488.1137,485.2125,488.3617,491.511,494.6602,497.8094,505.0832,510.3191,515.2754,520.2318,518.4575,515.3,512.1426,507.3584,502.0693,495.2693,487.8784,483.3592,480.2249,477.0905,457.8931,449.0744,454.8884,460.7025,457.2941,445.3647,451.2455,468.7502,476.5843,484.4183,464.9937,402.3925,389.2776,448.0106,457.9109,466.1759,470.159,474.142,477.9353,481.0145,484.0936,484.7167,470.694,457.0888,447.2681,437.4474,427.6266,417.8059,407.9852,427.3433,447.0338,466.7244,486.4149,479.9522,485.679,493.5002,481.2144,481.3826,485.3686,482.8335,478.3227,484.0231,486.1302,484.3549,482.2559,473.7242,475.535,486.2278,493.0381,496.8997,500.7614,488.0403,479.8451,494.3921,498.3393,488.5515,464.485,432.7072,425.6992,422.3032,425.7923,427.857,429.9217,436.2249,456.2153,476.5361,498.2459,514.8463,502.0201,489.1938,476.3676,463.694,454.0794,461.1019,468.1244,434.1391,451.1649,469.7264,418.9476,421.5125,430.2848,433.0079,434.7489,436.4898,438.2307,445.2713,453.8788,461.9642,469.8541,483.2599,481.6684,471.0811,487.3778,489.4851,470.5528,464.3395,468.5099,472.6804,470.2575,460.8101,456.4287
490.7461,488.7211,481.7487,475.2292,472.712,475.8164,478.3409,470.0255,461.732,456.757,451.782,446.8069,441.8319,441.733,453.6062,466.8199,480.0336,482.7323,483.2701,483.808,480.8601,476.8304,478.9567,483.49,483.096,480.3257,477.5554,470.0973,465.2144,464.2815,463.3485,465.7343,471.1865,478.5573,482.7515,480.5645,478.3776,469.2206,449.0236,444.1633,463.1412,470.3136,477.1425,483.072,489.0015,494.3736,497.6488,500.924,502.8847,497.0073,490.1056,473.9206,457.7356,441.5506,425.3656,409.1806,422.9189,436.9981,451.0773,465.1566,481.8924,487.7381,492.0313,490.9921,484.2207,476.3662,475.9524,477.793,481.4688,483.2827,484.8785,486.8881,475.2133,468.0607,468.7486,466.755,462.7247,458.6945,460.1823,461.8325,457.7235,452.8784,447.0792,435.6939,423.8858,426.2001,430.6526,436.6052,435.7855,434.9659,435.7706,441.8211,448.323,456.7223,463.814,463.3748,462.9356,462.4965,462.7115,473.2537,483.1746,493.0955,463.2154,473.7157,485.4332,470.7302,474.6309,480.7149,481.8161,482.1081,482.4001,482.6921,488.6245,496.2246,494.7785,489.9448,496.6249,496.7218,490.71,499.2779,504.5229,501.3366,499.2879,498.1679,497.0479,491.3877,480.8904,477.1891
479.7365,479.4405,473.4343,468.5547,472.0128,474.0252,475.673,470.5065,465.3852,467.128,468.8708,470.6136,472.3564,472.2685,471.3415,470.3361,469.3307,476.6417,485.6619,494.6821,495.2493,493.1931,490.7723,488.2091,486.5638,485.3611,484.1584,468.2743,464.1312,474.9546,485.778,492.4779,495.3679,500.9154,501.6015,492.8922,484.1829,474.2286,462.3021,472.4543,505.251,496.32,490.6902,493.7037,496.7172,499.915,503.8061,507.6972,509.2809,497.1058,484.9178,472.6132,460.3085,448.0038,435.6992,423.3946,434.2643,445.3982,456.5321,467.666,502.359,502.0054,496.4241,512.7194,509.0045,499.6375,491.3686,483.4324,491.3773,494.1569,493.9992,494.7191,490.7207,490.275,493.7932,495.8566,496.8152,497.7737,498.446,493.8814,483.9479,479.1255,480.9259,465.0618,436.33,432.5557,430.3052,432.7291,438.6271,444.5251,452.5047,467.2062,478.7919,477.2816,476.5728,480.4799,484.387,488.2941,492.2375,496.6151,497.3828,498.1505,487.3047,491.1477,495.4329,480.1074,477.5043,476.4073,480.0094,484.3745,488.7396,493.1047,491.4433,488.0,487.3637,487.7784,488.0875,489.1975,490.7433,492.7243,489.0193,481.2566,478.6921,480.3714,482.0508,487.1049,495.7544,501.5331
487.6862,487.2139,491.3514,495.978,503.1603,499.5879,496.0433,493.0179,490.0162,490.6044,491.1926,491.7809,492.3691,493.2657,491.5587,489.5459,487.5331,491.794,497.3442,502.8945,503.8254,503.3226,495.9348,485.8549,479.9887,476.1548,472.3209,470.7321,469.6169,467.8149,466.0129,475.5316,495.5103,508.6231,509.4662,504.6472,499.8281,493.6231,485.2229,493.8367,519.4716,512.0414,506.6949,506.8042,506.9135,506.4063,503.5798,500.7532,496.5358,484.025,472.1154,465.6563,459.1971,452.738,446.2788,439.8197,451.5439,463.4752,475.4066,487.338,506.667,503.2728,496.6104,502.0828,502.3713,500.8966,499.6137,498.3889,501.6413,501.7477,497.1665,491.3486,494.328,496.7804,495.6975,496.2704,498.101,499.9316,500.9779,500.2489,498.4388,492.4938,481.191,454.7869,422.185,419.1247,420.4947,434.3825,455.9007,477.4189,495.3895,501.9038,507.0131,506.2169,505.2716,503.4677,501.6638,499.86,497.9276,494.2995,499.393,504.4864,487.6647,495.3687,503.8115,486.7672,485.0568,485.1771,486.9261,488.9396,490.9531,492.9666,489.8612,485.2423,482.9411,481.5079,483.7569,482.5651,478.7354,481.1429,482.5923,480.7505,478.8284,476.8407,474.853,474.966,477.3173,483.5088
508.7533,509.3148,508.2828,508.3552,515.7963,514.1548,512.2704,505.8439,499.4517,498.2555,497.0593,495.8631,494.667,494.2608,496.1344,498.2646,500.395,500.0687,499.2375,498.4064,499.7804,501.8389,499.2759,494.9059,491.0865,487.5326,483.9787,483.6255,475.9414,461.6255,447.3096,456.3838,487.0696,508.8728,514.7603,513.2719,511.7834,507.7011,499.5103,500.3186,512.7018,513.0465,513.0308,512.0713,511.1118,509.7015,506.5951,503.4887,499.0135,486.3769,474.6413,471.072,467.5027,463.9335,460.3642,456.795,463.9371,471.2012,478.4654,485.7295,496.7091,494.2214,489.807,496.0728,500.7156,504.4884,505.429,505.5116,506.202,504.7387,501.2137,497.1949,507.1522,510.4454,504.4374,500.7229,498.7505,496.778,498.4178,499.6018,496.4066,487.6487,471.6831,457.4281,450.7214,452.3653,454.0173,460.3063,477.2322,494.1581,507.4308,508.9069,510.2449,511.0026,511.1888,508.083,504.9773,501.8716,499.0291,500.451,504.4113,508.3716,499.8816,501.143,502.6989,498.6927,493.7043,488.6587,492.1427,497.0117,501.8806,506.7496,501.2169,492.6088,489.8009,489.165,488.9125,483.8002,476.1062,478.6382,481.8164,481.1089,479.7891,477.9694,476.1497,476.939,480.5081,485.0787
516.4133,516.9832,517.0797,517.6367,520.9375,517.3222,513.6985,509.9172,506.1428,503.414,500.6853,497.9566,495.2279,498.3964,498.809,498.8401,498.8713,499.3722,499.9695,500.5669,503.4008,506.9287,507.8575,507.7698,506.4203,504.4621,502.5039,500.0707,480.9137,450.1643,419.415,429.5671,477.5111,510.2028,518.8488,518.7877,518.7265,516.8188,511.9866,511.257,514.9171,511.2081,508.9142,510.325,511.7358,513.0327,513.9011,514.7695,513.2161,497.2207,482.5202,479.5568,476.5933,473.6299,470.6664,467.703,474.38,481.1668,487.9536,494.7404,502.1082,498.5412,493.4472,496.239,499.9519,503.514,505.7128,507.4985,508.8685,506.6169,505.8271,506.4264,512.3612,515.1783,514.0819,511.1856,506.9223,502.659,498.3093,494.9126,492.6421,489.5826,485.5009,481.3384,476.6822,471.3972,469.4359,476.6512,489.0966,501.5419,510.2419,506.8472,504.5089,506.6108,508.2591,507.295,506.3309,505.3669,504.0694,497.8205,499.9333,502.0461,503.969,506.1065,508.2504,500.0069,492.6017,485.3716,489.526,495.5289,501.5318,507.5347,501.6126,492.1646,493.1299,497.9948,494.4348,487.7339,481.4246,476.8695,480.7642,489.6733,491.6894,488.0781,484.4669,482.36,481.8559,482.2855
524.0383,524.2231,524.3085,524.5407,525.0374,517.5167,510.4012,510.8608,511.3315,513.5155,515.6995,517.8834,520.0673,515.9291,512.7091,509.6614,506.6137,506.5209,507.0353,507.5498,510.7485,514.7802,511.4125,505.1513,502.7375,502.1792,501.6209,497.3367,475.2831,442.3771,409.4712,421.687,475.594,510.934,518.2928,516.608,514.923,514.0674,514.5253,514.2716,512.1949,509.1471,507.1267,507.7967,508.4666,508.9961,508.9969,508.9977,508.848,507.8007,506.2577,500.222,494.1862,488.1504,482.1146,476.0789,483.1685,490.4077,497.6469,504.8861,517.6991,514.0872,508.1094,508.0231,508.0853,507.9096,507.2735,506.4979,507.8269,508.9047,509.92,511.1187,518.1875,520.3207,517.196,513.5381,509.475,505.4119,501.0956,499.1334,499.9958,501.6494,504.3281,494.9448,474.1392,465.8721,463.7265,475.3312,489.3157,503.3002,513.533,511.6508,509.8402,508.3307,506.9204,506.0822,505.2441,504.4059,503.721,505.2203,500.4879,495.7554,502.2181,502.4512,502.4956,496.589,491.605,486.7681,489.3239,493.0802,496.8364,500.5927,496.4268,489.9186,490.8903,494.6631,498.5629,495.0098,487.6071,487.0356,494.7715,505.2771,507.8414,503.9225,500.0035,495.3183,489.8167,487.0408
530.889,529.9587,520.7112,513.5402,520.7552,515.9633,511.3017,509.074,506.8925,511.7218,516.5511,521.3804,526.2098,509.7217,510.3936,513.2807,516.1678,516.5303,516.3741,516.2178,515.8606,515.4409,509.3722,501.0946,493.8509,487.1058,480.3608,480.1418,469.2797,447.9349,426.5901,435.8245,473.3131,502.1581,513.2318,514.374,515.5162,515.711,514.4052,513.959,512.8949,507.0291,503.6933,506.9814,510.2697,512.2327,509.2104,506.188,504.7399,512.6788,519.3495,514.5245,509.6996,504.8745,500.0496,495.2245,497.9646,500.7909,503.6172,506.4435,522.2727,518.0737,510.8943,507.2471,507.4357,508.3509,505.685,501.9342,501.5199,504.371,507.7568,510.9945,512.4894,512.7312,512.8149,510.894,507.4505,504.007,501.0291,501.295,504.5766,500.8261,487.9636,460.8035,430.8552,434.1378,438.0148,447.8821,468.6982,489.5142,506.1848,509.4688,511.6297,509.0704,506.685,505.3007,503.9164,502.5321,501.5831,507.0787,501.1284,495.1779,502.2996,500.1463,497.7127,497.93,493.101,487.7174,489.3659,492.1563,494.9467,497.737,493.837,487.9589,488.2466,490.8432,497.6999,492.7982,480.8589,486.2164,497.49,505.4769,508.7588,508.1994,507.64,502.3496,492.0185,488.1138
523.9343,523.0635,517.3918,512.4626,512.848,510.5752,508.2321,504.577,500.965,503.9258,506.8867,509.8475,512.8083,501.1779,503.7977,508.2246,512.6516,513.2773,513.1219,512.9665,511.8722,510.4865,505.9268,500.1259,493.9336,487.5524,481.1713,480.126,472.3126,457.2941,442.2755,448.4367,474.1674,501.9171,517.45,515.5688,513.6877,511.9642,510.4902,507.9149,503.7156,500.5503,499.2601,502.8793,506.4986,509.164,508.2411,507.3183,507.1858,511.7664,515.6895,513.6542,511.6188,509.5834,507.5481,505.5127,505.5251,505.5609,505.5967,505.6325,509.6266,507.9069,505.3332,499.9999,501.5774,504.8852,504.792,503.6682,505.7682,507.8781,508.7532,509.2913,511.8572,512.5789,511.3962,510.6972,510.3656,510.034,502.124,492.725,489.8631,480.815,463.7511,447.5439,444.3357,461.06,473.6553,478.5793,485.5902,492.6011,498.7608,502.1716,505.2261,506.7827,507.7148,505.0494,502.384,499.7186,497.6795,505.1239,501.5671,498.0104,502.0623,500.8381,499.4543,497.6475,493.3613,488.817,490.3118,492.7872,495.2626,497.7381,495.6788,492.2787,493.8219,497.2161,502.6617,496.8231,484.7146,491.6118,501.567,505.5652,507.2239,506.9727,506.7215,503.4401,496.9302,495.9167
515.9462,516.3584,517.7181,519.0355,519.6956,517.1284,514.5827,512.4391,510.319,511.7473,513.1756,514.6039,516.0322,506.8199,505.7657,505.77,505.7741,508.0387,510.7677,513.4967,509.7523,503.9988,497.5466,490.821,482.3069,472.9301,463.5533,458.8319,455.6827,451.5266,447.3705,457.5041,480.841,502.1436,511.239,508.3221,505.4052,504.0705,505.2418,508.5052,513.222,512.5181,512.0725,512.303,512.5336,512.3515,510.6169,508.8823,507.8558,511.0514,513.8442,512.9859,512.1276,511.2693,510.4111,509.5528,509.9959,510.4538,510.9117,511.3696,506.9805,502.4332,497.9385,499.2887,502.5148,505.9059,507.0103,507.4221,505.2357,507.695,508.1552,506.5333,509.9867,512.1428,511.6311,510.4761,508.8324,507.1886,498.6066,484.7026,472.4922,461.131,450.8705,452.3483,469.9955,484.075,497.6962,506.7943,507.6711,508.548,507.4819,500.1415,493.2115,488.0064,483.7082,484.6336,485.559,486.4844,488.282,503.2977,503.2687,503.2397,501.5603,501.7579,502.012,493.7868,499.1605,506.0398,506.5287,505.98,505.4313,504.8826,501.8419,498.0643,501.1849,506.8887,506.4085,498.3509,487.8789,495.868,504.1305,504.7697,506.0132,507.75,509.4868,506.7427,499.2248,497.0308
524.1271,524.4808,522.1703,520.6115,524.0144,520.7329,517.5391,515.9835,514.4407,514.8192,515.1978,515.5764,515.955,500.5655,500.752,502.9121,505.0721,509.9809,515.4547,520.9283,523.6985,525.6298,515.5707,500.823,483.4659,464.8502,446.2345,460.324,469.3507,459.9303,450.51,460.7128,489.0469,507.4193,511.2248,510.7155,510.2061,510.0871,510.5865,514.153,520.0197,518.2977,516.8476,516.109,515.3704,514.8047,514.8898,514.9749,514.8555,513.5167,512.2075,511.1656,510.1238,509.0819,508.04,506.9982,509.7815,512.6085,515.4354,518.2623,521.3468,515.3963,508.1877,506.4258,506.4258,506.5827,505.9085,504.9825,504.3605,506.333,509.6249,513.0412,512.2445,510.5577,509.8415,508.4409,506.5207,504.6005,500.6638,491.0429,477.4289,462.0363,444.3389,444.2162,465.2776,475.8292,491.355,510.4794,514.0988,517.7183,519.382,514.7303,509.4234,501.3624,494.5998,495.3151,496.0304,496.7457,498.036,508.0498,508.3567,508.6636,507.4863,511.2468,515.1553,501.8268,505.2032,510.4863,510.2824,509.1876,508.0928,506.998,504.7082,502.065,503.7527,507.0623,507.4886,504.0043,499.201,508.3231,515.2546,514.8029,513.3365,511.0419,508.7472,505.2248,500.3945,499.4961
525.4631,525.2124,522.063,519.6945,522.6559,520.3398,518.0901,517.0807,516.0613,513.5425,511.0237,508.5048,505.986,501.3064,496.8658,492.4753,488.0847,493.8281,501.6541,509.48,517.1981,524.8826,526.9763,526.8837,507.325,478.3784,449.4317,487.7825,512.5738,497.1881,481.8025,480.9333,493.4769,504.3659,509.9653,511.3876,512.8099,515.1913,519.092,522.4477,520.5807,509.8615,502.7536,505.1016,507.4496,509.2754,509.1366,508.9978,509.2718,512.007,514.3171,512.7725,511.228,509.6835,508.139,506.5945,509.4752,512.4064,515.3375,518.2687,515.6386,513.4735,511.4585,509.789,509.2736,509.0098,507.6437,505.9438,506.2874,508.8659,511.0303,512.7063,513.1791,512.7761,512.2568,510.6094,508.1052,505.6009,499.891,489.5837,477.7407,460.968,437.8077,435.6094,461.6786,480.3386,497.5976,507.7389,508.193,508.6472,511.8867,524.1208,530.3231,511.1731,494.8563,494.8574,494.8585,494.8595,495.7427,509.9276,507.1681,504.4086,502.9597,505.2039,507.5585,500.4218,499.0903,498.4506,499.3164,500.4268,501.5371,502.6474,503.4221,504.0974,504.1528,503.976,502.839,502.9865,504.0204,512.0086,518.3508,520.6295,520.2209,517.6183,515.0157,511.4973,507.0028,505.7751
526.2369,526.525,523.0947,520.0942,520.2654,519.7965,519.168,515.5554,511.9494,509.3676,506.7857,504.2038,501.6219,464.709,464.1881,468.252,472.3159,480.7786,490.1452,499.5118,503.2358,505.2085,508.2322,511.6667,487.1732,449.2108,411.2483,447.1917,481.6266,481.3887,481.1507,485.373,493.7165,502.8818,508.0167,507.1995,506.3824,507.7486,512.5731,516.1786,515.2195,509.541,506.1147,508.5854,511.056,512.2792,508.809,505.3389,502.7661,505.544,508.0778,508.3992,508.7206,509.042,509.3634,509.6848,509.8214,509.9558,510.0902,510.2247,499.1056,498.0301,498.522,501.6814,503.2183,504.2557,503.3487,501.8527,506.3308,510.0063,511.9416,513.6768,515.3914,515.8793,515.5992,513.1661,509.0977,505.0293,501.6851,487.61,461.123,453.8528,471.4833,487.0766,498.0815,506.6605,509.4969,502.7519,501.4127,500.0735,500.8117,508.2583,510.383,490.1402,473.3429,476.3892,479.4355,482.4818,486.5788,506.4156,503.4036,500.3916,505.1979,502.8128,500.2108,493.4894,495.0115,497.4377,501.6409,506.1325,510.6242,515.1158,514.1014,511.459,509.6323,508.111,506.8929,507.3496,508.5925,515.6743,521.9184,525.1219,524.0963,519.6178,515.1393,513.7237,515.5712,515.9368
523.3864,524.0745,528.1981,531.1282,525.6849,526.1395,526.3343,521.6719,516.9589,504.5296,492.1003,479.671,467.2417,435.6116,444.5099,458.3166,472.1233,487.3343,502.8339,518.3335,522.356,522.8163,512.6733,498.3841,463.1747,417.876,372.5773,401.8658,437.1588,442.7737,448.3887,461.8831,482.658,502.1772,510.9959,508.5832,506.1704,506.0548,509.5776,511.8139,511.7413,512.004,511.874,510.7158,509.5575,508.531,508.0005,507.47,506.6669,504.2383,502.0646,502.2022,502.3398,502.4774,502.615,502.7526,505.3098,507.8947,510.4795,513.0643,508.455,504.9599,501.7301,508.2632,511.0417,512.498,514.041,515.6103,518.8716,516.0414,515.3474,517.0217,518.4873,517.8258,515.8952,512.8311,508.9062,504.9812,506.4682,505.2114,495.1589,495.0044,507.6754,514.2653,511.9164,510.4551,505.7764,499.0939,503.1862,507.2785,508.4892,500.3944,491.4261,478.786,469.1254,476.6245,484.1235,491.6226,499.0786,505.5719,504.786,504.0001,510.2402,500.188,489.6465,483.2778,486.5677,490.8419,496.0802,501.4752,506.8701,512.265,511.1975,508.2193,508.3484,509.6411,509.8889,509.3247,508.5925,514.6568,520.3054,522.7956,523.4071,522.4849,521.5626,520.3749,518.9043,518.3967
531.4527,532.9666,534.3799,535.1828,531.5224,529.163,526.757,523.4807,520.1124,502.7486,485.3848,468.021,450.6572,446.1477,456.9386,469.3739,481.8092,494.3258,506.8591,519.3925,524.1223,526.4302,520.8816,512.2607,487.5463,455.0704,422.5946,449.5036,470.4537,460.1916,449.9295,456.5195,478.6805,503.1602,517.1375,515.3687,513.5999,512.0914,510.9949,512.3463,516.5383,516.803,516.3822,514.1666,511.951,510.4302,511.5236,512.617,512.7584,507.2229,502.2562,502.4455,502.6349,502.8243,503.0137,503.203,507.1986,511.2376,515.2766,519.3155,519.6051,515.8243,511.5363,512.2205,513.3766,514.4123,514.6282,514.5958,511.6519,512.3627,514.7871,517.0605,516.3857,513.806,511.0947,508.9049,507.1112,505.3175,508.8783,512.6427,510.8687,511.1952,514.2436,515.3049,512.8493,509.6656,504.3425,498.5683,501.9873,505.4064,507.742,506.579,504.0013,495.4779,488.8152,492.8697,496.9242,500.9787,505.1199,510.3757,508.9593,507.5428,515.5309,500.1864,484.1415,486.0114,485.8214,485.2646,490.1716,495.9658,501.76,507.5542,505.3461,500.772,502.1776,505.8225,509.0542,508.8498,506.9828,511.056,516.2822,519.7812,520.9542,520.2281,519.5022,518.3343,516.6956,518.4339
536.7321,537.2595,526.4588,517.8563,524.7083,521.0048,517.4125,515.9003,514.3178,502.056,489.7943,477.5325,465.2708,454.7023,463.505,474.541,485.577,495.0457,504.1923,513.3389,515.1188,514.6124,512.7706,510.4067,500.0815,485.9167,471.752,480.9043,485.9748,477.5601,469.1454,472.213,485.8897,505.64,518.3694,514.557,510.7446,508.5196,508.809,512.6962,519.6674,518.5539,516.6823,512.8254,508.9686,506.7393,510.6326,514.5259,517.0109,511.0981,505.6015,503.8767,502.1519,500.4271,498.7022,496.9774,502.7338,508.5753,514.4169,520.2585,517.7032,513.1111,508.3654,506.9426,505.5944,504.1099,503.3209,502.7426,499.1614,499.5536,506.2007,514.7727,515.4864,512.9705,511.2722,509.6649,508.1266,506.5883,508.9386,512.0577,511.8277,512.3847,513.9613,515.6719,514.652,508.6112,502.2328,498.1626,501.0204,503.8781,505.696,504.1558,502.3392,499.3608,497.1401,499.283,501.4259,503.5688,506.1617,515.2867,509.2066,503.1265,520.261,510.2425,499.4062,501.9704,494.706,486.2927,487.8798,491.0908,494.3017,497.5126,498.6385,499.1479,501.9383,505.5828,513.0637,513.2435,508.7705,512.9836,518.3333,520.7827,520.6362,518.3707,516.1051,514.3259,513.0649,513.007
521.5103,521.1252,510.6007,502.0647,507.8432,507.2472,506.7476,508.0493,509.2938,501.8193,494.3449,486.8705,479.396,480.3997,481.8419,483.2472,484.6525,493.2933,503.4211,513.5489,514.5031,512.6101,509.0191,504.7641,501.5496,498.8368,496.124,500.4153,499.5853,491.9541,484.3228,485.0594,493.5277,506.592,515.3979,512.9576,510.5173,510.2874,513.5587,516.5439,518.1506,517.9988,517.3301,515.3077,513.2853,512.176,514.5016,516.8273,518.7239,518.0617,517.3542,516.2361,515.1181,514.0001,512.8821,511.764,511.9667,512.1844,512.4022,512.6199,505.2899,504.531,504.8004,506.1724,504.3461,501.727,500.2459,499.1097,498.0639,499.0636,504.3388,511.23,509.7321,508.0818,509.3887,509.1598,507.7646,506.3693,507.489,509.4182,509.52,509.0007,507.6769,508.7399,509.4132,503.0779,497.3198,495.0742,498.155,501.2357,502.777,499.3469,496.6819,497.2327,498.0438,500.3546,502.6654,504.9761,507.5971,514.6328,508.93,503.2272,510.0186,498.9218,487.2868,486.3668,489.2375,492.4187,494.3968,496.1795,497.9622,499.745,501.453,503.139,506.4028,510.2575,520.7913,522.0896,517.0687,515.7319,519.3734,524.8477,525.6295,522.5802,519.531,516.5339,513.5924,515.2784
498.1373,497.4651,494.5425,492.9833,500.9565,501.8722,502.8629,505.257,507.6265,506.2624,504.8983,503.5342,502.1701,520.252,508.8505,493.8215,478.7925,487.861,501.8819,515.9027,517.5222,515.2927,510.5797,504.8955,501.2915,498.6908,496.09,494.8572,493.3572,491.0464,488.7355,489.4511,492.9631,502.8286,511.3522,509.8081,508.2641,508.8438,512.7872,515.8773,516.8552,516.8253,516.6378,516.0382,515.4386,515.0005,515.1703,515.3401,515.5353,515.8821,516.2656,516.9806,517.6957,518.4107,519.1258,519.8408,518.0513,516.2332,514.415,512.5969,506.2524,503.1873,500.6471,503.0934,502.3645,500.6686,501.6586,503.4624,505.5384,505.6755,506.1263,507.1372,507.5291,507.7292,508.0336,508.9019,510.1985,511.4952,513.3829,512.5129,508.0178,505.7821,506.4741,509.9148,512.1636,505.0717,499.5399,498.8074,501.6626,504.5179,505.8872,502.4577,499.0343,495.6361,493.1881,496.2129,499.2378,502.2626,505.5801,513.2365,513.3306,513.4247,499.3961,491.115,483.0089,479.7,488.3402,498.2012,502.269,505.3961,508.5232,511.6504,511.7852,511.0352,513.3601,516.8365,519.2709,520.1114,520.3826,522.1594,526.5648,532.1238,530.0143,521.6445,513.2747,509.9532,512.0102,515.8922
497.348,497.9018,497.6261,498.9448,510.8456,509.1149,507.645,511.0474,514.4482,517.5989,520.7495,523.9,527.0507,517.0493,511.9284,507.5111,503.0938,507.9335,514.6758,521.418,521.6335,519.8232,514.8952,508.748,502.991,497.4222,491.8535,483.0203,479.4547,481.0927,482.7308,485.6046,489.6202,501.4674,511.3054,508.3058,505.3061,505.1399,509.4618,512.4802,513.4777,515.4893,516.4274,514.5546,512.6818,511.5849,513.4067,515.2285,516.9834,518.3395,519.5034,518.926,518.3486,517.7712,517.1938,516.6164,516.075,515.5339,514.9929,514.4519,507.4787,504.3519,501.858,503.822,507.0729,510.4163,511.984,513.0137,511.9856,510.3649,510.8831,512.3732,513.7036,513.3107,511.8861,510.5134,509.1801,507.8468,510.5097,512.7806,510.3281,509.0434,509.2717,509.3712,506.6115,499.3092,493.3621,493.4001,500.7357,508.0714,513.0805,510.5765,508.0945,505.7052,503.7252,504.1027,504.4802,504.8577,505.2608,506.1959,510.406,514.6161,500.8667,500.343,500.219,481.5328,484.2724,489.4276,490.3082,490.4948,490.6814,490.868,494.7095,499.6317,506.6197,514.3813,521.3881,522.3226,520.3245,521.9558,526.762,532.1956,530.662,523.4405,516.2189,510.8661,507.5042,507.3039
509.122,512.1158,512.4597,511.8549,504.9929,506.6219,508.2385,509.6256,511.0197,513.4774,515.9349,518.3926,520.8502,498.5311,494.5033,492.8579,491.2125,495.3405,500.655,505.9695,504.7247,501.4442,504.8285,510.8191,506.9521,498.3312,489.7103,475.8499,470.6788,474.0256,477.3723,482.2237,488.4653,499.7225,509.0763,509.4651,509.8539,509.9933,509.7379,509.9699,510.7155,510.5685,510.3522,509.9545,509.5568,509.4312,510.3291,511.227,512.4743,515.8055,518.6766,517.3776,516.0787,514.7797,513.4807,512.1818,510.9609,509.7409,508.521,507.301,498.0992,497.8827,499.0363,489.6982,492.988,499.6915,500.7145,500.0164,493.051,507.3385,507.3741,495.9034,505.0682,509.0128,502.1455,498.8057,498.1451,497.4844,503.4294,510.5324,511.7858,510.6334,506.3637,499.2853,489.5077,482.5825,478.3375,482.0832,491.4073,500.7314,507.2788,504.8593,502.5829,500.9084,499.6119,500.4931,501.3744,502.2556,503.5121,510.4179,509.8795,509.3412,505.9062,503.2376,500.5926,478.4514,482.4882,489.4499,486.5527,482.0547,477.5567,473.0587,480.8902,492.3671,502.211,511.4433,519.1459,522.2772,523.4291,520.8748,522.5143,528.5786,527.6213,520.9318,514.2423,510.6284,510.2911,510.2202
496.8756,500.0969,504.1853,505.4395,487.669,492.1119,496.2375,494.4332,492.6582,495.3469,498.0356,500.7243,503.413,491.1364,493.6134,497.96,502.3066,500.4187,497.2497,494.0806,490.2811,486.2859,484.2454,482.9691,476.4543,467.4132,458.372,456.151,458.4045,460.7159,463.0273,471.464,485.5603,500.4579,508.3086,506.5978,504.8871,503.6908,503.3096,505.6887,510.9889,511.2637,511.2948,510.6877,510.0806,509.9778,511.772,513.5662,515.6597,519.5381,522.9424,522.0482,521.1541,520.2599,519.3657,518.4716,514.3433,510.1782,506.0132,501.8481,503.2664,495.7422,486.8907,483.3856,484.0036,485.3309,484.1093,482.1153,481.2827,490.4462,493.9947,492.9629,494.6697,494.3185,491.6689,493.2873,498.147,503.0068,510.664,514.0023,509.6496,507.7672,509.0858,507.1841,501.5717,498.1766,495.7679,495.5241,495.5468,495.5695,494.985,492.4397,490.6028,491.7436,493.1723,496.2592,499.3462,502.4332,505.2549,504.1096,508.9485,513.7874,504.131,498.1786,492.3401,479.0757,480.3641,483.2501,485.5307,487.7131,489.8954,492.0778,499.4241,508.2973,512.6326,515.2684,522.0303,524.9806,524.9976,521.6434,521.1196,523.9501,523.0042,518.9755,514.9467,513.9052,516.0465,515.9467
481.1097,481.7733,480.1859,478.289,475.0088,480.7538,486.2775,487.6654,489.0464,489.3622,489.678,489.9937,490.3095,495.728,498.2271,500.3339,502.4408,503.9119,505.2523,506.5927,504.2134,500.6796,498.0733,495.8297,487.9989,477.4736,466.9484,472.0188,476.2309,472.7449,469.2589,475.37,490.3484,502.1932,505.5206,502.7462,499.9719,499.0341,501.0053,507.1644,517.7207,520.5784,521.8511,518.974,516.0969,514.7711,519.2816,523.7921,528.3025,532.8126,536.5721,533.5285,530.4849,527.4413,524.3978,521.3542,519.8679,518.3994,516.9308,515.4623,514.4492,501.2193,486.2863,492.4892,492.5946,490.3088,491.5812,493.9315,494.8219,490.8234,491.9938,496.4811,496.4735,495.6386,495.9164,499.5488,505.729,511.9093,518.012,520.1967,518.2176,516.3926,514.7675,512.6523,509.8013,506.9949,506.294,507.9875,505.1231,502.2588,499.5594,497.3926,494.8279,490.5903,487.4084,490.3061,493.2038,496.1015,499.4094,508.9143,510.8111,512.7079,502.7809,496.984,491.3133,477.2045,472.9693,469.8463,471.5227,473.9783,476.434,478.8897,487.7585,498.5234,503.9244,507.3168,515.9262,521.2291,523.5984,522.4391,521.8909,523.2516,522.1849,519.1364,516.0879,514.2505,513.7033,512.8983
479.5884,479.1071,473.1041,467.4761,465.559,472.0599,478.6084,486.045,493.4387,494.3214,495.2043,496.087,496.9698,494.8771,499.8557,505.6868,511.5178,512.1382,511.6878,511.2373,508.9462,506.0839,507.289,510.0847,506.954,500.9652,494.9764,497.9446,497.5308,490.6557,483.7806,484.5741,492.4532,500.2547,502.707,498.813,494.9191,494.0753,498.063,506.465,519.7645,525.5051,528.69,525.183,521.676,519.8939,524.6008,529.3077,533.5823,535.2792,536.6355,534.9041,533.1727,531.4413,529.7098,527.9785,525.4403,522.8931,520.3458,517.7985,511.8154,505.8035,499.8405,495.625,494.9505,495.0165,498.3234,502.6122,503.3618,502.096,502.2819,503.2874,508.4856,509.1407,505.3969,504.8431,506.712,508.581,514.7546,521.244,523.4459,523.1196,519.5172,515.7705,512.1517,509.1349,509.2753,513.4592,511.8536,510.2479,508.1125,504.2661,499.8518,493.0507,487.7435,491.0403,494.3372,497.634,500.9527,504.5653,506.8396,509.1139,502.4444,499.68,497.0344,485.0161,476.9062,469.2869,472.4682,477.4032,482.3383,487.2733,495.8653,505.5385,509.2356,510.6946,520.0131,526.6375,530.0145,528.876,529.0626,532.0621,529.2188,521.6055,513.9922,511.0204,512.9936,515.0292
475.7405,476.0162,470.5659,465.6028,464.9686,470.5873,476.4264,486.3837,496.2802,496.9109,497.5417,498.1725,498.8034,492.6023,497.1174,502.9486,508.7798,507.0078,503.6733,500.3388,503.1989,507.9816,511.909,515.5018,514.841,512.1287,509.4165,507.2829,502.1139,494.5385,486.9632,486.9402,493.8951,499.6938,500.9724,498.3391,495.7058,495.8788,500.497,510.2971,523.6226,523.3636,523.1797,523.1924,523.2051,523.786,526.5048,529.2236,532.1035,535.9437,539.2789,538.0361,536.7935,535.5507,534.308,533.0653,527.3773,521.6385,515.8998,510.1611,499.213,497.1564,496.4142,484.7293,485.4117,489.4684,493.1417,496.6987,497.454,504.4028,507.5357,507.3998,508.6026,507.5181,504.4997,504.037,505.5154,506.9939,510.3626,515.3954,520.1991,521.2674,517.4955,514.7966,512.8001,509.1526,508.4847,512.832,514.4747,516.1175,517.2476,516.7219,514.3763,504.3815,496.3997,500.0115,503.6232,507.235,510.595,509.9853,509.6953,509.4053,497.9603,488.4881,479.0772,473.4162,469.2047,465.1149,475.2419,487.6775,500.1131,512.5486,519.902,525.7527,526.6352,525.657,525.5332,529.6911,535.8402,534.051,532.4883,534.4381,531.601,524.856,518.111,514.0615,512.884,514.8674
476.7262,478.1447,475.9475,473.3247,468.4354,472.5,476.5738,480.8195,485.049,486.8349,488.6208,490.4066,492.1924,483.9266,489.2757,496.3111,503.3464,499.1781,492.7072,486.2364,494.0279,506.2459,508.5485,506.9738,504.7827,502.2945,499.8063,494.6431,487.6655,480.6231,473.5807,475.6913,486.2592,489.7581,487.9543,489.1581,490.362,493.1962,498.6129,506.6013,515.6812,516.624,517.577,518.5569,519.5368,520.7996,523.1266,525.4537,527.9982,531.8395,535.2676,534.9503,534.633,534.3157,533.9984,533.6811,527.3226,520.8952,514.4678,508.0405,499.7259,492.1685,484.7453,481.7589,481.7575,482.2435,484.6629,487.6682,487.5502,496.0781,503.1254,507.4888,506.1473,504.8113,505.555,505.4434,504.6822,503.921,505.529,509.2141,512.6026,514.6109,514.8308,513.7058,510.6247,507.7755,505.2153,505.7461,512.0109,518.2756,520.9874,512.2256,505.3027,506.1079,506.6755,505.8745,505.0735,504.2726,503.737,506.9938,499.7268,492.4599,498.3268,486.9138,474.9809,467.2665,460.1256,453.0101,467.5771,485.665,503.7528,521.8407,530.7766,537.0066,536.7692,534.1099,538.8521,541.6857,541.783,541.6122,540.9365,540.0301,537.5443,533.7692,529.994,526.866,524.4272,526.9977
487.2275,490.4501,493.7634,491.6842,453.2691,455.7798,458.11,457.0639,456.071,463.1702,470.2694,477.3687,484.4679,477.4079,483.5218,491.3134,499.105,492.7425,483.4712,474.1999,483.5724,498.7314,498.4779,492.1978,488.8159,486.8317,484.8474,481.926,477.7514,473.1183,468.4851,469.8533,476.7667,481.5047,482.6434,482.3357,482.028,487.366,501.6468,512.3309,516.3422,520.828,523.5739,521.7637,519.9536,519.6357,524.9315,530.2274,534.6508,533.8719,533.0003,531.2887,529.5771,527.8656,526.1541,524.4425,522.6256,520.8076,518.9895,517.1714,508.1283,495.8811,483.3002,482.3299,479.4305,475.5472,476.2141,478.2595,482.8492,492.2301,498.0742,501.4765,502.2232,501.6699,501.2609,498.7885,494.7487,490.709,495.4531,504.4034,508.4655,510.3043,509.2621,506.3488,502.3215,501.3634,499.4791,497.9574,501.7002,505.4429,504.8775,490.4,481.5091,496.0993,507.9398,503.9444,499.949,495.9536,493.4126,512.5947,498.4348,484.2749,511.4615,499.7758,486.9179,488.0148,475.2114,460.8249,471.7196,486.7195,501.7193,516.7192,527.1564,536.2447,536.3274,533.0377,541.7734,545.574,543.9894,543.8985,543.9485,543.4627,542.045,539.8666,537.6882,534.1631,529.2032,530.2632
480.1178,482.826,489.0082,487.7981,436.3771,437.2498,438.4901,446.6011,454.7086,462.291,469.8734,477.4557,485.0381,478.4027,479.8942,482.4776,485.0609,482.0852,477.967,473.8488,476.8112,481.9711,483.7689,484.252,485.4889,487.0894,488.6899,486.7657,481.8711,476.482,471.0929,472.0325,478.8198,483.4914,484.6938,484.5269,484.36,488.5977,499.8123,509.4076,515.6982,521.5656,526.2009,527.6107,529.0205,530.7876,533.8988,537.0101,539.062,534.7975,530.9938,531.368,531.7422,532.1163,532.4905,532.8647,530.5174,528.1391,525.7608,523.3825,498.8281,490.8651,485.5464,475.9032,470.6709,466.6615,467.3821,469.5359,473.5132,485.1874,486.1317,480.5918,487.2142,489.9247,485.7346,482.2974,479.4319,476.5664,486.0915,499.1198,502.6188,502.8577,498.8721,494.9895,492.8306,493.3434,495.9487,500.2406,498.407,496.5733,492.8232,482.8842,476.4076,484.4839,491.4675,492.1579,492.8482,493.5385,494.9851,507.7003,502.3638,497.0272,528.8666,521.1096,512.1595,502.5624,489.9576,477.0409,486.8941,500.4446,513.9952,527.5458,534.5394,539.5944,537.8137,533.4733,548.2509,553.9618,550.4855,551.326,552.5642,552.247,549.5637,544.9487,540.3337,535.5925,530.7168,531.6389
