0,1,2,3,4,5,6,7,8,9,10,11,12,13,14,15,16,17,18,19,20,21,22,23,24,25,26,27,28,29,30,31,32,33,34,35,36,37,38,39,40,41,42,43,44,45,46,47,48,49,50,51,52,53,54,55,56,57,58,59,60,61,62,63,64,65,66,67,68,69,70,71,72,73,74,75,76,77,78,79,80,81,82,83,84,85,86,87,88,89,90,91,92,93,94,95,96,97,98,99,100,101,102,103,104,105,106,107,108,109,110,111,112,113,114,115,116,117,118,119,120,121,122,123,124,125,126,127
132.3708,116.7861,96.3188,74.1863,89.1847,110.4024,153.6008,196.7992,232.7108,257.7216,247.5204,194.323,200.4468,223.0971,281.8591,282.8066,281.8156,269.6534,259.1433,266.3098,269.959,261.7088,253.4587,262.9993,273.3141,283.629,293.1901,302.632,291.4689,291.0886,295.4994,287.6206,282.4017,280.9517,279.6174,277.6075,275.053,272.4985,274.9453,282.7168,286.2357,283.2289,279.1553,285.36,300.7563,287.386,276.6636,275.6202,278.1487,280.6772,283.2057,285.7342,288.0267,284.9349,281.8432,278.7515,275.6597,272.568,269.4762,270.031,280.3318,292.6222,277.7911,254.2835,230.3008,221.4995,220.5268,225.7808,235.192,244.6032,201.6375,173.1152,217.844,217.0036,168.4879,149.3392,130.1906,132.1106,187.2319,237.1815,263.7921,268.6953,273.5265,277.8562,281.5723,276.276,276.9778,284.2363,291.4994,288.7544,285.3265,281.8987,270.2644,268.2688,268.9018,267.1491,264.5866,262.024,267.5551,277.4111,276.9946,273.0026,271.8787,270.7548,270.0662,269.8841,271.7109,273.6183,270.4531,268.6295,269.353,268.685,267.0226,261.6054,256.1882,252.2277,259.521,266.8143,274.3678,294.7936,280.7773,266.3505,266.7924,268.4392,270.0862,273.2718,270.1646,265.3915
137.2645,123.4072,85.3453,39.0284,47.5792,67.0045,126.7483,186.4921,219.0353,210.8872,180.5419,138.4778,168.728,212.1677,279.3118,281.1954,283.2064,285.9513,288.2372,285.8102,287.5778,279.3012,271.0247,282.4764,294.7867,307.097,313.2854,318.5062,304.7667,309.1884,320.4977,310.1931,299.5764,293.1736,291.2864,291.5516,291.2896,291.0275,291.6354,293.1696,293.028,290.2632,286.997,295.0285,315.1431,308.3749,302.9568,300.6882,293.0972,285.5063,277.9153,270.3244,263.2673,268.3898,273.5124,278.6349,283.7574,288.8799,294.0024,282.6546,297.8335,319.4256,305.6527,280.5661,250.4793,246.6924,257.4026,240.8412,206.0717,171.3022,148.7184,158.1995,190.0674,183.2675,149.446,162.6046,175.7632,193.8595,224.4242,242.4945,224.5163,241.4292,258.5815,277.3995,294.4632,286.2269,309.8104,298.7788,287.7234,282.0935,276.8339,271.5743,274.8056,278.8727,282.7599,284.2449,284.9143,285.5836,290.3357,297.2692,300.459,297.4989,291.7285,285.958,282.7546,282.5385,283.2953,289.3581,302.0333,305.0441,292.8663,299.1497,302.2669,293.4293,284.5917,278.1951,290.6563,303.1176,315.4315,320.4611,311.4037,302.1784,306.4437,311.8024,317.161,311.6138,303.996,296.4185
137.5298,121.7762,81.4819,32.8179,72.6062,112.2558,134.6875,157.1191,160.3037,134.6952,122.0259,141.54,176.4386,217.9973,268.0718,272.2817,280.9796,315.5398,345.6881,328.8516,324.5522,319.2403,313.9284,316.5941,319.6071,322.6199,331.0059,340.2412,320.6777,336.2687,364.5987,347.5285,332.4616,327.5327,314.8419,302.1851,293.1481,284.1111,281.5117,285.7661,298.0489,310.7547,306.8317,313.9645,332.8228,325.1372,323.1505,335.3938,328.9095,322.4252,315.9409,309.4567,303.388,306.8007,310.2134,313.6261,317.0388,320.4515,323.8642,314.373,327.0781,345.1163,344.6369,338.2335,321.2529,308.8918,301.2479,274.0731,233.8584,193.6438,200.6629,206.3633,159.0352,160.3927,207.0251,212.9856,218.9461,228.792,248.4488,268.3727,282.4189,267.1731,254.6806,261.3395,269.8498,304.108,274.9448,282.8891,290.859,297.2795,303.5942,309.909,306.1909,301.4807,296.9818,300.8303,307.5128,314.1953,320.7495,327.2351,327.7635,326.4876,327.0895,327.6913,322.9698,312.0533,307.3571,324.3176,362.4349,376.9282,350.0448,356.9509,359.2997,344.4422,329.5846,316.8633,320.646,324.4286,328.1957,331.1949,325.5816,319.8657,323.4266,327.7394,332.0522,318.0108,307.3778,298.5504
132.5155,110.7376,87.2404,63.1568,97.3712,123.3074,99.8023,76.2972,76.1583,110.9747,153.9455,206.3352,243.766,274.0551,281.8753,289.025,299.5669,329.6569,355.5654,337.2795,336.963,338.3778,339.7926,344.6847,349.7281,354.7715,362.8711,371.4538,364.288,373.056,387.8004,371.2776,359.3623,355.9908,349.5147,354.0975,368.155,382.2124,374.7247,344.2991,330.8831,351.9401,390.3827,402.3215,368.4801,355.9929,353.9318,377.5185,365.3063,353.0942,340.8821,328.67,317.0561,319.0876,321.1192,323.1507,325.1823,327.2138,329.2454,345.8838,347.8257,346.0074,340.9405,334.8342,320.3149,310.8398,305.8136,292.8914,274.6975,256.5035,256.8791,269.8031,276.423,280.8811,288.9254,307.9668,327.0082,340.1152,338.237,334.0023,324.0326,325.2095,327.0174,333.2146,337.7026,316.3427,288.419,303.5335,318.6778,331.1224,343.3828,355.6432,349.0882,341.3283,334.1191,332.4074,332.5622,332.717,342.0093,356.1841,367.7059,374.0273,377.6873,381.3473,383.1886,382.9134,372.4655,361.4309,375.7736,382.3625,375.6399,380.7252,384.1919,381.5477,378.9035,375.5165,366.3908,357.2651,348.4198,353.4449,349.2041,344.8528,349.1456,354.139,359.1324,356.2959,342.6622,326.7098
195.0555,231.6749,178.4654,94.6197,89.1874,86.6096,82.6226,78.6355,93.0213,134.8924,185.2281,245.5131,290.6608,337.1221,376.2571,372.6852,369.7581,370.5477,370.9872,366.946,350.8281,350.6109,350.3937,355.9396,361.7363,367.5331,368.8586,369.4774,392.9684,396.7826,392.9597,390.1175,382.4614,372.2782,371.4612,380.6102,392.663,404.7159,400.4018,378.6629,370.495,382.5301,396.9952,410.3582,414.2271,400.8235,392.5469,397.165,385.3105,373.4561,361.6016,349.7471,338.4081,338.8288,339.2495,339.6702,340.0909,340.5115,340.9322,354.8018,354.7742,351.2047,348.9337,347.0781,337.0537,325.3144,314.5311,305.0242,296.3695,287.7148,290.5245,316.897,356.9804,351.6086,315.2142,335.2657,355.3173,366.4348,354.9932,343.304,333.6617,336.567,341.6199,361.6106,377.987,340.5316,314.9699,328.3751,341.8073,350.6043,359.085,367.5657,355.631,350.9439,348.8647,349.4352,350.9054,352.3756,362.6292,377.5762,383.1374,385.4608,390.4282,395.3956,399.6919,403.207,394.9927,380.4903,385.5866,384.7798,373.9516,372.4152,373.2604,383.0975,392.9346,399.7586,383.3047,366.8508,350.7505,352.1376,357.2578,362.4225,366.9832,371.4949,376.0066,374.8727,370.9792,366.6809
309.1394,267.7716,201.3767,126.4464,87.823,57.4877,58.9134,60.3391,79.9079,126.6185,189.7745,270.1711,316.4157,352.4214,355.936,357.4492,358.3061,355.3801,352.758,353.4558,354.968,365.4715,375.975,372.6641,368.752,364.8399,368.8392,374.0891,415.0068,420.73,413.1865,398.6011,389.6509,384.8495,382.3017,388.5447,400.1324,411.7202,415.571,411.1848,409.5193,407.5127,399.1118,398.2284,409.667,413.4618,412.9111,398.9367,388.9475,378.9584,368.9692,358.9801,349.4235,349.7343,350.0451,350.356,350.6668,350.9776,351.2885,363.7411,363.453,359.9247,351.9563,342.5674,324.366,308.4318,295.6233,291.3821,292.8611,294.34,314.2899,348.1059,377.1922,375.4013,352.1621,366.6501,381.1381,385.6594,365.0132,347.3579,342.2018,345.3149,351.3096,377.3474,400.9087,386.4123,343.3344,363.0609,382.8309,389.6929,395.6741,401.6552,389.0331,380.3297,373.3716,374.1532,377.5624,380.9717,384.7921,388.8321,387.7308,391.1277,400.9617,410.7957,417.5441,420.7018,407.2531,388.5929,404.0352,411.1349,401.0639,396.0977,394.0836,403.2161,412.3485,417.9211,395.993,374.0648,352.7381,361.1584,364.8996,368.585,373.7265,378.986,384.2456,386.4055,379.0219,369.392
315.2454,283.5401,219.5943,144.6529,102.8206,69.9837,72.7979,75.6121,91.4855,126.8951,188.8542,279.7544,318.0335,351.4784,366.4942,369.0205,369.6235,359.1427,351.7965,377.6445,390.914,389.9908,389.0677,390.8485,392.747,394.6455,399.2724,404.3305,431.2148,437.0224,434.85,418.1455,411.3995,412.4066,407.7325,406.5283,410.4772,414.4261,416.5517,416.7363,409.5711,394.7263,383.6768,376.4377,381.3312,396.4355,405.118,393.9513,388.6283,383.3053,377.9824,372.6594,367.6009,368.5767,369.5525,370.5282,371.504,372.4797,373.4555,370.0556,367.0657,364.3307,348.5951,328.7003,302.3004,283.2666,269.4358,272.0627,285.6778,299.2929,321.7908,351.9022,380.7908,393.8252,389.4304,393.8696,398.3089,399.5358,392.6509,385.7757,380.8601,384.212,388.5693,399.9197,410.4003,407.5602,396.093,405.6717,415.2648,418.0739,420.42,422.7661,418.2483,408.4364,397.6848,389.1015,381.2545,373.4076,376.5289,385.511,398.5365,408.7906,414.5918,420.393,424.1064,425.3904,419.8781,413.966,424.9952,431.219,427.2499,425.4135,424.464,426.8629,429.2619,429.41,412.1695,394.9291,378.2952,391.6594,396.2121,400.6598,401.3998,401.8392,402.2787,408.7187,399.3841,385.763
321.9368,296.7771,238.0998,167.9914,133.1983,106.0529,107.8752,109.6975,123.4347,154.9962,201.2086,260.8578,285.719,322.2939,380.3256,381.9106,382.7847,379.5623,378.3366,397.1468,388.6451,392.9021,397.1591,397.4182,397.5033,397.5883,402.6402,408.4772,433.4659,438.9088,437.0331,430.0883,424.9326,421.6662,414.3099,409.7386,409.0859,408.4331,408.537,409.4467,399.8048,380.6589,369.3458,359.8805,360.1992,374.8007,388.6244,396.902,393.3164,389.7307,386.1451,382.5595,379.2367,381.9106,384.5846,387.2585,389.9325,392.6064,395.2804,375.2694,373.7337,377.0884,354.7861,324.2759,289.2239,257.9483,229.6102,228.7019,246.1075,263.513,292.6388,332.7531,372.3038,399.4926,404.8991,403.7403,402.5815,401.2596,399.5255,400.3036,408.0291,407.4508,407.3946,410.9703,414.8137,422.0841,410.9253,416.2113,421.5086,423.3549,424.9658,426.5767,419.8684,410.6016,401.1022,385.0301,366.7263,348.4226,355.2,375.3793,398.4881,412.6628,418.1017,423.5407,426.9202,427.903,429.8665,434.4637,441.0514,444.0022,440.9779,444.2083,446.4802,445.1333,443.7865,440.804,425.1866,409.5691,394.5672,410.013,414.0837,418.0187,418.7244,419.1683,419.6122,429.8125,425.9831,418.1134
328.845,304.9585,247.7971,179.2873,154.0252,135.6199,141.0156,146.4114,152.7178,160.3865,176.6769,213.7534,259.5865,317.1909,391.6232,391.6343,391.858,393.3064,395.3243,403.1687,404.9715,398.6147,392.258,392.3508,392.7243,393.0978,402.2379,412.7637,434.8523,445.6096,452.0898,441.6331,433.4973,429.905,414.1141,403.994,403.645,403.2961,401.8401,399.2055,390.6968,376.0063,364.2798,358.169,364.9843,374.9936,389.2111,411.066,407.6125,404.1589,400.7054,397.2518,393.9455,393.997,394.0486,394.1002,394.1518,394.2033,394.2549,377.9672,380.9485,388.7537,374.1633,352.4084,308.4761,260.9184,216.4804,208.8405,225.7691,242.6977,278.9831,327.2978,367.8709,404.517,421.9617,417.1515,412.3413,408.5975,407.5468,407.0576,409.4731,415.8338,421.2945,420.494,420.3945,430.151,419.2187,424.5039,429.8003,430.0707,429.998,429.9254,419.9738,406.7597,393.2166,369.9278,343.33,316.7322,322.3647,345.2191,383.5697,409.9061,418.0684,426.2307,431.3,432.7701,436.0234,444.0616,455.7143,459.5427,449.5222,450.3069,450.2247,446.8693,443.5138,439.7737,433.0616,426.3494,419.8343,423.0612,431.2446,439.4871,442.3975,444.8757,447.354,447.5122,444.4945,440.7958
335.9713,309.0647,241.4852,160.0341,135.9085,121.7,142.8945,164.0891,176.6122,176.1631,185.6754,220.791,269.6264,327.2462,395.2326,399.4912,404.1913,411.4363,418.9083,429.4794,450.6354,429.5922,408.549,416.2425,425.1866,434.1307,435.6793,436.0588,441.0378,450.9447,461.989,455.019,446.1357,439.9646,426.2788,415.9224,411.4663,407.0102,402.8442,398.987,394.9418,385.0318,366.3364,369.4973,401.9178,396.4086,401.9264,434.3107,427.793,421.2754,414.7577,408.2401,402.0954,404.4609,406.8263,409.1918,411.5572,413.9227,416.2881,397.3896,413.5335,438.1306,426.9212,404.2568,355.3606,306.2104,262.8023,247.4442,250.8139,254.1836,287.8658,338.4827,374.859,418.302,447.811,437.7416,427.6721,420.8704,422.3199,420.7597,411.6205,415.628,419.5777,423.1255,426.8049,432.2782,432.1468,436.5645,440.9854,434.9002,428.0981,421.296,416.951,394.5483,367.7935,340.084,312.0503,284.0166,297.2197,332.457,383.5338,414.1893,419.7921,425.3949,431.0413,436.7384,443.0538,451.0214,460.2301,461.7043,449.8042,449.4278,449.0701,448.7832,448.4964,447.6909,442.8784,438.0658,433.5106,441.6799,446.9187,452.1226,450.6353,448.6058,446.5762,437.1669,435.4428,436.0369
338.0606,310.973,231.8428,134.9635,111.3346,100.1113,132.8864,165.6616,190.125,202.154,204.5365,203.2031,236.4211,293.5599,399.6079,409.4185,419.4291,430.5921,441.9539,455.4756,468.8509,465.5276,462.2044,460.9419,459.7692,458.5964,449.8209,439.8437,447.981,455.0774,460.5008,457.8437,451.1662,444.1753,436.2321,428.6619,421.8039,414.9458,412.1151,413.572,414.6506,408.7542,392.7428,400.9059,438.5693,427.4308,428.6796,461.4898,456.1215,450.7532,445.3849,440.0166,434.8471,434.2143,433.5815,432.9487,432.3159,431.6832,431.0504,430.8881,429.1013,426.9421,422.1033,416.4073,387.0528,347.0838,307.0108,288.5716,284.5763,280.581,311.7903,359.7379,387.8854,423.8633,451.0536,445.3132,439.5728,433.6422,427.2309,420.3705,413.684,414.5646,416.2445,423.4841,430.338,431.4226,433.0409,437.1675,441.2957,431.6147,420.9912,410.3678,385.4707,359.4704,333.8433,315.0205,298.5078,281.9952,307.0277,354.2592,408.4299,436.6929,440.4885,444.2841,447.5592,450.2285,451.3002,453.3785,461.3347,460.8499,446.5931,447.1097,448.9303,455.6739,462.4176,467.0383,455.2586,443.4789,432.0969,440.3831,441.3092,442.1476,437.589,432.5928,427.5967,440.1391,442.2919,440.9211
342.9877,311.9865,238.6704,150.9228,144.3789,143.1147,151.202,159.2894,173.5606,197.0829,200.6918,177.9438,184.1114,238.1496,401.8597,417.0659,431.6552,442.6905,454.133,469.4013,474.091,465.4014,456.7118,453.4579,450.4406,447.4232,446.1088,445.0636,455.5734,457.3573,455.6483,454.9234,451.8098,447.3417,445.372,443.7625,441.2578,438.7531,436.5394,434.6356,439.6852,452.1572,461.284,466.7479,465.1578,464.7794,466.8599,474.3325,470.7357,467.139,463.5423,459.9456,456.2904,451.2999,446.3095,441.319,436.3286,431.3381,426.3477,425.0595,373.9436,311.8107,338.1812,392.8651,402.1459,386.7225,368.8952,356.3153,347.239,338.1626,351.3111,386.9073,423.2275,442.9614,439.7339,437.985,436.2362,431.8134,420.6384,412.4144,414.3161,414.8993,415.4174,415.4832,415.82,420.338,428.5163,427.9829,427.4436,418.3121,408.5943,398.8765,363.1482,336.6922,313.5678,302.7906,296.2056,289.6205,309.4907,343.4968,400.1139,436.6043,444.511,452.4176,458.145,461.3364,461.9131,459.273,457.8762,452.6591,444.0525,449.7215,454.7112,457.1365,459.5617,460.6836,451.7359,442.7882,434.1218,439.3716,435.6247,431.7707,425.6414,419.3277,413.014,419.4484,425.052,429.7889
343.8485,317.6617,266.9826,207.9503,222.2857,227.8791,179.0505,130.222,116.399,154.9437,193.0553,217.9827,214.9183,258.8792,414.0358,436.2445,454.9448,453.4282,452.506,456.3927,431.6851,417.9738,404.2625,414.3945,425.5642,436.7339,436.3366,434.1109,435.6628,432.5442,427.7368,431.0119,435.0237,437.7595,441.4467,428.5451,403.1476,377.75,380.444,413.0454,440.3552,434.8675,389.3824,389.5358,459.9234,472.9703,476.3307,450.3122,435.3511,420.39,405.4289,390.4678,376.4094,382.9442,389.479,396.0138,402.5486,409.0834,415.6181,284.3225,257.915,259.6135,309.7116,375.2934,402.4355,401.2039,394.1432,387.3867,380.833,374.2794,362.9153,372.433,410.4433,430.4933,417.0734,391.1209,365.1684,353.8767,379.6053,400.3577,402.0238,397.2783,389.8419,363.6888,341.3166,375.1639,393.557,387.7837,381.9936,373.8253,365.4946,357.164,346.3484,336.3421,326.636,314.5972,301.7664,288.9356,295.6851,312.8969,365.6758,392.9798,380.2407,367.5017,362.4289,366.2772,397.6786,440.1158,430.0835,416.3919,404.4142,419.3463,424.3384,391.8012,359.264,333.6379,361.4041,389.1702,416.3333,413.6656,414.8228,416.0256,399.6294,381.8068,363.9842,340.733,354.7364,378.4125
215.9174,248.5423,240.579,218.7729,237.6153,247.467,207.8686,168.2702,152.991,174.0929,227.6963,308.2087,304.9673,315.6359,359.063,362.6679,368.8261,389.6978,409.1551,412.5398,401.9361,391.3341,380.7321,380.9334,381.6048,382.2762,375.9611,368.5415,345.1448,354.3163,374.4862,375.4467,378.7322,387.0219,388.6971,377.6053,360.2993,342.9933,344.5261,366.1154,379.3401,374.6846,360.026,366.2811,405.1406,418.7281,423.4321,401.5876,391.4621,381.3366,371.2111,361.0855,351.3609,350.78,350.1992,349.6183,349.0375,348.4566,347.8758,235.3998,210.6158,209.2035,259.6354,326.653,364.8264,376.982,382.3592,377.1683,364.9217,352.675,327.8235,277.6085,212.9228,256.3176,370.9063,347.0629,323.2196,314.2141,342.676,366.1231,368.4642,356.3062,344.1106,331.6533,321.3656,342.7898,338.1712,342.0003,345.8351,340.2735,334.0706,327.8677,316.5106,310.7592,306.5533,306.867,308.7151,310.5632,319.5519,332.3561,358.4618,362.4258,341.3802,320.3345,310.7776,314.5905,348.3848,395.6787,388.4463,377.2999,365.1586,374.2542,375.5279,347.2696,319.0114,296.2724,316.1732,336.074,355.5996,356.5705,357.0252,357.4738,339.6519,320.3494,301.0468,303.7464,315.7845,329.0427
229.4001,244.3436,215.6153,171.9925,182.1615,187.3026,158.9703,130.638,127.2216,161.0787,222.6035,301.5804,296.88,273.7852,224.2376,290.396,348.6122,361.0612,373.5785,385.6082,375.7002,363.1811,350.6619,349.1297,348.0756,347.0215,330.7986,312.1779,288.0,312.5265,352.124,358.593,358.5621,362.0767,354.3607,337.213,318.4129,299.6129,306.5677,340.9421,359.9733,351.9184,334.4648,337.7338,370.1913,370.148,369.7645,366.6297,357.0037,347.3777,337.7517,328.1257,318.4654,308.0223,297.5793,287.1362,276.6932,266.2502,255.8071,176.0461,160.0963,160.6961,218.4091,294.3934,332.1722,345.4644,354.8527,348.8065,332.4553,316.1042,276.1635,218.6041,167.1854,206.4408,305.7854,289.5859,273.3864,271.9314,307.7081,335.9254,334.1302,318.2219,302.4,287.179,277.0641,341.5375,343.2878,339.1687,335.0455,321.9088,308.1569,294.405,305.1133,305.9724,303.433,302.6751,302.522,302.369,306.0933,311.8893,335.4602,332.1835,297.666,263.1485,245.6912,248.0872,294.4666,364.4437,360.9622,347.2055,324.165,339.0722,341.6004,297.3905,253.1805,217.9103,251.7034,285.4966,318.7974,327.7506,329.559,331.2822,326.9794,322.1882,317.397,299.3399,302.6992,312.1421
280.883,257.0566,206.3269,146.4217,126.884,113.3275,120.038,126.7486,136.9717,152.4498,175.7823,203.8311,207.5843,199.505,180.5608,259.0404,327.6757,339.5828,351.3499,357.421,290.1133,278.278,266.4427,284.8423,304.5578,324.2733,298.3002,265.105,228.3971,263.3898,320.219,316.0904,317.1554,333.0439,313.6482,283.4561,261.7617,240.0673,255.054,309.0927,341.4225,330.4317,298.3121,298.1414,341.5982,331.6606,326.4044,331.9334,318.4654,304.9973,291.5293,278.0612,264.6681,252.9834,241.2986,229.6139,217.9291,206.2444,194.5597,138.8341,139.0386,153.1168,197.0327,250.494,274.0328,284.9123,296.0499,287.8008,266.6079,245.4151,196.0325,157.9064,163.0814,192.446,228.5189,218.458,208.3972,212.3,251.4629,282.5242,277.2821,239.1441,205.97,207.3234,215.4239,320.6919,299.4608,267.7158,235.9636,212.7203,190.0576,167.395,266.8914,289.7351,289.1533,276.2468,259.156,242.0651,237.2788,239.0672,265.5962,265.9894,231.8344,197.6794,178.6982,177.3746,223.2789,301.0933,311.3463,284.8081,220.634,280.6054,314.5561,250.2621,185.9681,134.2637,179.8196,225.3755,270.6076,299.8252,293.5564,286.8647,285.5381,284.6464,283.7546,191.7514,195.3733,227.8016
305.6882,259.9597,214.4796,169.0842,125.8837,95.9057,127.0399,158.1741,170.4117,154.3806,149.2253,160.3697,160.0438,156.1283,159.2587,230.6008,290.8433,287.1241,284.2139,290.3533,301.6239,298.9935,296.3632,281.1741,265.4385,249.7029,213.1686,173.3467,190.5628,218.2815,244.8781,191.9007,185.8388,218.5471,197.7477,176.7317,180.3427,183.9537,199.3392,227.2603,248.4841,252.5954,244.3157,250.4364,270.1702,251.36,243.5202,264.2435,253.6013,242.959,232.3167,221.6744,211.0382,200.5404,190.0425,179.5446,169.0468,158.5489,148.051,152.2768,180.747,213.9532,199.4397,169.66,151.994,155.5097,167.0884,170.2095,167.6839,165.1582,193.5962,223.1322,220.0902,187.9259,145.936,156.6137,167.2914,174.8023,174.3165,174.9667,178.0454,174.306,170.422,165.5325,164.965,225.6609,174.6019,182.0021,189.4427,196.7514,204.0512,211.3509,186.5707,179.1202,177.1634,179.3916,183.0408,186.69,188.505,189.34,199.1395,201.0644,191.7403,182.4162,174.9601,169.6779,164.236,170.7447,198.2467,207.973,193.1099,221.1345,237.927,212.3113,186.6956,162.1404,145.7781,129.4159,114.3959,165.765,149.7264,132.8843,135.1342,138.9314,142.7286,166.5416,153.1284,129.2977
316.2728,265.604,213.9221,161.8945,138.0026,126.4418,166.9847,207.5277,220.1652,191.0568,182.3496,202.1167,195.6001,189.3367,193.0387,231.0365,265.8726,282.4883,299.3131,318.6707,342.351,340.6258,338.9006,328.7389,318.2101,307.6812,264.2508,215.6195,240.4411,235.1807,215.3551,252.189,254.3071,228.1857,256.6618,272.8376,254.7853,236.7331,234.6892,249.6883,261.5766,262.4192,252.6527,246.2712,250.2066,262.1097,260.3391,221.3901,215.2258,209.0615,202.8972,196.7329,190.7133,187.9935,185.2737,182.5539,179.8341,177.1142,174.3944,214.8587,262.0054,308.9786,288.3138,246.0107,262.8782,272.6454,265.5569,262.4685,262.0508,261.633,316.914,356.0488,316.4112,287.1541,270.8395,251.2543,231.6692,214.9019,205.2503,197.2889,210.6275,289.7714,348.735,267.3291,191.2938,197.5594,258.59,286.6412,314.6695,322.6407,329.2431,335.8455,224.4961,204.6078,211.4381,225.2353,241.3979,257.5606,259.6615,254.2488,253.4507,246.009,230.7167,215.4243,206.4724,204.899,206.3355,204.7777,190.2555,208.9405,261.1705,200.2158,156.1144,175.645,195.1755,213.1997,219.5867,225.9736,231.6429,201.8182,230.6885,260.2584,245.5736,227.302,209.0305,296.5131,292.3022,259.5212
322.0039,250.1975,185.9399,124.2569,143.7947,170.5723,215.8185,261.0648,281.6489,265.3392,247.5107,234.7767,240.3727,243.586,241.609,248.0276,258.3439,291.1221,322.9098,342.1772,329.2527,323.9978,318.7429,330.5197,343.0378,355.5558,321.5279,280.1423,308.0187,335.6869,358.0928,365.4562,360.6198,352.9186,367.73,363.8274,335.8974,307.9674,308.0364,337.9144,352.5495,339.3495,315.3611,313.6551,346.7465,353.0537,351.0357,324.8692,312.6115,300.3537,288.0959,275.8381,264.4406,272.6697,280.8988,289.1279,297.357,305.5861,313.8152,304.76,338.8459,383.0026,391.9529,389.6402,408.4116,412.7336,404.9865,399.3054,395.0036,390.7018,397.7347,397.2103,375.9012,382.0977,396.7961,360.4724,324.1487,306.6366,336.6263,361.6569,370.573,385.5793,390.4941,325.2165,267.7295,326.9908,382.8978,391.3779,399.8252,408.5446,417.2825,426.0204,348.1583,333.8442,338.3002,345.6357,353.9488,362.2618,362.7153,358.9692,367.8206,354.9735,317.8606,280.7477,259.1366,255.5652,278.3483,311.3843,293.7117,309.0798,355.0692,281.0867,225.2516,237.9342,250.6167,265.1745,294.2189,323.2634,351.5945,344.6461,379.5457,414.9441,399.7581,380.4722,361.1864,412.8904,411.0782,392.1136
346.1573,256.1524,177.7252,103.2466,143.1477,189.1617,242.188,295.2144,319.9459,302.3491,267.3129,222.8642,234.763,250.7809,274.2916,277.7578,284.4736,309.9149,333.6534,339.9853,363.3477,350.9944,338.641,336.7711,335.3575,333.9439,321.4831,307.276,341.8887,359.8549,369.1475,371.7238,372.8178,374.551,380.5664,377.2172,365.0791,352.941,352.2747,363.8214,368.1468,360.4839,349.589,352.429,375.3896,378.6611,379.4372,373.1865,371.9504,370.7143,369.4781,368.242,367.031,366.3932,365.7553,365.1174,364.4796,363.8417,363.2039,360.3452,367.4727,376.8641,389.4715,403.1077,411.6468,412.3929,410.3157,407.3883,403.8932,400.3981,390.6738,387.932,399.7616,399.2183,388.9123,391.8055,394.6987,397.6169,400.598,405.7027,411.1824,386.0322,363.3986,358.27,355.2462,383.5101,402.8878,402.7346,402.5678,409.229,416.3562,423.4833,431.1234,429.764,426.2672,420.7021,414.4348,408.1675,404.9388,403.3339,415.0681,410.9822,386.894,362.8059,347.4121,342.1361,361.4636,394.821,388.5157,390.0695,396.2606,366.8535,342.4301,336.8237,331.2172,329.9507,362.2118,394.473,426.1711,430.0219,428.5963,427.1079,430.3975,434.0742,437.751,434.7759,431.83,429.2343
335.8414,227.858,160.14,106.1547,156.422,211.469,269.222,326.975,350.4188,322.5368,279.8969,232.9975,242.1913,256.3311,282.8627,298.0158,315.5455,346.7711,374.8166,369.6893,385.8144,393.4011,400.9879,393.5451,385.4483,377.3516,372.4312,368.013,352.7746,393.2904,451.3933,423.8055,397.659,389.5152,400.3331,403.1047,391.2461,379.3875,378.9792,390.7614,397.2779,397.7393,400.0535,401.6161,403.325,409.0949,409.4767,396.335,400.6202,404.9053,409.1905,413.4756,417.3217,411.1515,404.9813,398.811,392.6408,386.4706,380.3004,373.3814,382.3793,394.88,394.1703,389.2342,394.3205,398.1212,399.0247,397.2412,393.6638,390.0864,398.4013,407.4855,404.444,392.0937,374.0859,368.7803,363.4747,359.0834,357.0009,357.6099,366.5771,370.5742,372.8561,363.2079,353.8056,348.9357,370.573,378.7716,386.9609,391.9733,396.769,401.5646,420.4631,426.554,429.0105,423.4444,415.1545,406.8646,399.7137,393.1714,394.2195,401.8625,410.5308,419.199,422.7512,420.3498,408.1877,391.9794,394.123,393.9532,391.5334,397.2315,402.9624,408.8173,414.6722,419.9356,420.6293,421.323,422.1522,429.6806,424.4196,419.0062,418.6657,418.7363,418.8069,410.0749,405.5649,402.5734
310.2694,269.566,207.3732,137.8514,181.59,231.8698,291.3642,350.8586,369.6143,327.4259,291.8573,283.9234,309.2098,318.2404,293.9221,334.5857,369.8869,374.2864,377.2486,364.9203,358.0581,399.5956,441.133,447.9778,453.3127,458.6476,455.6054,451.2391,422.459,423.4648,435.2651,454.1086,456.2736,448.9465,456.7936,448.7101,422.021,395.3318,394.8531,422.279,438.9029,432.2921,412.5366,410.997,436.8827,438.429,437.4665,429.3804,426.0987,422.8169,419.5352,416.2534,413.1268,413.5407,413.9547,414.3686,414.7825,415.1964,415.6103,375.0849,383.4195,403.9673,414.3878,421.5684,425.152,426.37,427.1897,426.2556,424.1505,422.0455,429.0645,427.2256,405.568,406.25,422.3109,410.848,399.3852,391.4203,392.288,392.9254,393.7835,399.089,401.3338,382.2893,363.8178,355.3485,391.0184,399.2438,407.4502,408.7223,409.5211,410.3199,406.7291,408.5175,411.7644,409.0501,404.312,399.5738,396.7606,394.9761,392.9692,395.6939,402.3062,408.9184,409.6512,403.5422,388.2355,370.9894,374.2628,381.6822,393.5202,391.8421,391.8925,398.4692,405.0459,410.9102,411.2717,411.6332,412.1089,418.2357,425.8895,433.5615,422.0463,408.976,395.9057,407.8966,399.8778,385.5221
255.3597,274.4436,242.2631,192.5987,211.1105,239.172,298.8937,358.6154,378.9879,340.4948,325.3333,357.1511,391.6256,429.1116,454.8067,401.2988,355.0054,350.286,342.8635,309.5361,335.8279,384.2603,432.6927,442.4648,450.5543,458.6438,461.0377,462.5312,411.8842,402.4817,409.4029,448.5029,466.5842,467.9972,453.788,422.7429,386.6989,350.6549,349.9021,386.7217,417.6511,418.9599,386.5394,388.7337,438.9678,433.1979,431.9858,441.8457,435.4955,429.1452,422.795,416.4447,410.481,413.3336,416.1864,419.0391,421.8918,424.7445,427.5972,372.3306,385.2319,415.2105,425.9919,430.6318,427.0049,425.3827,426.6306,427.2164,427.3602,427.504,415.0446,401.0671,399.1575,404.0645,411.7109,407.7513,403.7915,403.9373,414.4498,420.0039,409.0789,402.6678,395.1549,379.9789,366.2641,374.7048,390.6286,395.0661,399.4956,396.8898,393.8039,390.7179,399.3288,399.0275,396.1137,386.9538,375.6732,364.3925,365.502,373.2318,374.9019,383.8459,401.946,420.046,427.3035,421.9434,402.341,379.4055,387.675,399.438,411.3236,402.2112,396.2223,402.0259,407.8296,413.175,414.98,416.785,418.7937,430.8801,429.9649,428.8947,424.4117,419.6521,414.8925,423.1981,417.6262,407.8819
202.7057,219.3309,213.1374,199.1614,206.323,224.7135,291.3907,358.068,397.9103,397.6082,396.6547,401.873,424.0009,413.4367,322.177,310.6634,299.7547,292.3321,283.9656,270.5242,347.6325,383.4672,419.3019,419.8593,418.8814,417.9034,421.6592,426.1633,402.63,399.2018,403.9273,412.7906,417.0085,418.1432,411.9452,395.7054,375.5645,355.4235,342.0426,335.8586,346.0028,362.8583,355.0635,367.8652,406.5415,405.4115,406.3322,412.4988,412.4297,412.3605,412.2914,412.2222,412.0693,410.0057,407.9421,405.8785,403.8149,401.7513,399.6877,377.2623,392.8444,417.4929,417.4248,409.4497,410.3691,412.156,412.3933,407.4825,399.1346,390.7867,387.8867,395.0527,407.4753,398.6905,378.5023,389.6916,400.8809,409.4823,411.549,409.6543,396.2995,393.8723,391.2032,386.852,380.7358,349.5166,361.2781,369.7647,378.249,381.851,385.1199,388.3888,378.7487,390.7062,408.3107,404.6448,393.7572,382.8696,371.7915,360.6118,357.8893,368.5631,385.1901,401.8172,412.976,417.7712,416.3216,411.9009,418.5634,417.5205,404.2618,405.44,406.4952,407.086,407.6768,408.2795,408.9744,409.6693,410.6784,427.2256,418.9596,410.3978,415.7857,422.3042,428.8228,404.3341,400.3577,403.1515
159.0749,147.36,165.967,194.9153,213.8063,235.5942,272.7461,309.8979,353.9257,408.2398,414.6364,355.7084,362.0429,352.6255,301.7173,279.4807,257.1082,233.9517,215.795,255.1288,354.4138,383.7798,413.1458,410.5144,406.4904,402.4664,402.6377,403.4722,400.8766,402.9745,406.7421,413.5589,411.07,403.4629,404.3241,399.6574,387.0511,374.4447,355.1275,328.6655,315.3,325.0545,342.8313,368.2377,398.8387,404.1906,409.2384,412.4415,412.3011,412.1606,412.0202,411.8798,411.7027,410.69,409.6773,408.6647,407.652,406.6393,405.6267,383.6645,394.4348,413.1422,413.7467,408.5598,409.5054,414.872,421.1149,417.1782,406.445,395.7119,404.671,421.3903,425.2504,410.4741,389.6755,403.0172,416.3588,424.1572,417.9583,412.0329,407.7994,406.6801,406.0441,408.7697,409.9718,389.4885,405.5291,409.5796,413.6217,415.1995,416.609,418.0185,401.1519,403.3521,410.8425,411.182,409.0937,407.0053,397.9844,385.2593,384.8894,390.5021,394.0031,397.5041,401.0444,404.6306,411.6913,420.7588,424.2688,419.9835,404.4436,406.4545,408.1567,408.6932,409.2298,409.6572,409.2421,408.827,408.6878,422.1917,414.5959,406.7487,407.015,407.9389,408.8628,400.2221,393.8716,388.5916
149.5276,145.4134,148.6882,154.4831,198.8769,240.1629,259.7563,279.3498,306.4453,344.7638,346.5111,299.1955,303.4899,305.8486,298.6021,278.0329,256.6506,230.5828,209.0277,241.4183,363.857,390.6805,417.5039,414.1279,409.4376,404.7472,403.3795,402.537,400.5598,402.4987,405.7009,408.8253,408.6512,406.8969,411.1332,409.014,399.5012,389.9885,375.9536,357.1045,338.9803,338.1129,362.7263,384.2369,396.4329,401.6654,407.2274,412.0244,409.3866,406.7489,404.1111,401.4734,399.0138,400.6176,402.2215,403.8254,405.4292,407.0331,408.637,386.8626,394.9555,410.4518,414.9755,415.989,411.0423,414.634,423.9031,422.9422,415.1512,407.3602,422.2117,439.8169,435.77,423.4098,411.1802,418.8062,426.4322,431.0925,428.2644,424.6336,419.4224,419.6107,420.5141,426.3912,432.3093,439.207,457.5047,454.9143,452.3094,450.8652,449.5002,448.1353,437.9716,438.4509,441.8209,429.4492,411.7331,394.0169,385.8698,382.8358,385.0044,387.5943,387.6263,387.6583,390.2555,395.8378,400.8505,402.3217,399.172,395.6064,391.5891,388.904,387.8649,393.04,398.2152,403.3412,408.0868,412.8324,417.5673,421.774,420.0033,418.1613,411.4455,404.3346,397.2238,408.3174,406.2444,399.9133
113.8484,83.2365,89.4769,108.286,155.486,198.9092,219.4392,239.9692,254.3075,259.3831,269.8101,289.6675,307.0811,316.2876,299.6437,282.115,266.543,262.2464,267.5764,374.6497,438.9596,434.207,429.4545,422.292,415.0245,407.7571,405.4113,403.8435,404.588,404.9141,404.9407,411.1893,417.9046,423.5892,417.7948,399.836,378.3541,356.8722,349.1927,356.2076,376.5921,399.3257,396.9455,396.3519,399.7257,403.7687,406.269,402.7713,395.7578,388.7443,381.7308,374.7173,368.1182,370.9708,373.8235,376.6761,379.5287,382.3814,385.234,394.4089,399.7945,404.114,406.3286,407.8698,417.8326,418.3547,412.1897,414.8015,423.2732,431.7449,434.6759,431.0094,426.0481,416.4108,409.5102,418.1511,426.792,431.7661,427.4808,426.2376,433.404,430.5002,427.2505,421.595,416.3669,417.8794,429.6975,437.3978,445.0952,443.0633,440.3674,437.6714,433.319,414.4819,392.3147,382.0558,375.8399,369.6241,366.4002,364.775,381.4479,395.0294,395.9764,396.9234,400.0917,405.8449,402.1494,391.3753,392.9223,392.263,388.2396,388.7068,391.1998,401.3415,411.4832,420.3628,419.4919,418.6211,417.7835,418.5917,416.4878,414.3491,412.5086,410.6923,408.8759,412.1913,408.4756,402.7225
71.7162,63.5932,104.092,161.1734,202.6613,232.5361,211.2971,190.0581,192.8916,231.737,278.2868,318.9171,311.782,300.4637,279.2138,269.6416,263.3484,275.9506,293.7237,367.2981,437.6233,435.2489,432.8745,432.0407,431.2739,430.5072,423.5247,415.5598,417.2255,423.9226,431.4105,431.4408,432.2753,435.0051,422.5434,402.597,384.2481,365.8991,357.3871,359.3478,368.0927,379.1686,379.2859,384.9919,396.4677,394.1496,393.4691,396.4353,392.2522,388.069,383.8858,379.7026,375.8224,378.8533,381.8843,384.9152,387.9461,390.9771,394.008,382.3633,393.3752,409.8876,415.354,417.2865,415.7846,412.4206,408.8782,410.4293,415.381,420.3327,425.663,425.1231,417.6362,408.1426,402.8691,409.2671,415.6652,418.621,412.8849,411.5067,419.6419,402.4699,386.1479,375.7387,366.1434,369.3725,391.9751,407.4996,423.0193,416.1906,407.8367,399.4828,396.8241,389.3361,380.4608,377.0911,375.5905,374.0899,372.2524,370.2348,378.0758,386.6598,390.3525,394.0452,400.261,409.4129,408.9454,399.3081,398.8335,402.3371,410.3199,405.9723,403.5717,408.5217,413.4718,417.1961,411.4509,405.7057,400.1045,401.6294,407.4644,413.3506,408.0421,401.8261,395.6102,397.1323,394.8065,391.1117
70.0414,55.3158,91.0203,143.9241,159.0991,166.8517,147.1373,127.4229,128.2679,159.8694,221.6543,306.5146,309.2494,307.3684,295.811,301.9295,305.8742,297.2922,295.8084,369.502,414.7471,422.5385,430.3298,427.6594,424.5336,421.4078,421.5893,422.2936,430.4679,434.0438,435.6755,430.9861,423.4935,415.921,392.2639,374.8721,369.4835,364.0949,361.6035,362.1968,356.7307,353.9832,368.5457,382.0807,390.6033,392.2087,393.4144,393.0091,391.4655,389.9219,388.3783,386.8347,385.4823,388.4933,391.5044,394.5154,397.5264,400.5375,403.5485,366.6192,375.7322,396.4057,408.3062,417.4,413.8022,407.7793,403.3637,403.6761,407.1452,410.6142,417.6114,418.7753,409.5954,403.3201,401.241,399.1906,397.1403,392.9854,383.5163,377.7863,380.2017,360.8298,343.5111,340.4749,339.6344,371.453,394.6137,391.7599,388.8882,387.6886,386.6032,385.5178,380.7924,377.0766,373.7593,370.9101,368.22,365.5298,366.1874,368.6338,363.8139,366.7369,379.8599,392.9828,399.9869,399.8706,399.0017,395.1583,388.1449,377.7677,373.192,404.6306,427.7427,419.4179,411.093,403.2864,399.4834,395.6803,391.964,392.5407,398.7166,404.9591,401.1431,396.5118,391.8806,388.6279,388.5499,389.2013
54.1669,80.3392,90.7438,95.7709,94.2782,94.8048,105.9489,117.093,123.0364,121.1998,167.519,274.4564,304.3886,325.1541,318.817,318.1101,317.7279,319.2172,325.9294,386.7733,405.6819,403.9606,402.2393,398.6398,394.9585,391.2772,400.526,411.8186,388.6056,386.8413,394.1208,396.2783,394.4749,391.7894,389.5691,381.485,368.9241,356.3633,346.9779,340.9731,366.8852,401.6783,381.6463,373.3122,384.9884,386.772,392.189,405.2179,400.4645,395.7112,390.9578,386.2045,381.7514,384.1481,386.5448,388.9416,391.3383,393.735,396.1317,350.9689,358.9508,380.3315,387.3805,389.8446,390.1328,389.2424,388.2393,386.7811,385.0188,383.2565,399.9669,410.7727,394.8415,385.2952,382.3757,375.2539,368.1321,361.8789,357.8189,352.6095,347.8175,362.2667,373.2704,360.3085,349.5905,372.2545,386.2736,381.5428,376.799,376.0516,375.5768,375.1021,364.244,360.0482,357.8782,353.1303,347.5072,341.8841,340.1413,340.4719,350.6981,361.8787,368.3157,374.7527,379.2539,381.5024,378.6859,370.1994,365.0884,360.0129,358.4362,365.9795,372.9384,377.6912,382.444,386.6023,386.1676,385.7329,385.3325,386.6251,387.464,388.2975,387.191,385.9272,384.6635,384.3415,384.0814,383.7884
47.3266,59.1645,56.3531,48.5457,65.3682,81.4277,89.3214,97.2152,99.356,92.8905,124.5959,219.4346,287.468,340.9001,343.5369,326.6433,315.6676,338.7946,362.5425,391.6674,396.4266,376.1588,355.8909,363.8596,373.0572,382.2547,392.0497,401.9391,406.7159,399.9389,390.0696,387.4539,392.0556,398.6845,397.4052,393.2084,390.5545,387.9005,379.4782,364.9146,382.6168,416.6045,406.6186,401.5987,402.0636,391.1277,385.6143,395.0855,392.5196,389.9536,387.3878,384.8218,382.5592,387.2146,391.87,396.5253,401.1807,405.8361,410.4915,392.3043,398.6123,411.1307,409.0154,402.2184,401.7325,401.3717,399.6619,396.6849,392.862,389.0391,391.7653,391.2877,380.0951,374.7239,377.6387,380.4078,383.1768,386.0387,389.1347,385.4411,363.4927,366.2316,369.1115,372.9713,376.8199,380.6848,390.2941,382.567,374.828,377.0052,379.8593,382.7133,364.7537,361.6623,362.987,357.8822,350.5946,343.3069,344.1299,349.2866,374.2305,394.9177,401.2154,407.5131,404.6132,391.01,380.183,373.4686,366.6341,368.4953,387.1843,397.6992,406.5596,409.173,411.7863,413.3783,407.0794,400.7805,394.6792,398.3513,400.7449,403.1233,400.373,397.207,394.041,389.9617,386.5812,383.4239
36.9226,46.9052,41.3773,30.5594,49.5601,68.3347,80.4703,92.606,100.6058,102.4185,143.6394,237.2509,274.1631,309.1,330.6752,325.3499,324.6501,350.6057,374.5678,378.0215,399.2573,386.2418,373.2262,384.5913,397.0175,409.4437,412.1292,413.275,409.0377,407.1287,406.3242,405.279,403.0679,400.3413,392.1553,387.9115,389.0614,390.2112,391.2928,392.3017,394.1363,401.8993,417.1734,419.6648,401.028,394.9661,392.2346,398.054,393.8713,389.6886,385.5059,381.3232,377.3412,377.9352,378.5292,379.1233,379.7173,380.3113,380.9053,376.0535,384.9836,397.128,404.9085,411.2928,414.7854,408.4722,397.8182,396.0145,400.1198,404.2252,408.4165,406.6069,398.0243,393.7102,398.1624,406.9265,415.6906,418.5255,406.3885,394.1231,380.3269,361.9066,347.9079,364.6655,381.5121,399.2698,403.6732,398.1463,392.6125,394.5414,396.9797,399.4179,382.7932,379.0177,379.1063,378.0952,376.7108,375.3264,378.8519,385.001,396.7386,403.0063,401.815,400.6238,401.6589,405.285,405.0972,399.4443,394.2744,395.847,408.7759,410.8516,412.592,413.0663,413.5405,413.4701,409.192,404.9138,400.7933,404.4677,404.9818,405.4582,404.5805,403.593,402.6056,404.7483,402.6309,399.2781
28.9388,27.5333,40.5739,58.5414,57.5013,58.3067,71.2602,84.2138,107.1377,144.977,213.8465,303.1874,300.7199,300.2768,305.114,306.0713,309.3101,325.6963,339.1308,322.4038,337.0972,365.5085,393.9199,395.753,396.4294,397.1057,409.4741,423.6906,421.4555,414.5966,407.5814,405.261,405.5048,406.0412,401.8858,396.5612,392.5602,388.5592,384.4804,380.3188,388.672,403.7386,402.3716,398.8514,390.9047,383.0007,379.5968,388.3307,385.8834,383.4361,380.9887,378.5414,376.1461,374.9374,373.7287,372.5201,371.3114,370.1027,368.894,368.3776,373.563,379.9669,386.2735,392.549,397.1974,398.025,397.2734,397.2242,397.6439,398.0637,406.6714,411.537,403.2996,398.4679,396.685,391.8631,387.0411,379.3332,364.338,352.3081,353.4461,366.1085,377.0967,376.4406,376.9844,395.2484,404.8589,402.1212,399.375,401.3525,403.6525,405.9525,393.0165,389.3922,388.631,387.1379,385.3964,383.6548,386.9012,392.8127,396.5192,398.2667,399.6821,401.0975,405.858,414.5113,415.1627,408.8661,411.3629,411.5086,407.054,404.6734,403.3055,405.7612,408.2168,410.1141,407.6981,405.2821,402.9656,405.5728,405.5455,405.4869,405.4113,405.3344,405.2575,409.7058,404.94,397.6177
27.1193,26.4016,37.9501,53.6822,44.4425,38.5064,52.6208,66.7352,100.2533,162.7987,237.9913,305.1589,297.7585,291.5371,290.0062,292.253,298.381,326.874,352.5175,348.479,364.2982,375.2944,386.2906,392.1619,397.8103,403.4586,408.3818,413.1904,418.0008,419.4776,419.9514,422.478,415.6319,403.8363,406.7874,408.3602,402.1009,395.8415,392.6996,392.8767,392.9287,395.3326,401.6915,400.6605,388.896,387.9454,387.1047,386.7004,386.5826,386.4647,386.3468,386.2289,386.0719,385.0218,383.9718,382.9217,381.8716,380.8216,379.7715,377.9218,377.4615,377.3347,385.0425,395.2567,396.4453,395.6159,395.7802,397.1449,399.3112,401.4776,403.3292,405.7845,409.2553,410.2097,406.4642,400.9452,395.4263,389.4716,382.4165,374.7417,364.8203,354.6605,349.0419,375.0111,399.6021,403.4654,405.5411,408.4105,411.2805,409.8528,408.132,406.4111,388.2179,383.5297,382.7449,383.0792,383.7935,384.5077,389.8838,397.7508,399.5193,400.9785,405.5829,410.1873,410.1752,404.7911,397.6685,395.3488,405.8088,409.5795,398.9556,390.7521,386.946,399.7424,412.5388,423.401,419.3209,415.2408,411.173,407.721,407.6809,407.6815,405.0076,402.117,399.2264,405.5256,402.388,396.3974
27.3125,24.6018,25.2161,26.9644,24.148,25.5331,47.3232,69.1133,108.5773,174.4812,240.0051,285.7516,288.3065,287.6287,278.1856,273.6926,275.9106,316.801,354.2079,353.2732,340.5374,347.6699,354.8024,369.3015,384.1212,398.941,394.9815,388.0535,387.0011,393.1719,401.0748,392.3641,377.3548,362.6531,376.9605,387.1845,381.0044,374.8243,374.1412,379.3106,392.2138,402.6205,392.4583,384.4101,382.0039,382.6578,386.931,400.3668,402.4118,404.4569,406.502,408.547,410.7732,417.132,423.4908,429.8495,436.2083,442.567,448.9258,412.8113,409.4946,414.9427,413.0688,408.8525,400.8861,394.1684,388.9253,389.9897,395.2653,400.5409,398.7119,394.7981,396.3196,389.2912,377.5854,378.3977,379.2101,377.3895,368.9203,362.1873,359.6398,348.7068,339.7979,344.967,351.7296,382.0027,400.0303,402.6198,405.1986,396.9771,388.0186,379.0601,370.7785,370.0739,371.1196,376.8863,384.2559,391.6254,399.8346,408.4924,411.9081,412.6476,414.1732,415.6989,413.7701,407.8214,386.9387,366.0678,383.9558,389.3883,372.2905,371.1006,374.5402,395.4584,416.3766,434.4298,430.3495,426.2692,422.1401,415.6005,411.5303,407.4895,403.3393,399.1802,395.0211,408.5942,411.7868,411.448
34.2423,27.9314,24.4384,21.9064,22.766,27.8835,52.1772,76.471,114.4691,172.9689,223.8711,252.2436,263.3387,274.9319,281.3706,262.7334,252.9786,294.4097,333.4738,346.2324,345.9756,338.4287,330.8817,331.6879,332.8577,334.0274,342.9342,353.064,357.3211,356.5728,354.7594,364.1943,384.3456,407.4104,387.7133,379.5166,399.4845,419.4523,420.3651,400.9913,419.8102,457.2075,441.4593,436.32,446.8596,442.5215,435.3898,422.9714,426.49,430.0085,433.527,437.0456,440.7133,447.7852,454.857,461.9288,469.0007,476.0725,483.1443,448.0585,458.5262,480.5313,483.9438,481.4082,476.0108,450.9901,416.6283,400.7863,397.3093,393.8323,397.4506,399.2477,391.2726,394.4238,406.1496,405.6704,405.1912,405.5576,408.0589,399.0809,364.3469,393.2895,417.242,406.4848,396.7415,401.8196,394.7223,401.5763,408.44,405.3994,401.683,397.9665,369.0981,354.8496,345.1512,347.1886,353.2106,359.2326,376.9191,400.8383,408.1825,406.658,407.2959,407.9338,399.738,381.2621,345.9264,310.8236,319.8567,323.9003,325.0678,349.0166,372.0653,391.7158,411.3663,428.406,425.2762,422.1465,419.0199,416.0486,406.5584,396.9906,386.7816,376.5206,366.2596,374.731,371.2991,363.9005
40.367,32.7558,26.1199,19.8166,19.4649,21.0883,30.7872,40.4861,67.9146,121.8661,156.09,165.3474,205.8478,246.0384,277.9745,282.6694,293.1963,337.3311,384.0694,454.7365,449.2167,396.4451,343.6735,352.6354,364.284,375.9326,368.4337,357.9081,351.0572,380.817,421.3163,450.0962,466.1962,478.5278,456.4693,445.4632,458.4183,471.3734,474.168,466.1453,465.2555,472.8037,478.2116,479.8375,474.3753,470.6313,465.8003,459.4533,461.4738,463.4944,465.515,467.5356,469.2716,464.5175,459.7633,455.0092,450.255,445.5008,440.7466,467.4803,465.3599,455.7505,463.7726,477.4352,472.7455,464.5535,458.6878,456.8411,457.6777,458.5143,447.1674,438.772,446.9612,460.3795,473.86,475.0883,476.3166,475.2071,468.1944,459.6094,448.5303,450.6109,452.8408,456.1088,459.4103,462.307,436.7887,447.9534,459.1435,458.8981,457.8723,456.8465,405.0965,369.2834,339.463,342.3449,356.3297,370.3146,394.2334,423.4602,429.0704,420.5652,413.9647,407.3642,394.7919,375.2702,344.569,306.7861,285.8083,278.2979,303.4078,333.3595,362.5811,389.046,415.511,438.6114,435.719,432.8266,429.5582,407.6918,401.0324,394.5543,407.9576,422.9722,437.9868,380.6582,379.9852,397.3259
41.357,36.996,29.1441,20.1016,20.5337,26.4316,55.9867,85.5417,124.8592,178.7811,235.0827,268.092,237.635,221.8947,262.7299,343.3556,415.1958,436.4093,452.7125,420.1923,462.1059,438.8106,415.5154,409.0771,403.3725,397.6678,408.5642,422.0847,430.0604,445.952,464.6417,470.8582,458.2116,438.9572,441.3349,443.5036,435.5005,427.4975,433.7617,455.2155,449.3636,427.3496,438.8189,439.9898,425.7371,425.4398,436.5511,475.6125,475.0417,474.4708,473.8999,473.329,472.2272,459.0146,445.802,432.5894,419.3768,406.1642,392.9515,457.119,439.7747,401.7124,400.811,411.798,405.2097,420.2065,450.1167,463.7351,466.4762,469.2172,466.4342,463.4868,466.3869,463.5262,457.5208,459.9612,462.4016,460.9872,449.8388,443.7953,451.1412,438.483,427.162,425.1415,425.3719,458.5504,466.2058,472.6963,479.186,470.7747,461.3465,451.9184,423.404,396.0537,369.8228,370.7157,380.8177,390.9196,410.1715,434.3124,457.3184,458.5094,442.9786,427.4478,419.8614,421.5198,393.1626,338.1694,315.1709,303.2539,316.5073,329.2854,346.0994,378.1509,410.2025,438.794,440.6555,442.5169,444.2968,442.0442,432.9138,423.7013,440.6738,459.7684,478.8631,475.3247,480.6428,489.3605
27.7842,27.9171,22.2242,14.5445,31.9536,57.8731,118.6899,179.5068,224.3773,245.3926,275.1799,302.7859,286.3541,294.6468,363.4487,369.9975,377.4909,390.4276,402.1138,400.0936,394.4188,376.5907,358.7626,332.3734,305.6115,278.8495,269.9847,263.949,309.5493,349.3207,383.4618,400.7954,402.6656,400.4483,417.0819,423.4487,413.6229,403.797,401.4653,407.112,412.233,415.0105,415.2479,416.8823,420.2435,420.8375,424.0464,433.9258,435.7791,437.6325,439.4858,441.3392,442.9209,438.3053,433.6897,429.0742,424.4586,419.843,415.2275,416.8876,419.0198,421.018,418.0469,413.4862,421.8901,425.0486,422.6371,421.0507,420.015,418.9794,434.728,442.838,424.1241,408.1086,400.6599,400.9053,401.1506,399.8396,394.5987,392.9505,402.1295,403.2577,403.1685,394.6113,387.7628,406.5486,425.5204,423.4554,421.3758,408.4194,394.7206,381.0219,374.2292,365.3125,355.5906,354.6342,356.6537,358.6733,370.1108,386.5806,425.038,441.0391,426.95,412.861,412.6063,428.4508,397.0479,331.5442,329.8799,317.5146,296.1901,316.279,337.6451,363.8336,390.0221,412.5734,407.0257,401.478,396.6317,426.4731,429.1722,431.5478,420.6194,408.6126,396.6058,433.9297,431.188,415.8015
25.2336,25.142,21.073,15.6475,42.1376,74.0952,125.5134,176.9317,215.7306,235.6514,256.1849,287.1135,338.9041,375.5025,366.6648,365.2207,365.4174,375.069,385.9535,408.4384,399.8091,375.9786,352.1482,314.5931,276.4407,238.2883,240.4606,249.007,286.1656,320.258,351.2799,394.2113,417.0992,427.8841,409.8022,400.781,411.7152,422.6494,427.5978,426.1734,430.9058,438.96,438.9594,440.7442,445.3549,447.9099,441.6158,414.0726,418.9921,423.9115,428.831,433.7505,438.5307,440.1352,441.7397,443.3442,444.9487,446.5532,448.1577,409.0854,413.8679,429.7612,437.9144,443.5915,443.2716,428.8193,408.5207,404.8705,412.3359,419.8012,421.0981,417.1345,414.0497,414.9067,419.0117,419.1378,419.264,417.8846,412.7036,406.6472,399.4711,400.7768,400.925,393.0218,385.88,389.904,385.8903,391.2509,396.618,387.3307,377.0435,366.7563,343.635,326.9425,312.3295,317.6164,329.6597,341.703,349.9389,356.1403,374.5562,393.3871,405.756,418.1248,416.447,398.4231,358.5663,310.8423,306.2063,294.051,279.0486,302.3479,325.8624,350.1895,374.5165,395.6013,391.6378,387.6744,383.6131,374.7081,403.6734,433.0902,411.0307,384.7992,358.5677,357.6558,358.8036,359.1655
21.0686,15.4709,13.8749,13.6437,39.0869,69.4176,117.6794,165.9412,210.2167,248.529,281.1513,300.3037,314.2397,345.2136,412.8504,418.7695,423.3953,420.5688,416.4386,399.4264,403.463,383.9703,364.4777,329.286,293.4111,257.5361,251.5614,250.3132,284.2167,326.9569,369.717,397.558,403.0905,400.842,397.8684,395.8482,394.8567,393.8652,404.0057,425.9978,432.0705,421.2168,418.1255,414.8416,413.0334,415.7072,417.7893,418.0552,418.9092,419.7633,420.6174,421.4715,422.3247,423.1565,423.9884,424.8203,425.6522,426.484,427.3159,418.3622,410.7878,403.8843,407.5561,414.6109,413.0861,407.9094,402.7953,407.6993,419.2918,430.8843,425.6441,416.8706,422.5392,428.8387,432.8079,431.4597,430.1116,427.7302,422.74,416.8847,409.7668,410.3586,409.524,398.7682,389.0712,395.12,396.9676,403.0393,409.114,398.0031,385.7193,373.4356,344.2568,323.9368,306.447,317.0982,337.3036,357.5091,360.3687,353.9597,367.6769,388.6068,404.0823,419.5578,416.3592,391.4293,358.565,323.0294,303.4759,289.6907,292.0649,302.35,317.9817,353.8,389.6183,422.0489,428.3072,434.5655,440.1441,412.1049,408.7766,405.7429,406.0987,406.7291,407.3596,395.3654,400.5746,410.7718
22.0303,15.8943,14.9436,15.7613,29.3381,45.1152,68.7397,92.3642,127.3168,179.2161,222.8224,255.4581,300.1485,348.2706,396.8231,406.9498,415.3089,413.4822,411.4086,406.6476,401.2705,382.0745,362.8786,324.1296,284.5296,244.9296,244.3897,250.0241,280.3756,314.2695,347.3737,373.5805,390.5295,404.392,409.4344,407.9048,405.6847,403.4645,401.6592,400.2957,401.6096,404.6808,404.7392,405.9437,408.9168,410.4613,413.3272,419.0229,418.4977,417.9724,417.4472,416.922,416.2924,413.2809,410.2694,407.2579,404.2465,401.235,398.2235,412.7968,412.8825,409.1411,410.0211,412.3796,407.2159,405.4093,406.9939,408.0218,408.678,409.3343,414.2809,416.7622,411.8163,411.2014,415.474,417.5406,419.6072,420.9163,420.3127,417.8769,410.1077,407.2518,403.4178,392.7809,383.9827,402.6104,416.3698,416.2142,416.049,399.3988,381.6236,363.8485,333.6576,313.5844,296.439,304.989,322.263,339.537,347.7328,351.0777,367.0452,385.4589,398.7993,412.1397,415.2642,406.5003,383.4934,346.4344,322.1252,306.9478,310.3095,307.4011,313.3241,352.5912,391.8584,426.4932,425.3417,424.1902,423.5612,448.7787,419.2928,389.1549,402.7256,419.8388,436.952,432.5115,429.1336,427.1347
14.4964,14.6181,20.79,29.0253,40.4159,54.2606,78.9333,103.606,112.1777,96.6625,113.6965,195.9377,281.1302,355.6864,389.3425,394.1981,398.6133,400.4904,403.836,421.6249,413.4133,382.4495,351.4856,318.2057,284.8249,251.4441,243.9535,240.5554,270.7214,313.0566,356.5334,385.965,402.9723,416.8046,415.3038,412.784,416.6258,420.4676,420.0615,415.1328,414.934,419.2898,420.5959,422.2536,423.3208,421.2394,416.3641,404.9985,404.7581,404.5177,404.2773,404.0369,403.829,404.3636,404.8981,405.4326,405.9672,406.5018,407.0363,408.0492,408.3166,408.4031,412.4433,417.7483,412.0486,407.4493,405.873,405.9101,407.0245,408.139,418.1736,424.4609,416.8399,413.819,416.8291,418.8754,420.9217,421.3313,417.6082,413.5008,408.5949,406.0948,401.8323,385.3113,371.621,399.9194,413.4669,411.1495,408.8212,382.4256,354.3876,326.3496,294.879,281.2708,272.012,286.0818,308.0719,330.062,346.4478,359.8388,372.4956,382.618,391.1327,399.6474,404.907,406.3787,391.467,359.5198,340.7368,319.1357,300.971,309.1783,322.1473,353.0948,384.0422,410.7432,404.6381,398.5329,392.8859,409.9031,394.5336,378.7781,390.9716,405.4303,419.8889,417.9181,415.4568,413.7188
16.0035,15.0611,29.1556,48.3784,56.2108,65.1703,81.5083,97.8463,102.6795,90.3017,124.073,232.5144,304.7834,364.7355,383.5409,392.2302,399.6601,399.8331,401.6823,419.5363,399.3983,366.056,332.7137,300.7762,268.8998,237.0234,228.2195,223.0626,250.7003,295.9032,343.9291,369.9724,378.0411,381.8525,389.9556,390.5229,383.6261,376.7293,381.985,400.1787,418.0707,418.9211,393.7165,379.029,384.3828,385.7487,386.5504,385.4221,384.0639,382.7057,381.3474,379.9892,378.9001,383.9518,389.0036,394.0553,399.107,404.1588,409.2105,398.0613,387.709,378.1431,381.3294,388.5953,386.8955,386.2091,388.045,394.8505,404.974,415.0976,426.2331,427.8357,417.7235,414.0576,414.7153,407.2436,399.7719,392.4734,385.6127,378.7973,374.9929,383.4282,387.5387,361.567,340.8223,396.8496,401.8166,398.4956,395.1689,366.8651,336.8567,306.8484,264.142,261.7276,269.3436,290.3832,315.9804,341.5776,354.4868,360.6162,364.9464,370.8338,378.9606,387.0874,391.9274,392.9426,371.4471,330.4125,314.1247,290.6434,269.421,298.1371,326.2337,351.9915,377.7493,400.541,400.4189,400.2967,399.9253,387.2236,388.1858,389.3107,394.1189,399.2255,404.3322,404.5729,412.2654,422.0876
17.0603,18.3233,39.0459,66.4052,58.1248,51.7404,60.8557,69.9709,99.5105,159.6047,229.5465,303.563,342.9458,372.627,372.1937,372.3726,372.0955,369.1907,368.2227,385.6118,357.1313,335.0683,313.0053,279.4296,245.3528,211.2759,205.8243,204.8975,235.3633,275.8414,316.9753,336.6378,347.8787,359.3812,364.6567,364.269,362.6501,361.0313,356.5716,349.0873,358.0244,369.4532,349.4184,343.6072,361.5624,366.1383,368.2777,363.1732,361.4341,359.695,357.956,356.2169,354.7738,360.0833,365.3928,370.7023,376.0118,381.3213,386.6308,386.6454,381.3639,375.1265,375.4802,377.9426,369.5988,367.0339,369.8273,375.4619,382.9934,390.525,404.8184,404.5315,380.6351,372.8789,379.3112,370.9114,362.5117,354.471,347.3369,339.3387,331.5287,337.6464,342.3078,336.8407,334.6578,380.3645,383.0383,391.067,399.0994,372.4292,343.3908,314.3524,280.4099,281.5606,291.1749,310.0594,332.0914,354.1234,357.2646,350.3118,349.161,353.8932,360.0788,366.2644,369.1678,368.2517,343.4123,295.8363,271.1656,255.6296,265.5577,287.6776,311.1074,339.4824,367.8575,394.0929,403.7988,413.5047,422.8043,412.0076,407.7037,403.4772,406.9673,411.0829,415.1984,404.0567,411.3366,424.0475
17.8625,22.3024,46.4341,77.2818,56.793,43.8734,75.7914,107.7093,143.8682,186.3713,242.8338,312.341,349.2502,373.8272,361.5075,355.1368,349.3157,346.6613,346.6625,372.5599,348.2921,321.4967,294.7014,271.1412,247.7219,224.3026,213.853,205.4535,230.4075,275.0269,323.0591,344.9736,362.0209,381.9879,353.0782,345.9627,377.3247,408.6866,411.099,382.6905,360.3383,361.153,385.227,404.2025,411.3367,415.318,404.142,354.61,352.8466,351.0832,349.3198,347.5564,345.9187,347.1465,348.3744,349.6022,350.8301,352.0579,353.2858,379.4216,393.2151,403.3728,403.6681,400.8083,370.0825,356.9995,359.1279,362.6091,366.9936,371.3781,373.1907,370.731,366.3233,362.2701,361.0188,363.5312,366.0437,367.533,366.4388,360.58,340.1876,329.721,321.9525,332.9499,346.0467,389.3802,393.447,400.0638,406.6823,379.5052,350.0218,320.5384,293.1755,304.4861,324.7902,334.3436,340.247,346.1504,342.4156,333.531,346.5254,360.4182,362.859,365.2999,365.1868,362.1018,335.8149,289.2765,268.0518,258.4949,273.5358,282.9948,297.8842,333.2767,368.6692,400.4774,404.5949,408.7125,413.0128,426.3556,422.8633,419.1703,418.9605,419.033,419.1054,401.2541,397.5302,398.2922
19.7651,25.6174,37.4387,51.2958,66.6772,80.7093,88.1775,95.6458,108.6311,129.8698,183.3587,281.0145,335.2026,377.5962,381.1233,376.9636,373.8883,377.0611,381.3814,396.4802,381.863,334.3088,286.7545,267.1882,248.8398,230.4915,229.996,232.3226,247.9142,281.649,319.8466,350.8717,365.1952,372.8864,374.0684,377.9965,386.9352,395.8739,406.477,418.8522,423.763,414.2896,398.3523,381.147,365.4633,359.6826,360.2514,376.9151,373.6764,370.4378,367.1992,363.9605,361.0734,366.205,371.3365,376.4681,381.5997,386.7313,391.8629,387.2382,381.0211,374.8251,372.0255,370.3124,358.9744,354.7487,356.2953,362.922,372.9407,382.9593,383.1207,381.2564,387.8979,393.3917,390.8227,377.7243,364.626,355.0327,354.29,348.7836,329.9594,326.2684,322.0926,314.5442,311.1462,368.8914,391.8276,384.9431,378.038,351.7094,324.0553,296.4012,279.9006,296.9686,321.43,328.2798,329.1501,330.0204,326.5558,320.7748,330.5891,340.03,340.5014,340.9728,344.5325,351.686,333.6383,293.9882,282.512,275.5074,280.2854,289.211,301.9693,329.1988,356.4283,380.8454,383.536,386.2266,388.8408,387.677,400.6416,413.7746,406.3197,397.1961,388.0726,373.7719,367.5934,363.7296
22.926,28.1686,57.6078,95.2993,114.3624,126.8331,112.1204,97.4077,95.3643,112.2738,152.5795,236.9287,316.9837,378.9384,384.8018,392.1562,399.0957,403.6441,406.5034,391.0157,373.8525,351.8571,329.8616,282.3069,233.6399,184.9729,155.2601,128.5434,179.0944,223.911,261.2017,314.7128,337.3368,341.7404,361.5717,371.3182,366.5901,361.8621,361.6112,366.1271,373.3597,371.2278,348.5701,328.4904,317.0335,313.476,327.8981,388.5113,395.2363,401.9614,408.6864,415.4114,421.6984,417.9912,414.284,410.5768,406.8697,403.1625,399.4553,405.3839,381.8799,351.5865,334.5369,321.7242,317.7274,325.9405,338.3913,347.2112,353.607,360.0028,378.2987,380.1776,350.7938,339.9105,342.2964,322.7651,303.2337,288.4774,285.7784,278.2014,259.6494,268.0268,276.076,281.8431,289.9253,332.6661,373.2967,364.8023,356.2739,334.1254,311.0475,287.9695,270.3034,279.5262,294.8275,300.7466,303.4802,306.2138,311.4006,317.8982,316.4503,327.1949,352.0565,376.9182,375.4402,343.3104,326.7974,322.5826,299.0346,286.4529,297.5437,304.8655,314.0072,330.0197,346.0321,361.5355,373.1056,384.6757,395.7719,383.4312,394.5022,405.8523,397.7121,387.9922,378.2724,364.6093,365.138,369.4482
39.6913,46.6687,88.7696,142.8495,148.7046,150.8221,144.5842,138.3464,137.1404,143.462,155.9089,203.8849,305.2002,374.4857,352.8121,364.798,375.0566,375.3614,374.8859,366.1231,360.006,355.6185,351.2311,293.3172,233.0738,172.8303,159.7196,154.0592,156.48,169.016,183.9886,253.1884,308.4005,345.8933,399.3543,427.0212,428.5469,430.0726,411.8502,372.6031,349.1947,357.9448,382.975,392.4044,373.7778,365.0693,355.3751,347.2082,358.239,369.2698,380.3006,391.3315,401.5427,393.058,384.5733,376.0887,367.604,359.1193,350.6346,376.3766,383.6258,385.5446,373.858,357.8189,324.8264,327.6627,352.5186,363.5612,365.3811,367.2011,401.4814,422.7855,394.2129,361.493,346.3605,369.9086,393.4567,408.592,402.4841,387.6196,342.7926,302.2399,271.7765,311.4904,349.1686,357.1237,390.5893,391.4477,392.2835,373.1225,352.5968,332.0711,310.3971,323.896,345.7106,346.2966,339.675,333.0536,339.3985,352.6719,346.1705,352.5286,380.1123,407.696,403.9301,363.6822,342.0058,339.6551,322.4079,315.1163,328.6497,336.985,346.5047,360.4958,374.4868,387.7143,395.0425,402.3707,409.6133,412.6181,426.6323,440.7777,431.5979,420.5277,409.4575,393.7649,389.5915,388.5607
68.7303,74.5435,116.6566,171.1498,161.3769,150.0641,143.6273,137.1905,135.6382,141.3929,137.4924,152.9272,255.2669,333.0024,335.2502,342.3623,348.8864,352.0217,356.2445,372.1211,385.5927,371.7516,357.9104,303.4529,247.2279,191.0028,179.9918,176.1278,200.3492,192.4911,172.8727,241.4493,313.4138,369.2065,402.9507,418.959,432.291,445.623,444.7504,428.755,419.8579,421.9321,425.9106,418.7054,394.6929,385.6976,369.5023,339.4667,349.6419,359.8171,369.9923,380.1675,389.8229,387.6207,385.4185,383.2163,381.0141,378.8119,376.6097,377.601,381.913,386.8292,378.9259,366.9215,340.4202,342.8871,363.3342,378.3506,389.7411,401.1317,420.4027,436.858,441.5768,442.3468,443.3788,454.1705,464.9622,470.5355,462.9317,445.9044,400.1945,374.3822,353.1895,364.1296,376.4007,408.4264,433.9074,421.2012,408.4686,396.701,384.9992,373.2974,366.6109,387.2782,414.1508,412.3483,400.8102,389.2721,385.7877,386.6066,380.3685,387.105,408.0865,429.068,425.3814,392.9882,366.2568,350.5023,338.9625,331.4464,337.9792,357.4394,375.5552,388.595,401.6348,413.5609,416.8842,420.2075,423.6636,433.6904,440.3814,447.0327,440.7369,433.3917,426.0465,410.3616,410.9414,416.0519
95.2145,140.9753,172.3684,198.8613,194.4626,191.5532,201.361,211.1687,206.3816,179.761,134.924,106.8369,197.9352,284.6718,345.1022,358.0836,369.5786,372.5083,376.7052,393.8959,398.1225,382.306,366.4895,315.9521,263.9037,211.8551,202.6638,200.2469,240.6744,239.8834,223.4746,282.0002,334.7855,369.66,395.9763,403.9862,402.6569,401.3276,408.2659,424.0062,431.3451,419.181,394.5503,374.268,364.9116,360.2215,354.0273,346.3813,352.8933,359.4053,365.9172,372.4292,378.6902,379.2233,379.7564,380.2896,380.8228,381.3559,381.8891,384.6516,385.4245,385.6787,373.3503,356.9966,339.5374,351.512,378.7058,394.7584,403.3725,411.9865,417.9963,426.1045,439.3912,453.7949,460.9169,453.4419,445.9669,437.8177,427.9661,407.3134,359.306,357.8116,356.206,353.8276,356.1624,427.7386,453.783,435.17,416.5262,409.2909,402.8343,396.3776,394.1654,418.4041,448.6702,443.6128,426.5625,409.5122,400.4504,395.6573,402.7418,415.6504,426.587,437.5235,430.3168,401.9966,376.5263,358.9766,347.673,338.9472,343.5567,368.0172,389.9535,402.3594,414.7652,425.8801,427.0216,428.1631,429.7048,451.0375,451.6301,451.9755,448.5069,444.7292,440.9514,432.0219,438.4473,449.0098
90.387,147.7025,168.6612,177.2204,209.4077,239.9013,258.0871,276.2729,269.8911,226.7571,145.3473,70.6457,181.7233,289.1331,368.3865,385.181,400.0366,403.7188,407.0605,406.8104,407.7583,390.9651,374.1718,335.2522,295.3697,255.4871,240.8361,230.1734,280.1625,292.0742,287.9761,330.5852,366.9884,390.9562,412.5225,414.2916,402.7861,391.2806,385.1592,384.7698,380.2266,370.3039,360.8981,357.6358,363.0319,358.8052,358.8899,370.7727,372.6212,374.4696,376.3181,378.1665,379.9164,379.4185,378.9205,378.4225,377.9246,377.4266,376.9286,387.1329,394.9359,401.8101,388.0107,367.5975,346.4349,359.4235,389.9515,405.0987,409.9767,414.8548,418.1143,420.8115,424.6493,429.183,430.1913,423.7657,417.3401,410.5448,402.8158,387.4304,350.6125,337.9975,329.0759,345.8448,364.9783,418.719,445.493,422.1778,398.8281,393.8901,390.2086,386.5271,405.0714,429.9585,455.3511,443.6994,419.4706,395.2418,384.378,380.6555,405.2381,427.5248,432.2451,436.9653,430.049,409.5913,385.9505,364.2016,353.9672,344.5387,346.2899,372.9557,396.8267,410.145,423.4633,435.3632,436.3058,437.2484,438.4207,450.9536,448.8544,446.5808,446.3268,446.2364,446.146,440.5958,441.043,443.2838
121.833,133.1468,135.6576,135.1661,183.245,227.4008,244.2023,261.0038,250.4929,199.1236,126.1584,78.715,185.4244,293.0779,382.6931,393.8702,404.8011,414.3138,421.7935,408.6219,418.4364,400.9994,383.5623,361.7478,339.7427,317.7376,294.5642,271.2061,316.9044,341.3408,354.1957,385.6769,410.4762,428.2807,437.891,433.1053,421.6535,410.2016,394.3865,373.9259,361.3417,365.1318,377.6174,391.2863,401.2058,396.3116,391.8605,389.4078,389.0664,388.7249,388.3835,388.0421,387.7448,388.4559,389.1671,389.8782,390.5894,391.3005,392.0116,396.9174,409.0385,422.576,415.6156,402.0975,373.5732,379.5115,406.3386,419.1682,422.6523,426.1364,417.657,410.3823,417.5083,420.5052,418.1116,416.6204,415.1292,415.0456,418.5162,416.7176,395.889,373.3396,357.1378,385.0886,412.0588,424.6594,447.8574,411.2241,374.5494,368.344,364.2179,360.0919,401.0577,431.8337,458.217,439.3543,405.1297,370.9052,359.1463,359.3917,389.8252,416.4165,423.1643,429.9121,425.1585,407.0207,384.0611,361.7272,352.9787,345.5982,349.4676,375.0073,398.4117,413.754,429.0962,442.3971,439.9275,437.4578,435.1299,439.8114,442.2049,444.5712,443.0506,441.2149,439.3792,431.5843,427.9807,425.7411
134.3113,117.3786,118.414,125.5776,162.8801,198.965,223.7367,248.5085,232.8392,156.6714,90.5093,89.5344,191.9174,296.5568,386.7621,396.6919,407.3854,422.4795,435.4276,424.9447,410.3346,397.5469,384.7592,371.3825,357.9801,344.5777,324.6434,303.6766,341.5552,378.5956,410.9661,422.1636,426.793,432.5204,450.7606,446.7253,420.7064,394.6875,379.8038,376.7751,373.6797,370.3633,366.8443,370.9678,385.2274,385.997,388.6811,395.5951,394.0154,392.4356,390.8559,389.2762,387.9101,391.4174,394.9246,398.4318,401.9391,405.4463,408.9535,400.8217,404.0325,410.1591,408.8009,405.0481,392.1371,395.5707,409.3683,411.2076,405.0628,398.9181,383.1476,375.8385,388.4543,405.6025,418.2823,412.9157,407.5493,405.8593,413.4533,415.5085,402.4141,408.3517,414.8211,424.9903,435.811,455.6609,452.2161,413.5225,374.8045,370.4177,368.3737,366.3297,397.4001,435.4529,473.679,449.6136,404.3991,359.1847,348.0896,355.2256,386.3406,412.2083,420.5675,428.9267,425.6006,408.6765,389.6266,373.603,368.3043,366.2217,375.8214,396.9628,415.2867,422.9722,430.6578,437.6432,439.2191,440.7951,442.3713,443.9611,440.4947,436.968,437.3539,438.0568,438.7597,440.7206,435.2239,427.7821
112.6992,106.1703,125.4279,153.4802,159.9104,166.4163,177.3256,188.2349,171.5551,113.6027,80.3332,117.6291,205.0886,296.9565,382.9421,395.5143,409.0448,428.098,443.5766,421.2403,413.3782,396.1156,378.8531,362.5524,346.2936,330.0349,316.8397,304.1288,342.06,372.8344,397.6536,401.7768,404.5013,410.7286,429.3681,436.054,428.3039,420.5538,402.34,372.9862,352.3167,357.1124,383.1087,395.588,382.7607,376.1388,374.3834,385.52,383.6303,381.7406,379.8509,377.9612,376.2407,378.3797,380.5186,382.6576,384.7965,386.9355,389.0744,394.8878,404.0134,413.7232,409.144,399.9934,387.084,387.5386,395.6324,395.4466,389.7328,384.019,389.9629,400.8302,404.452,399.9141,393.7513,404.1977,414.6441,420.1479,413.171,403.4009,389.8125,402.2343,413.8571,419.9221,427.572,457.5514,442.306,416.5007,390.688,383.5398,377.6653,371.7907,402.1862,439.7221,477.3286,459.9432,423.8872,387.8311,381.3401,390.6466,416.0859,433.3289,435.0806,436.8324,431.6308,418.3375,401.7545,390.3575,396.4246,401.8185,408.6826,423.5787,436.3998,441.3868,446.3738,450.5969,448.9182,447.2395,445.6775,449.889,450.8626,451.7976,454.2055,456.7328,459.2601,450.0859,443.2747,437.6626
165.8977,133.5817,149.6142,182.1361,174.2367,162.5294,140.678,118.8266,105.679,105.5521,122.915,175.9619,232.0602,296.9464,373.8955,393.4173,412.2546,427.1475,438.9449,418.8481,425.9701,400.6384,375.3068,367.7141,360.8933,354.0726,370.2107,389.978,348.5117,360.0952,392.237,417.9504,433.1924,444.6661,427.8005,423.1329,440.4562,457.7796,454.8591,430.3863,422.117,436.4324,451.2402,454.0553,434.8906,422.3623,402.0371,364.6951,362.7812,360.8674,358.9536,357.0398,355.4744,361.8585,368.2426,374.6266,381.0107,387.3948,393.7788,384.0666,405.3546,434.018,431.4022,418.7797,394.4121,384.878,385.5178,395.8574,412.6731,429.4888,448.031,458.1195,456.9143,453.0486,450.9276,457.9568,464.9861,467.8423,460.161,443.2042,403.3885,406.2331,409.6545,417.0881,425.3742,445.7857,445.4371,431.1682,416.8897,406.1899,395.7344,385.2789,408.2935,442.5413,477.9453,474.9548,458.9286,442.9025,437.7596,438.4321,441.7832,444.656,445.6588,446.6615,442.5623,432.5258,418.09,409.3996,422.0145,432.0393,435.9679,439.4383,443.2094,448.1158,453.0221,457.11,454.8748,452.6397,450.6598,461.3016,455.6449,449.7939,452.1696,455.2121,458.2545,448.5731,444.5619,442.6363
199.9813,163.6616,180.2391,214.8574,192.4316,170.9538,164.575,158.1962,164.4506,189.6037,218.5717,249.667,268.5915,306.2221,383.9676,393.4381,403.169,414.3998,424.8199,426.8937,435.7397,414.7253,393.7109,389.8708,386.7782,383.6856,390.2667,398.3769,414.394,428.8572,442.2593,452.1678,457.2637,460.7367,462.0322,460.6828,458.42,456.1572,457.6501,463.1414,464.1248,459.0361,454.1411,446.3878,435.5818,431.5878,417.5155,380.8572,387.6319,394.4066,401.1813,407.956,414.476,415.1862,415.8965,416.6068,417.3171,418.0274,418.7377,414.8606,425.4484,439.3672,436.6922,428.7085,421.004,424.5894,433.8551,437.6466,437.783,437.9194,445.4412,449.7557,442.4386,449.7389,463.9179,454.8585,445.7992,440.2497,443.5631,434.5672,395.2397,412.5423,427.8266,429.0726,431.744,455.17,458.976,440.6718,422.3524,416.4633,411.4224,406.3816,430.3985,462.8567,496.0107,492.3008,476.0751,459.8493,453.3976,452.1686,442.5248,437.659,441.2733,444.8877,441.9877,431.507,422.5984,421.8276,430.992,440.7547,447.8665,444.2524,442.7548,449.2485,455.7422,461.6038,462.5815,463.5594,464.6273,470.1529,462.7877,455.2687,450.5809,446.1226,441.6642,440.4329,442.7522,445.8003
231.8394,207.8916,226.7623,260.2362,245.4743,229.1901,214.8609,200.5318,201.4019,225.0098,255.6097,290.6403,304.5705,329.2676,375.5879,377.1291,381.8773,405.1058,427.1848,436.5619,440.9272,442.7148,444.5025,428.4969,411.7168,394.9368,388.8389,384.4296,394.3682,417.727,444.0463,451.3964,453.158,456.0464,460.9852,466.0349,470.2155,474.396,470.6545,458.479,448.373,447.8075,457.7353,456.1281,438.3388,438.7973,438.6788,436.7595,435.2942,433.8289,432.3636,430.8983,429.4369,428.0627,426.6884,425.3141,423.9399,422.5656,421.1914,459.3922,459.0201,448.7322,442.1269,436.6997,422.5186,434.9821,462.958,464.6382,448.7618,432.8855,433.2004,437.9181,429.8614,431.5737,437.9949,429.0692,420.1436,413.1775,411.1595,404.7818,391.3979,414.1172,435.1694,444.6256,454.6744,472.4872,455.0042,442.1786,429.3564,428.4726,428.4036,428.3345,461.5559,487.4973,510.2526,502.603,484.6305,466.6579,457.6862,453.5239,432.4695,422.3989,430.4591,438.5192,445.4651,451.1142,445.2015,434.7286,446.3949,455.0753,455.9557,454.248,453.4512,456.0934,458.7355,461.3051,463.3137,465.3224,467.4267,474.2659,476.4451,478.5688,466.6724,453.6396,440.6069,444.5605,443.868,441.1284
361.8076,441.5673,393.4978,301.8318,309.4728,315.2101,293.483,271.7559,258.3493,257.39,271.838,307.5641,322.9264,339.0923,356.1899,367.3951,381.0751,409.016,433.9691,428.459,455.0489,455.3018,455.5547,435.2631,414.0774,392.8916,394.7357,400.2201,418.2148,423.1991,423.3297,431.8734,441.8509,450.8232,458.336,462.9527,466.141,469.3293,468.9465,464.7619,458.8701,454.554,456.3838,452.0414,441.516,446.6784,447.3888,435.8596,434.4649,433.0702,431.6755,430.2808,429.0511,431.5854,434.1198,436.6542,439.1886,441.723,444.2574,463.1255,469.0676,471.5706,466.7238,459.5255,439.4444,438.731,450.7529,453.9166,451.1659,448.4152,448.9807,447.9636,441.5649,434.1104,427.9288,426.3321,424.7354,419.2147,403.7852,391.587,394.565,413.6566,432.0009,445.1468,458.6997,477.0713,455.148,445.9817,436.8241,436.9817,437.7749,438.5681,472.3502,494.9102,513.3715,509.1951,497.3329,485.4707,470.6739,454.309,441.4267,438.9205,442.7316,446.5427,454.1169,466.0703,464.6123,453.0951,459.0456,461.9389,459.774,462.7721,465.0136,464.3984,463.7832,463.3412,464.2381,465.135,466.06,468.3731,472.5583,476.7658,475.0482,472.8505,470.6528,460.1813,454.5664,450.6025
428.2039,461.0424,419.307,352.138,349.6162,345.5324,322.0679,298.6035,282.0576,275.8619,282.9093,305.9442,306.2524,315.0326,347.3623,368.8829,391.2058,418.1526,442.6542,441.8913,461.3892,457.7855,454.1818,441.0666,427.5374,414.0083,419.8114,428.6705,430.2248,428.9827,427.4476,435.3033,443.1668,449.1375,454.5672,453.804,448.791,443.7779,441.9349,443.4669,434.6622,424.2973,433.7503,435.6938,428.5924,436.9351,443.5641,444.0534,442.7287,441.4041,440.0794,438.7548,437.6822,442.3601,447.038,451.7158,456.3937,461.0715,465.7494,459.0097,462.2731,468.1517,467.6261,465.0518,461.602,448.5844,430.896,430.9211,442.7728,454.6245,465.0652,465.454,456.1955,451.9855,452.4128,448.5277,444.6427,436.4665,417.4545,399.9128,392.5182,406.3745,420.7476,438.7157,456.7671,474.89,456.0605,445.4382,434.8216,437.045,440.1447,443.2444,471.5074,490.7234,506.6984,505.0619,497.4461,489.8302,474.9055,456.0755,439.4788,438.0516,447.4492,456.8469,463.8281,467.9972,469.1796,467.7362,469.519,469.1879,464.9478,463.1812,462.0295,463.1996,464.3698,465.2217,463.6158,462.0098,460.6303,470.4507,466.7182,462.8242,466.706,471.2179,475.7299,471.002,466.2354,461.9352
469.1897,470.707,446.0329,412.4261,411.0606,405.6243,375.2067,344.7891,319.6649,302.4597,297.9199,309.4298,300.9287,308.4695,358.5521,380.5113,402.0257,420.9766,439.4652,452.0378,448.2469,446.1784,444.1099,440.9082,437.6573,434.4064,432.8758,431.6171,430.0052,434.0173,439.7481,448.8593,452.4922,452.7917,453.1641,451.7471,448.9959,446.2448,440.7338,432.2846,421.5947,422.0695,444.8653,455.5019,444.2092,440.496,441.8335,456.1751,455.4923,454.8096,454.1269,453.4442,452.7957,452.9282,453.0606,453.1931,453.3256,453.4581,453.5906,448.5908,442.5423,436.4588,438.5431,443.2403,444.4751,430.1927,408.7922,403.6085,409.2519,414.8953,441.4951,456.0234,434.2398,435.0603,450.6903,437.2365,423.7826,411.009,399.9533,390.0677,388.5733,405.3481,423.1783,448.3498,471.7186,467.6111,449.8408,440.8,431.7654,436.1194,441.3871,446.6548,475.8262,492.4867,505.1479,500.0636,488.9543,477.8451,462.3624,444.543,418.6945,415.0678,433.5826,452.0974,464.4879,469.7515,475.0147,476.6573,472.0663,469.6572,471.2161,470.0455,468.558,465.8737,463.1895,461.0611,463.2274,465.3937,467.4851,465.8699,462.6488,459.4085,465.5439,472.4391,479.3343,481.8804,474.3299,464.4581
462.5431,477.0215,460.7893,434.0833,427.5901,419.3598,399.2598,379.1599,355.0451,324.9244,307.4521,311.7463,309.0788,315.5211,348.6031,374.9888,399.1418,410.4281,422.4518,441.956,452.3018,443.8261,435.3504,434.2782,433.5282,432.7782,435.8282,439.479,437.1862,436.325,436.3407,444.126,445.2812,441.6592,447.3294,453.7152,456.3168,458.9185,457.2481,451.0294,445.473,446.1103,455.027,460.9817,460.3541,458.6056,460.0175,468.9716,466.1436,463.3157,460.4878,457.6599,454.8137,451.5511,448.2885,445.0258,441.7632,438.5006,435.238,438.9019,429.7496,417.5378,414.2395,413.7927,406.9963,402.0086,399.3622,400.2133,403.3995,406.5857,414.9592,421.6734,420.8782,421.7496,422.5038,419.1281,415.7524,407.6919,387.8016,380.1234,411.3647,424.3308,439.2502,467.7567,493.6492,480.0698,458.1544,439.9883,421.8248,431.5799,443.2402,454.9005,480.5308,499.5674,516.4354,504.6816,483.21,461.7385,441.1237,420.9668,402.9873,405.5921,423.3601,441.1282,459.8667,479.7344,485.0295,474.8406,475.7906,473.6862,466.6075,464.9005,462.6723,458.4765,454.2808,450.6958,451.8287,452.9616,454.0778,454.3678,454.3475,454.3235,458.754,463.5454,468.3369,469.963,463.9719,456.2234
468.9841,480.7139,470.5157,452.8389,440.2276,428.3963,419.2447,410.093,394.2555,368.4158,341.974,322.8028,322.8152,326.2606,344.2657,376.6448,406.2875,420.1616,434.1306,449.9814,480.0085,461.1221,442.2357,440.5786,439.6714,438.7643,456.9678,478.1924,455.381,447.3936,447.172,442.1667,441.1508,443.0313,451.8641,457.9873,458.9212,459.8551,456.9206,449.8676,443.0756,440.8582,445.2471,448.4238,450.966,457.9764,465.0152,469.9463,466.0687,462.1911,458.3136,454.436,450.6251,448.3345,446.044,443.7534,441.4629,439.1723,436.8817,435.1425,431.6678,427.7933,422.4358,416.6038,404.8105,401.6497,404.2143,412.054,423.4156,434.7773,429.3448,424.8652,439.779,443.7728,439.7425,448.3338,456.9251,459.4713,446.7527,443.7737,469.2167,468.8457,470.6679,487.7449,503.2647,494.7719,465.6989,440.153,414.6097,429.5926,447.3411,465.0897,493.8635,510.7909,524.4462,512.766,492.484,472.202,447.9323,421.5318,419.7327,431.1884,439.5075,447.8265,463.4522,487.5807,494.5346,484.2946,488.9977,484.9016,467.8066,469.7365,470.6826,467.9143,465.1459,462.6833,462.5836,462.4838,462.413,463.7769,465.7109,467.6517,460.8759,453.3936,445.9114,446.3331,446.9336,447.1718
474.1882,478.3949,473.8303,466.2741,461.4557,456.7748,452.2208,447.6669,439.8536,427.1643,396.3035,348.9183,345.0019,345.0967,361.7488,393.4964,423.7113,445.0945,465.7319,476.938,463.998,465.3234,466.6489,471.9246,477.3723,482.8199,484.9224,486.4961,474.63,477.4906,485.791,481.8235,477.0321,474.3198,470.4667,470.4691,473.8018,477.1346,474.6649,466.0179,461.8058,466.545,475.7592,476.8125,463.5124,456.1731,451.0532,452.6166,451.4551,450.2936,449.1321,447.9706,446.946,449.0442,451.1424,453.2406,455.3388,457.437,459.5352,430.2863,439.1351,457.4852,454.357,444.3577,428.7917,421.1846,418.8718,427.5456,443.5545,459.5634,458.1144,455.5617,470.838,476.1659,474.319,484.1933,494.0676,498.5506,489.4202,486.2039,499.371,493.1048,488.7397,497.5992,505.3259,495.754,476.5881,456.8379,437.0873,447.2912,459.5392,471.7873,494.149,509.7003,523.2031,518.2132,506.9447,495.6763,474.5854,448.246,445.4395,455.4229,462.4937,469.5645,478.4135,489.3318,496.1935,498.3313,502.8575,502.1206,492.0697,489.2903,486.0716,481.1938,476.3162,472.2819,474.7634,477.2449,479.5886,475.1132,475.7403,476.4282,471.2115,465.5163,459.821,454.36,452.3399,451.1752
467.6545,473.3539,470.9904,465.8771,467.3221,468.1789,465.0703,461.9617,458.997,456.2476,436.1557,393.897,378.6075,376.3615,409.6154,423.4011,437.3737,452.4236,466.332,467.5806,463.3591,471.7133,480.0674,479.1684,477.8667,476.5649,477.7574,479.3441,485.1968,486.3544,485.7791,484.3468,482.1027,479.6388,482.3033,484.7147,484.5665,484.4184,484.179,483.8423,482.2625,481.313,484.0289,486.6891,485.7088,476.2931,472.4493,482.8271,476.1324,469.4378,462.7431,456.0484,449.8014,453.7665,457.7316,461.6967,465.6618,469.6269,473.592,469.8754,467.2588,465.1726,461.5721,457.4872,450.0461,444.9267,441.7397,445.3551,453.5123,461.6696,470.0434,475.4171,477.2149,483.4976,492.925,496.9213,500.9175,503.532,502.6571,502.4731,503.4591,498.9788,495.4267,498.3306,500.9875,499.5278,485.1613,474.2047,463.2505,464.4679,466.5159,468.5639,487.6956,501.1959,512.6157,510.9227,504.7775,498.6323,483.8029,464.3331,461.9971,471.0597,479.6615,488.2633,491.4877,488.4543,492.4967,501.8396,501.9554,500.2177,493.1294,483.0763,474.8638,473.6009,472.338,471.4312,473.2757,475.1202,476.804,470.5387,473.2647,476.0979,476.1872,476.054,475.9209,472.6378,470.9374,469.7985
463.3678,463.7585,464.3385,464.9831,463.3835,461.7658,460.4844,459.203,458.1687,457.5042,456.3997,446.2945,417.7224,410.7374,458.4206,458.6166,459.5174,464.4802,468.8945,467.3595,465.4908,465.7332,465.9757,469.3439,472.8482,476.3524,480.9298,485.6768,484.1476,484.0893,484.9447,481.3295,478.9488,478.0684,479.9248,480.8245,479.7613,478.698,477.8833,477.3332,478.5219,480.3012,479.2605,480.6917,483.3943,476.9325,471.6319,470.6367,471.4504,472.264,473.0776,473.8912,474.7003,475.4077,476.115,476.8223,477.5296,478.2369,478.9442,465.8737,466.1494,469.8591,469.8744,468.7078,460.9417,456.4209,455.028,457.7793,463.2975,468.8156,472.5144,475.041,478.2491,485.8688,494.2446,493.4392,492.6338,492.3175,493.2363,494.6294,496.4081,492.6424,489.2509,488.4622,488.4985,500.0517,484.7074,479.7507,474.8012,475.6224,476.8374,478.0524,486.5278,492.0714,496.6044,495.0347,491.3929,487.7511,478.2003,465.4922,465.1526,472.0449,477.8118,483.5788,484.9233,481.1215,482.8986,489.9511,491.6158,489.6867,481.5457,478.7661,476.5201,476.2887,476.0572,475.5169,472.5912,469.6654,466.8554,469.7698,473.4859,477.2116,476.1555,474.7119,473.2683,480.5888,479.065,474.8595
466.4558,466.3618,463.6521,460.0503,454.5297,450.0845,451.0028,451.9212,456.1419,465.303,473.3662,474.3212,464.0356,461.9674,479.8173,476.2563,473.0679,472.0274,470.5581,465.0835,470.8094,475.0478,479.2861,480.0035,480.5677,481.132,481.8517,482.596,482.5798,484.6081,487.3087,485.9582,484.5955,484.045,476.7566,472.3558,473.1744,473.9931,474.8027,475.6028,477.1905,478.5306,477.7866,476.0318,472.1563,468.1989,469.8486,486.3358,487.7462,489.1567,490.5672,491.9778,493.1776,489.5711,485.9646,482.3581,478.7516,475.1452,471.5387,470.0101,467.606,464.9322,463.7255,462.9882,462.0554,470.5521,483.8892,484.9577,477.835,470.7123,470.0768,473.2243,473.5006,478.5714,485.831,485.3578,484.8846,484.2862,483.3715,483.5036,485.6538,480.5778,476.1378,476.1224,476.5785,483.5366,472.6338,481.0995,489.5786,487.3281,484.3452,481.3624,483.5577,485.4199,486.9743,485.6287,483.2986,480.9684,475.6898,468.8358,467.0233,469.0425,471.3061,473.5696,476.4005,479.8917,480.9633,480.0785,482.1014,480.6401,474.6963,478.0584,481.3003,484.0883,486.8763,488.5537,481.6507,474.7478,467.9472,466.21,470.5193,474.9007,474.3344,473.367,472.3996,481.3274,482.6277,481.4947
449.4042,437.3012,442.005,452.4408,446.2953,441.3478,445.0816,448.8153,456.0844,468.642,478.4762,482.3459,484.8145,483.7294,474.1264,474.1405,473.9925,472.9109,471.8066,471.1881,483.2993,480.7322,478.1651,475.9731,473.7974,471.6216,473.687,476.4228,480.2953,480.4918,479.497,479.7859,477.7704,474.3805,475.4687,477.3714,477.7919,478.2124,478.7429,479.3902,481.6731,486.1926,490.6944,489.1504,477.9778,473.6257,476.5746,498.321,498.3469,498.3728,498.3987,498.4246,498.3663,496.3882,494.41,492.4318,490.4536,488.4754,486.4973,486.7187,485.4536,483.7808,476.4618,467.3365,461.5817,467.102,477.6031,481.4628,480.8884,480.314,475.2819,475.3303,485.8994,488.357,484.8083,490.5602,496.3122,498.3992,491.232,485.2082,483.9144,485.5705,487.4656,491.0231,493.6521,482.8711,488.2574,500.2376,512.2224,508.6345,503.9838,499.3332,499.3686,496.5756,492.9104,488.8485,484.6518,480.4552,476.9555,473.8282,482.8322,487.7803,482.7562,477.7321,480.3548,491.8764,490.8761,482.1647,492.657,494.6946,483.3188,487.757,491.7992,494.3454,496.8917,498.5143,493.0014,487.4885,482.1473,485.3013,483.3019,481.2411,481.2214,481.3671,481.5128,478.1444,480.2752,483.9738
437.4921,441.1119,445.2423,449.5469,450.9527,453.0366,458.8191,464.6015,470.8325,477.7345,478.9184,474.6526,483.4984,484.9867,468.0959,468.3369,469.5916,476.6877,483.0332,481.3854,481.8097,478.6826,475.5554,476.5013,477.6244,478.7475,480.3592,482.0482,479.8494,482.8905,487.7999,483.2518,478.4767,475.5019,474.6108,477.1011,481.0836,485.066,487.7176,488.9524,489.8771,490.262,490.4687,491.1319,492.1945,491.9582,490.8044,487.8134,489.652,491.4907,493.3294,495.168,496.8998,496.1933,495.4867,494.7802,494.0736,493.367,492.6605,476.2836,477.7231,483.6442,486.6862,488.8073,484.7743,479.3685,474.6418,476.0541,481.5651,487.0761,491.0734,495.3509,501.5926,504.5092,503.5361,504.0306,504.5251,504.2782,502.1593,500.481,500.8988,503.6277,505.9737,505.6567,505.577,508.8135,504.4211,508.8921,513.3693,514.4568,515.3129,516.1691,515.4634,513.6862,511.7263,507.534,502.5836,497.6333,495.7581,495.526,494.4215,494.3044,495.4578,496.6112,496.7464,495.6967,495.4224,494.6279,490.9262,489.0401,488.5972,480.923,476.0635,481.8311,487.5988,493.0487,496.0441,499.0396,501.7095,488.2813,490.8594,493.6284,490.2193,486.3095,482.3997,483.8567,488.0513,492.6595
428.0001,440.0626,449.5568,458.175,462.5025,467.4095,475.8171,484.2248,490.2166,492.5944,493.6396,491.7366,489.0807,486.1394,483.006,482.4843,482.5279,485.8296,488.1082,479.4891,473.7789,470.2226,466.6662,470.5278,474.7122,478.8965,479.7831,480.1483,475.0323,478.4546,484.8572,481.8092,477.7479,475.1048,469.5471,469.6453,475.2038,480.7623,483.0831,481.9568,477.8263,471.7498,469.0945,474.628,490.5459,490.8701,487.3284,474.5475,476.1242,477.7008,479.2775,480.8542,482.2648,479.8882,477.5117,475.1351,472.7586,470.382,468.0054,465.1144,463.9924,463.2759,474.2498,488.9635,480.3321,472.2081,469.5674,470.7907,474.5938,478.3968,489.9117,497.9173,493.5986,495.183,499.0107,492.5762,486.1417,484.1027,493.1627,500.9551,502.8731,498.8102,494.7162,490.4057,487.5804,505.8914,488.4824,498.3636,508.2638,506.2351,503.3924,500.5497,499.4671,507.3528,517.2678,516.175,511.345,506.515,498.7016,489.2942,475.3737,469.7375,473.2011,476.6648,476.3496,471.6371,472.2576,474.8821,467.123,462.994,467.0611,470.8416,473.9553,474.551,475.1467,476.2364,481.1415,486.0466,490.4796,471.5609,481.2067,491.193,484.0587,475.5369,467.015,470.569,478.886,487.7814
417.9171,438.6165,454.9023,469.6829,472.8654,476.234,482.6413,489.0486,492.5533,491.7157,489.3446,485.0699,483.3083,482.9244,486.2928,487.6137,488.2033,484.5785,480.2414,468.5827,463.7935,465.1607,466.5278,466.7876,466.9993,467.2109,465.9274,464.4075,465.8439,473.1034,481.8929,479.9705,475.0339,470.8023,467.1755,465.7511,465.6468,465.5425,465.5788,465.7645,466.0127,467.6679,471.3936,472.6213,470.7021,473.5908,475.9983,476.8142,477.6503,478.4864,479.3225,480.1586,480.9074,479.6637,478.42,477.1764,475.9327,474.689,473.4453,462.442,463.4171,467.3759,467.8743,467.2656,470.3045,473.1908,475.1832,479.4706,485.2903,491.1101,491.2268,489.8259,492.9614,492.3407,488.2865,487.4679,486.6493,484.8703,480.6664,479.9644,488.6814,484.6785,481.2135,481.4907,481.737,481.795,490.4173,491.0613,491.6998,493.7924,495.9844,498.1763,499.5774,502.6556,506.163,504.1289,500.2135,496.2981,488.5227,478.6848,482.4241,482.5893,472.3614,462.1335,456.287,455.5393,456.5923,465.5281,483.367,490.8088,481.466,490.7988,496.7516,489.9424,483.1333,476.6181,472.3745,468.1309,464.7174,502.361,487.9669,472.9527,475.496,479.4623,483.4286,473.5497,470.4734,469.8259
401.0979,431.0666,452.626,471.3174,476.5019,480.6719,482.6521,484.6324,485.6752,485.3157,486.3201,487.2975,482.1361,477.4712,475.6144,478.462,479.834,472.7019,465.5151,456.9803,435.6862,448.4431,461.2,459.9164,458.0217,456.127,455.4529,454.9715,461.8232,469.627,477.1667,472.9913,467.5213,463.7909,462.6012,462.0586,460.8094,459.5603,458.0989,456.4116,455.6444,456.9347,459.4672,465.5784,475.4388,476.5969,472.8928,458.0201,463.0091,467.9982,472.9873,477.9764,482.4908,476.1761,469.8615,463.5468,457.2321,450.9174,444.6028,428.0305,426.6216,428.9105,444.3409,463.9754,472.2207,474.5759,476.4841,477.0965,476.8439,476.5913,485.2574,490.4441,482.0222,485.5284,496.4008,491.1893,485.9777,481.8216,480.3305,479.799,480.5302,472.1154,464.2686,460.3729,457.9815,477.4273,474.1256,483.5201,492.9232,494.8461,496.2585,497.6708,500.9166,502.5577,503.7405,503.6103,503.0344,502.4585,501.2286,499.6492,491.4989,487.3967,490.1685,492.9403,492.8869,489.5458,489.4742,486.3599,469.5251,465.5854,478.1765,456.1664,442.8224,462.198,481.5737,498.8715,500.1165,501.3616,502.0081,473.0523,485.7063,498.8563,494.2758,488.2583,482.2408,491.2132,487.9045,480.7267
375.1161,417.882,444.1992,464.9065,472.8694,479.9409,485.253,490.565,492.8648,490.6584,486.0155,479.3702,479.0379,475.8605,466.7421,468.6066,467.7637,451.3188,435.7491,431.8619,466.6575,458.8523,451.0471,446.5065,442.1079,437.7093,442.9152,449.6393,458.3307,465.6092,472.315,460.9385,452.4225,448.9425,450.1937,450.649,448.3346,446.0202,444.8245,444.8198,447.681,453.4695,457.6725,460.0715,458.3561,455.7064,453.5262,453.8402,457.899,461.9579,466.0167,470.0755,473.6761,466.8234,459.9707,453.118,446.2652,439.4125,432.5598,442.058,442.3065,439.9179,441.0327,443.2683,437.7818,444.0477,458.0202,462.2785,460.0512,457.824,464.4909,469.3666,462.5393,462.6945,468.2457,466.162,464.0783,463.8317,468.2238,472.4514,474.2136,467.885,463.7802,475.143,483.8747,454.0291,452.0506,453.6474,455.2466,453.4393,451.3995,449.3598,456.1313,471.6825,488.9062,490.2903,486.2966,482.3028,470.5057,454.5389,437.079,434.1306,443.5559,452.9812,459.0172,461.1092,456.5874,435.6026,403.4251,387.2437,397.9262,382.6548,377.1735,408.6564,440.1392,467.8466,466.3874,464.9282,462.1951,396.4606,431.5717,467.8848,446.5669,420.5781,394.5894,401.2995,428.7953,459.8461
369.9789,407.3388,433.07,454.8352,459.6468,463.3366,464.9834,466.6302,465.5881,460.5234,458.1267,461.9489,467.9969,466.8434,448.3702,449.1687,449.7568,449.1323,450.136,467.1593,456.0301,447.735,439.44,438.2325,437.3336,436.4346,439.0177,442.1513,455.0131,469.0272,482.6576,471.3863,465.2391,466.6003,459.533,456.823,461.1833,465.5436,471.9265,480.4626,483.2897,480.3271,480.5881,470.998,451.2536,455.8625,462.1894,470.5759,464.3941,458.2123,452.0306,445.8488,439.9437,440.3501,440.7564,441.1628,441.5691,441.9754,442.3817,473.8973,475.9432,470.3803,457.3115,441.8415,454.4863,455.4394,444.1526,449.2238,465.2165,481.2092,475.345,467.7013,481.9365,477.3904,460.9453,469.3313,477.7174,481.219,472.3865,469.2608,484.8684,494.2801,503.1198,507.981,511.1017,489.0883,497.5597,475.5565,453.5322,445.709,438.8549,432.0008,444.6799,454.2653,462.2581,458.7192,451.2651,443.8111,434.5459,424.313,415.3082,408.8543,403.7465,398.6387,393.7485,389.1116,388.0191,381.8219,357.6401,342.8786,345.3607,336.3553,329.9122,333.1438,336.3754,340.858,355.0052,369.1524,382.4449,353.461,373.5022,394.1277,381.054,365.249,349.444,337.4429,348.3797,364.9037
394.7663,397.5038,423.8378,458.2193,468.8823,475.9573,470.782,465.6067,462.7447,463.3434,470.4172,478.3412,459.3427,453.258,477.3263,463.453,453.7435,468.0284,479.6241,460.7071,417.384,436.0043,454.6246,446.308,436.819,427.33,429.172,432.805,461.494,466.9335,463.4967,459.7794,462.3181,467.9403,471.1056,476.8066,485.4883,494.17,493.166,481.8502,458.5309,431.7228,425.3005,435.4906,465.3809,460.3672,448.8759,420.3917,409.9149,399.4381,388.9614,378.4846,368.51,369.9917,371.4733,372.9549,374.4366,375.9182,377.3998,402.0969,396.2654,382.8923,413.9681,459.2636,460.372,457.2819,461.9462,460.7678,455.6885,450.6092,468.1475,482.4793,468.5525,471.319,483.2307,470.721,458.2113,454.4991,473.0012,489.9797,495.0441,472.0798,451.774,449.9594,452.1953,511.2859,448.1423,422.5829,397.0495,395.6157,395.8265,396.0374,399.0219,424.2875,454.6657,454.5147,443.9985,433.4823,412.8544,386.8236,373.2382,370.2441,368.7543,367.2645,350.3208,315.3931,316.7555,336.0125,291.9461,267.1934,277.5174,263.5513,254.4653,263.805,273.1446,283.6366,303.0305,322.4245,339.9367,264.3791,306.2954,349.6119,332.4235,310.3312,288.2389,305.471,323.7256,340.2106
408.4725,411.5916,434.33,463.7595,469.9398,474.7882,477.7953,480.8024,481.8901,480.1064,460.1671,429.8725,456.9761,477.2384,476.4275,476.6545,473.7732,452.9799,432.5316,418.0568,443.2555,452.1929,461.1303,443.5627,424.8415,406.1203,404.7328,406.0854,460.1407,459.7324,438.981,425.3427,417.9386,412.1145,430.2234,441.3393,436.2877,431.2361,424.4185,415.7206,407.6469,402.1825,399.4626,397.0155,393.1392,384.4956,377.4328,379.1458,394.9829,410.8201,426.6572,442.4943,457.5455,454.6681,451.7906,448.9131,446.0357,443.1582,440.2808,406.615,412.0652,427.218,416.0392,396.4367,384.6174,410.6816,454.2738,464.7973,453.2423,441.6872,444.4576,451.1862,446.6826,441.2154,432.8943,422.1635,411.4328,408.4613,425.0826,436.9078,429.6693,413.3834,400.3408,409.8574,419.3844,428.448,418.0925,436.2063,454.3398,428.1026,398.8374,369.5721,408.279,421.7154,426.2014,418.4464,406.5353,394.6243,378.6838,360.5902,346.0918,332.459,317.5159,302.5727,342.441,446.0942,419.5092,296.4774,345.2065,354.4355,302.2662,327.3683,356.152,398.8363,441.5205,471.1064,399.5016,327.8967,258.9137,319.6102,292.093,263.5244,264.6564,268.1956,271.7347,247.8261,249.9074,259.9564
423.0726,406.6319,422.4495,449.2689,446.5371,441.3725,430.4252,419.4779,413.0382,413.3418,427.3828,458.2505,466.0938,461.3455,427.5299,431.9543,436.0213,438.029,441.5277,460.2828,463.3815,451.8191,440.2567,441.7722,443.8568,445.9414,444.4285,442.347,455.7457,467.6475,477.9367,468.9019,453.7627,439.5724,420.4236,413.0245,416.4609,419.8972,425.0174,431.9301,438.7072,442.6459,442.4293,428.1611,400.0883,408.3788,417.8126,430.1099,438.686,447.2621,455.8383,464.4144,472.7518,475.6428,478.5338,481.4248,484.3158,487.2068,490.0977,485.6078,487.4098,490.8643,466.9701,434.3267,451.1863,457.4251,447.1816,451.9644,466.7797,481.595,471.4671,461.8495,480.0282,472.8118,446.5062,448.8499,451.1936,448.1626,431.5597,416.8077,412.5713,425.389,437.3719,443.5477,448.0193,428.975,474.0876,477.8483,481.5806,474.4104,466.4962,458.582,485.8542,483.7832,473.2578,467.9956,464.5204,461.0451,469.1985,483.5654,476.7084,464.4708,459.7558,455.0407,460.7321,478.5336,466.3014,442.0519,475.0166,493.4211,484.5083,491.5757,498.5695,505.2852,512.0009,512.4175,464.1717,415.9258,370.9801,489.2568,434.1969,377.0709,401.9083,433.3887,464.8691,438.2453,395.0745,350.7271
427.2793,411.5111,434.7741,471.3489,467.2686,460.9309,451.7067,442.4826,437.6254,439.3013,454.3383,479.6371,468.689,462.1598,464.5515,448.7392,437.5386,452.9131,466.178,456.4972,444.6412,448.7376,452.834,450.1613,447.1939,444.2266,453.5203,464.7522,475.3622,481.6526,486.69,486.7972,478.2287,466.4583,433.4416,416.2434,420.3816,424.5198,420.4212,407.5534,399.0672,399.0845,402.9899,417.5238,442.2985,439.0865,439.2656,449.0371,452.1684,455.2997,458.431,461.5623,464.7913,470.249,475.7066,481.1642,486.6219,492.0795,497.5372,494.2049,481.664,467.4451,471.2053,480.7173,473.8416,456.3203,437.0519,435.1233,444.7718,454.4202,472.0891,485.6597,485.9136,492.9011,495.0116,473.2044,451.3972,434.2995,429.0937,424.6773,422.2653,416.4745,411.7682,414.6051,419.9426,460.7307,437.0528,439.7221,442.4097,460.764,480.1874,499.6108,491.3077,500.1345,514.2152,514.1825,509.3581,504.5337,494.3956,481.4183,496.9508,511.6668,509.8793,508.0918,497.5312,476.7614,472.8011,480.4989,464.6674,460.2749,477.8932,484.4227,490.3571,494.0449,497.7327,501.2816,503.7577,506.2338,508.3087,490.5458,490.4123,490.4889,485.7748,480.6725,475.5701,487.4445,491.2386,492.1203
430.578,432.1466,441.657,453.876,458.9843,465.0153,476.6721,488.329,491.9989,483.7204,476.7877,473.5998,472.914,470.1026,463.6464,468.3622,470.3733,456.7988,446.4246,468.3409,449.8755,462.471,475.0665,460.1664,444.0697,427.973,431.6483,438.4489,480.9714,488.9393,483.8289,473.6627,461.6145,449.6766,431.6031,413.9428,399.4248,384.9068,381.1378,388.8129,417.4255,454.9561,461.3665,449.0504,415.8911,425.3419,431.1026,428.6817,442.515,456.3483,470.1815,484.0148,497.1729,494.9278,492.6826,490.4375,488.1924,485.9472,483.7021,475.7619,457.5168,437.2373,436.9814,443.1314,432.7679,424.6537,421.3798,424.082,430.7743,437.4666,457.1063,476.1545,480.4108,492.153,498.4075,477.9644,457.5214,436.5445,414.2197,395.4748,393.2735,407.7658,420.9727,425.2398,428.6226,419.9195,448.0876,467.6941,487.2947,484.7067,480.6045,476.5022,494.6878,502.8311,507.627,498.439,484.5031,470.5673,465.8448,466.0454,466.932,466.8356,465.576,464.3164,468.597,479.3248,473.1835,463.0542,489.8163,504.8155,497.6556,503.1674,507.4209,506.9237,506.4264,505.6127,502.3542,499.0958,496.3312,517.9921,503.0335,487.6385,488.1364,489.9222,491.7081,475.398,476.6031,483.1572
446.8599,445.039,448.6292,454.0648,458.7898,463.5479,468.5935,473.6391,474.3503,468.5773,480.0558,509.8843,504.4866,497.2094,483.5322,467.861,456.5034,470.0041,483.5347,495.6897,477.9969,481.0681,484.1394,476.0122,467.3976,458.7831,462.308,467.7518,487.9074,498.1658,504.3418,491.3887,475.8934,463.0312,434.4814,420.5628,424.5434,428.5239,433.8583,440.6342,449.5148,461.3863,473.4112,476.6468,468.5717,476.8412,477.0436,457.0518,463.36,469.6681,475.9762,482.2843,488.1973,485.0959,481.9947,478.8933,475.792,472.6907,469.5894,447.2527,424.9085,403.2898,403.4629,410.6075,403.2887,403.1509,409.9031,415.3782,420.0006,424.623,449.9864,473.8509,473.406,482.0717,490.8882,478.4275,465.9669,456.2998,453.6867,448.6188,439.3162,449.097,458.1768,462.381,465.0338,446.4691,492.2269,501.5414,510.8306,508.6017,505.5867,502.5718,537.3049,539.977,533.4426,523.6128,512.6641,501.7153,501.5806,507.2242,497.8524,495.3335,506.616,517.8984,525.0295,527.3297,524.7588,520.9035,527.4715,532.2762,533.02,533.6908,533.749,531.4945,529.24,527.1716,526.541,525.9105,525.5394,537.997,534.6138,531.0417,526.6067,522.1017,517.5968,501.8036,488.7513,476.972
451.6285,449.7516,469.5495,496.7398,499.2595,500.3869,499.6581,498.9294,498.1161,497.1765,506.1444,524.8423,521.4748,519.7609,518.0455,497.0339,480.6069,490.5987,500.2099,504.5445,488.5345,490.1485,491.7624,484.9874,477.8472,470.707,472.9908,476.7643,490.0835,496.6281,500.4177,483.7085,465.6742,451.1385,424.6883,413.9212,420.07,426.2188,431.7458,436.6107,450.5256,469.9941,478.6732,478.4459,466.7725,471.6966,474.3086,471.4117,477.1702,482.9287,488.6873,494.4459,499.6116,491.2547,482.8978,474.5409,466.184,457.8271,449.4702,426.2725,424.0097,426.8779,414.4707,397.1768,403.3889,412.1718,417.0011,429.3129,446.6205,463.9281,473.6449,479.935,490.6971,485.4788,467.0281,464.6015,462.1749,459.6127,456.7083,453.5075,450.568,453.2503,456.9937,468.1173,478.0848,471.8197,500.2919,505.6302,510.9525,518.3502,525.8895,533.4289,556.1319,558.9718,556.4724,545.7643,532.2693,518.7744,513.3936,512.3486,511.7354,515.8342,523.4412,531.0482,536.3619,539.0067,536.7411,530.2107,529.0735,528.7701,530.4943,532.5389,534.3419,535.2329,536.124,537.0002,537.7629,538.5255,539.2239,536.7435,532.1825,527.5967,523.1954,518.809,514.4225,500.5321,491.4631,484.0998
469.109,463.5044,481.6558,507.9092,511.38,513.9252,516.4331,518.9409,518.563,513.8679,515.5994,525.3137,524.5092,525.1719,527.0812,516.5328,508.2435,512.9721,517.6737,521.1566,508.2763,503.4433,498.6102,497.2143,495.968,494.7216,496.255,498.2279,501.5465,509.5298,518.8157,507.1866,490.4102,475.3669,442.2813,426.7918,432.4468,438.1018,447.6649,461.3887,476.8,488.466,490.6288,486.4724,475.7803,480.6569,480.3814,468.5674,478.9861,489.4049,499.8236,510.2424,519.8458,510.8501,501.8544,492.8586,483.8629,474.8672,465.8715,444.883,440.9077,441.0995,437.3193,432.2685,448.0248,452.7571,447.2247,452.2281,464.2657,476.3033,493.1117,500.1164,491.0019,493.6361,505.1996,503.6696,502.1397,494.286,470.4637,451.4307,449.7602,449.9375,451.9557,466.7784,481.6607,497.3762,511.1972,516.2758,521.3483,528.8348,536.486,544.1372,556.4551,561.5239,564.6826,553.8049,538.1617,522.5184,518.916,521.7474,523.1243,525.5497,529.618,533.6862,536.3078,537.2459,536.1972,533.7276,533.965,533.748,533.4238,535.587,537.667,539.4328,541.1987,542.6347,541.5231,540.4116,539.3249,539.47,538.6586,537.8357,532.6484,527.1075,521.5665,510.9492,500.8111,491.0555
477.1586,475.4133,494.8906,521.606,525.5746,527.8384,526.4315,525.0247,521.847,516.0204,520.4672,535.9767,530.8152,527.2234,526.8379,520.1257,515.0621,519.4983,522.623,512.251,513.9558,514.2085,514.4611,509.5017,504.3155,499.1292,504.52,511.5828,510.3477,520.078,533.7303,531.7025,519.1595,504.6956,473.6737,457.0154,458.4648,459.9141,461.8157,464.1987,463.322,463.7352,473.1898,482.4567,489.3062,491.3001,493.1538,495.0965,499.254,503.4115,507.5691,511.7266,515.4036,508.1199,500.8361,493.5523,486.2686,478.9848,471.701,455.589,439.7888,424.3905,429.3873,440.9088,426.5835,433.8628,457.9167,459.5987,446.3439,433.0891,448.4605,462.3751,443.4195,461.0933,505.3621,506.7663,508.1705,506.1862,495.6453,486.298,480.978,474.8307,469.609,470.825,473.563,498.0453,488.5814,503.5355,518.5065,527.6171,536.3279,545.0386,551.4086,555.2634,558.631,550.0643,537.4459,524.8275,521.5277,523.2073,535.5258,543.922,543.2821,542.6422,542.4899,542.905,540.209,535.2306,534.3924,536.1553,541.8501,542.1589,542.7479,544.3942,546.0405,547.1468,544.0811,541.0154,538.0488,539.988,540.2578,540.5077,535.587,530.2473,524.9075,514.4183,503.1563,491.9651
500.9481,497.9381,505.0004,515.4979,522.4422,527.6089,525.1703,522.7316,519.8207,516.2031,524.9749,545.0006,535.3618,528.8429,529.8623,522.6624,516.3857,515.429,514.9055,519.2792,527.1231,519.6232,512.1234,510.6187,509.3748,508.131,511.8222,516.2934,527.0071,534.0024,539.4102,523.6751,503.6078,485.7142,463.6724,450.1031,444.6121,439.1212,439.6494,446.586,467.363,490.4521,487.3548,484.6247,482.3917,479.5349,481.1203,494.7835,497.7953,500.807,503.8188,506.8306,509.7863,511.462,513.1376,514.8133,516.489,518.1646,519.8403,447.6017,449.746,470.9214,446.6764,407.9009,389.4315,406.815,437.8905,453.5033,458.7922,464.0811,448.9837,447.0554,482.0384,475.2052,438.0554,449.9126,461.7698,473.3388,484.18,494.632,500.8442,494.7572,488.9053,484.6889,480.4915,476.4509,468.3559,486.0248,503.7116,516.8804,529.7409,542.6014,553.8479,555.0172,553.8901,547.4243,539.1459,530.8676,529.6486,532.2017,539.366,544.0012,544.0604,544.1195,543.2211,541.2085,538.0066,535.3734,536.8041,537.5277,537.6786,540.6171,543.3602,545.3658,547.3715,548.8644,546.3958,543.9271,541.5836,545.427,540.936,536.3456,537.6214,539.3726,541.1237,521.2247,502.8077,485.8804
532.4583,513.4399,514.1934,521.6901,522.7111,522.9722,520.9119,518.8515,518.0087,518.9874,532.0549,555.6045,549.0767,542.2452,534.0297,524.1846,516.9147,524.4851,530.9384,526.5284,543.4117,545.2236,547.0355,541.9092,536.4811,531.053,532.2042,534.3953,542.1039,546.4728,549.4225,537.0306,521.9974,508.7845,510.9545,508.3303,495.0966,481.863,479.4442,488.5392,502.7101,513.0856,506.5811,497.6321,484.7985,474.7426,470.5482,484.1012,490.8415,497.5818,504.3221,511.0625,517.4103,514.8043,512.1983,509.5923,506.9864,504.3804,501.7744,465.6876,463.0736,469.0321,457.6784,440.7865,440.1723,459.8831,486.289,498.9207,502.3558,505.7909,509.4818,515.3982,523.5123,516.7455,494.5774,482.2735,469.9697,459.2543,452.5499,449.0138,454.2623,449.1308,447.4523,469.7924,491.4391,502.7455,515.9455,522.3588,528.7675,536.4448,544.2086,551.9724,565.0115,566.7114,565.513,562.0616,557.8452,553.6288,549.7938,546.1625,545.123,546.4766,548.2928,550.1089,549.2739,545.354,543.6292,545.2664,546.9989,545.351,538.4474,538.1529,538.2065,539.5743,540.9423,542.4047,544.598,546.7912,549.0692,555.5389,551.6116,547.5603,547.8074,548.4028,548.9983,545.0713,537.0095,528.1384
542.5128,543.8486,536.9805,527.3143,525.3878,524.0112,523.7436,523.476,523.9956,525.6929,537.4651,558.1197,554.04,549.3532,542.4284,534.2194,528.0715,533.8005,538.611,534.3422,545.0525,549.1587,553.2649,549.0748,544.5236,539.9724,542.2466,545.5998,549.1935,550.0095,549.9716,548.2886,540.695,530.574,513.4046,505.1884,506.7434,508.2984,508.9624,508.6777,507.1982,503.5037,498.9119,488.9642,470.5476,458.3178,451.5676,462.1195,469.1475,476.1755,483.2035,490.2315,496.8833,494.9548,493.0262,491.0976,489.1691,487.2405,485.312,500.0057,475.2367,441.2249,443.6432,457.716,465.1859,479.4356,498.6119,510.0834,516.4107,522.7381,524.9075,523.5137,522.6926,520.8701,511.5162,492.1601,472.804,455.3069,442.5042,426.0652,401.5602,397.6229,397.0266,419.6695,444.7854,505.9072,532.9413,549.0516,565.1544,566.2545,566.3306,566.4069,567.3278,564.8419,561.5181,558.0931,554.6336,551.1742,548.0033,544.9866,545.5782,546.9606,546.9656,546.9705,546.0067,543.9153,545.0085,549.5251,551.6763,553.5584,552.7361,546.3404,542.3629,547.5156,552.6683,556.9841,554.8334,552.6828,550.6745,555.7064,555.5415,555.3146,553.3804,551.3078,549.2352,550.8077,549.0052,546.1641
538.8179,544.02,537.2027,526.2862,523.6553,522.2184,524.7846,527.3508,529.6896,531.688,542.492,561.0004,557.7568,552.7759,543.4863,538.3587,534.447,537.5412,540.8748,546.8314,553.2851,553.7368,554.1884,552.2539,550.2156,548.1772,548.0991,548.3309,551.7974,549.3132,544.7958,540.7086,532.8975,523.1977,508.5366,500.5424,499.6911,498.8399,497.9844,497.1242,500.1776,500.9041,489.5553,475.8054,458.8982,446.2951,435.7979,434.8743,444.2947,453.715,463.1353,472.5557,481.6065,482.2273,482.8481,483.4689,484.0898,484.7106,485.3314,466.0225,449.9489,435.3349,440.9543,453.0466,464.4644,482.0598,502.9484,515.8318,523.3705,530.9092,531.0259,530.6093,537.7008,532.5875,510.6992,490.0967,469.4942,452.3011,443.7171,429.8716,402.5277,397.0989,392.2956,391.8437,395.0396,452.1197,483.1359,520.7097,558.288,564.2536,568.062,571.8703,567.2655,557.735,547.4198,544.6298,544.3947,544.1596,544.3337,544.7266,546.5244,547.34,546.593,545.8459,546.8422,549.8671,546.1689,537.2891,536.9271,539.9332,548.6536,552.0641,555.4886,558.9652,562.4419,565.123,561.6587,558.1943,554.6709,548.2233,547.39,546.6236,548.0035,549.5573,551.111,555.8787,553.9371,550.1384
537.0417,541.7534,537.9833,531.3205,528.3424,526.324,528.0803,529.8365,530.9256,531.0167,542.1683,564.1921,561.6055,559.2379,555.8893,546.3187,538.986,544.5486,550.2687,557.207,555.6008,558.0125,560.424,559.2213,557.8611,556.5011,555.2459,554.0073,554.7455,552.5239,549.2634,540.6077,531.4144,523.0506,509.006,498.4209,492.9812,487.5416,486.5602,490.3252,497.1939,498.126,483.0708,470.9284,461.5474,444.3883,429.256,424.8541,436.4741,448.094,459.714,471.3339,482.558,484.7521,486.9461,489.1402,491.3342,493.5283,495.7223,463.0358,458.3762,461.1531,459.4233,456.2518,476.1348,499.7176,520.022,528.3154,528.5895,528.8636,531.6516,537.7377,544.7506,540.585,519.2852,496.2577,473.2301,454.0506,444.5876,430.8892,405.5355,394.4353,384.6512,384.0215,387.4014,449.7763,476.2589,505.6463,535.0356,546.3187,556.366,566.4133,570.7435,560.9453,548.0806,543.3671,541.4211,539.4751,536.1209,532.0142,544.2196,554.8694,555.2106,555.5519,556.3521,557.6862,551.8765,540.4266,537.7956,536.203,538.8755,546.591,552.2917,550.3857,548.4796,547.1075,549.8608,552.6141,555.1209,545.4416,540.6754,535.9677,539.8909,544.5137,549.1364,553.4332,552.4415,550.1334
534.493,547.8586,544.5258,535.498,532.7466,530.775,531.2556,531.7361,532.229,532.7402,542.6772,562.3972,562.3185,561.3879,556.8083,548.5299,542.0751,546.1289,550.6805,559.8531,555.6002,556.7554,557.9107,558.4517,558.9659,559.4802,559.6669,559.8018,561.1954,557.6136,552.4404,548.418,541.6254,533.2599,514.4081,499.8471,493.2613,486.6755,484.5168,487.0715,492.0914,492.897,481.7891,474.3882,471.7386,462.1497,452.03,444.6907,455.5215,466.3523,477.1832,488.014,498.4285,499.3473,500.2661,501.1849,502.1037,503.0225,503.9413,478.3468,477.4451,482.9357,481.2761,477.3289,494.6272,514.381,530.6285,535.2269,532.0474,528.868,528.8607,532.1284,535.5787,528.8054,508.0536,488.4997,468.9459,453.4752,448.3153,435.9336,404.3252,399.7931,395.7285,394.9153,397.9369,458.3216,513.8372,523.1196,532.3701,539.2624,545.9938,552.7252,550.5519,551.9703,554.6272,550.9959,545.2296,539.4633,531.6633,522.7767,535.9207,549.7358,551.8337,553.9315,554.5605,553.4802,548.7961,543.8043,547.6307,548.7133,543.8916,540.0625,537.0624,537.1923,537.3223,538.1638,544.5026,550.8415,556.9932,553.8847,550.3176,546.745,545.6316,544.7175,543.8033,547.558,546.6652,544.3599
527.8774,543.7092,542.173,534.7135,531.4941,529.2897,531.0139,532.738,534.4315,536.0792,547.9377,569.2029,566.3177,562.9137,557.2542,549.2145,543.1113,548.1673,553.7212,563.7379,557.5618,560.9066,564.2513,564.9229,565.4781,566.0334,567.536,569.1884,564.1451,562.7058,562.8536,557.296,546.3621,533.9789,512.0238,495.8722,488.3716,480.8711,478.7047,482.2172,492.221,502.3108,498.5541,493.0629,486.2179,484.6997,481.2239,475.049,484.063,493.0771,502.0912,511.1053,519.6163,516.6495,513.6829,510.7162,507.7495,504.7827,501.816,485.1587,481.5532,481.3145,482.5435,484.2421,499.6654,516.7842,531.6935,535.9905,533.2021,530.4138,531.9861,534.3694,532.8949,523.4846,503.32,484.2436,465.1672,451.6271,452.067,449.0824,439.5721,454.0258,464.114,443.8366,427.8272,475.3996,509.2928,524.0721,538.8382,537.528,535.1207,532.7134,523.2535,524.2419,527.998,531.7468,535.4932,539.2395,541.0283,541.7711,536.6299,535.4991,540.8306,546.1621,550.407,553.3873,550.6248,545.6437,551.7397,553.2029,545.9058,543.5106,541.5016,540.951,540.4005,540.5941,546.5366,552.479,558.4693,566.8281,570.0101,573.1304,565.9226,557.8778,549.833,541.3632,539.8515,540.116
524.5507,545.798,533.4327,509.6037,506.9035,507.0974,516.7983,526.4993,534.2899,539.2227,553.1768,572.9414,565.6938,560.7845,561.3618,555.168,550.5696,555.1643,559.9491,566.2054,562.1877,563.2126,564.2376,566.9907,569.819,572.6474,573.8093,574.7077,570.7175,568.3854,566.9194,561.7469,548.3341,531.6827,510.9251,495.1052,484.7755,474.4458,474.0922,484.3594,495.1507,503.3226,506.261,504.205,494.4833,491.0852,487.744,486.7564,494.4308,502.1052,509.7796,517.454,524.6682,521.3825,518.0968,514.8111,511.5254,508.2397,504.954,487.4836,484.1281,484.3899,484.0266,483.4634,496.8103,516.3583,535.9471,540.4552,534.8945,529.3337,533.0294,539.2717,538.2442,535.2911,522.7979,499.187,475.576,456.4529,448.6621,442.2315,443.6687,458.2416,471.7346,477.7169,485.5874,520.5057,515.4462,513.9132,512.3826,513.8897,515.6041,517.3185,519.4116,516.4443,512.2711,517.933,526.9341,535.9352,541.4391,545.0745,551.1615,555.0724,555.8891,556.7058,554.8547,549.8992,549.5237,554.7922,557.8989,557.6825,551.6685,550.468,549.1445,547.3571,545.5696,544.2524,546.5687,548.8849,551.2308,555.0429,551.2654,547.3974,555.6238,564.8304,574.037,553.0141,542.3078,535.761
525.6414,549.7377,529.5588,494.2799,480.8289,474.5159,497.326,520.136,536.4781,543.1444,556.515,573.8306,570.2261,566.8285,563.3868,557.3663,552.8409,556.9322,560.9232,563.3957,558.3737,565.8008,573.2281,573.6536,573.7744,573.8951,574.9774,576.2117,569.1605,567.534,568.1616,564.1111,552.6255,538.4871,514.4088,494.0987,481.1312,468.1638,466.2986,476.2532,484.1542,489.6336,495.7417,496.6162,487.9541,482.3203,481.1086,493.1845,499.7126,506.2406,512.7687,519.2968,525.3926,521.6288,517.8651,514.1013,510.3374,506.5736,502.8098,481.3981,480.4202,484.5699,490.4402,496.8608,495.6187,506.1319,524.3397,530.7478,529.2778,527.8077,533.4079,541.5834,544.9071,545.4073,534.912,513.0299,491.1477,472.1138,460.2719,449.4042,444.4779,450.2765,457.6587,476.0564,495.4395,528.439,524.9302,526.5718,528.217,530.7874,533.4208,536.0542,539.769,536.024,530.4783,526.3719,522.7541,519.1363,520.3987,524.2688,554.276,575.8885,576.2886,576.6888,572.0106,561.4227,559.3818,566.7623,568.195,568.9977,565.9884,556.6517,550.2146,554.7246,559.2346,562.4655,555.8147,549.1639,542.4456,532.3915,542.3913,552.6301,559.5916,566.2875,572.9834,569.8918,556.8603,541.8273
529.3126,549.2484,540.6575,522.3376,489.2945,466.9395,497.0747,527.21,546.9633,551.1852,561.6458,576.4354,573.2512,570.5188,568.2874,562.6577,558.1063,559.7678,562.0874,571.1155,572.8709,571.8129,570.7549,572.4304,574.2247,576.0191,577.1427,578.1602,576.5787,573.1433,569.3453,565.4957,556.5084,545.0455,516.2844,491.1706,476.7196,462.2686,460.1066,471.0282,478.9247,485.1934,495.4267,497.1523,483.9435,477.0185,477.9171,500.8441,508.0418,515.2394,522.4371,529.6348,536.2123,528.643,521.0737,513.5043,505.9349,498.3656,490.7963,479.2875,481.3306,486.4808,493.2058,500.4346,499.8868,507.5128,521.0371,526.8126,527.4144,528.0162,534.8831,543.2297,546.3843,542.957,526.6154,504.6152,482.6151,464.0889,454.3345,445.9099,443.7373,448.2235,453.0329,460.0903,468.5582,497.3065,498.5451,512.8834,527.2307,532.9327,538.0448,543.1569,544.1703,541.9445,539.139,532.5193,524.6044,516.6896,516.7996,521.1975,535.8204,549.6008,557.0252,564.4496,571.8257,579.1456,577.0877,566.1452,564.2299,560.4822,556.7431,564.2122,571.4116,577.5928,583.7739,588.4388,581.3903,574.3419,567.2336,557.1697,564.215,571.4642,566.7421,561.0496,555.3571,570.6013,563.8163,550.3979
527.4619,549.764,550.5247,543.9388,506.5729,480.0569,509.7918,539.5266,557.6061,558.2495,566.9828,583.4619,581.4724,578.5433,573.0539,568.9537,565.7734,567.8933,570.3421,575.6791,569.3361,572.3101,575.2841,577.1253,578.9172,580.7092,581.8208,582.8249,580.6976,576.6392,572.2349,571.3105,562.6297,549.493,524.4828,500.4161,482.5347,464.6533,461.4276,473.805,482.8259,490.4809,503.2244,500.1942,475.7206,477.8382,485.3517,507.0115,513.6357,520.2598,526.884,533.5081,539.4576,530.0159,520.5743,511.1327,501.6911,492.2494,482.8078,485.1189,492.3544,500.2208,504.3971,507.3929,506.6709,505.8942,505.9217,510.674,518.5807,526.4875,536.2496,545.9957,553.6987,549.2729,526.017,500.4925,474.968,455.1019,449.524,444.2391,441.5839,445.7725,449.9468,454.0214,459.245,481.173,486.4676,495.4211,504.3772,510.5692,516.5726,522.5759,537.1577,537.0107,533.0226,530.4426,528.3406,526.2386,526.8663,528.9526,529.7789,533.0827,539.0579,545.0332,550.0224,553.8641,560.7277,566.0378,560.8343,552.7598,543.3295,547.8067,552.9917,560.8493,568.7069,575.7971,576.9592,578.1212,579.1792,575.0881,569.8572,564.6129,564.2639,564.3117,564.3595,564.4084,559.4264,553.176
517.3312,533.5527,539.9789,543.0643,505.8312,479.5614,511.8574,544.1534,562.9072,561.402,569.5174,587.5258,585.118,582.3652,578.3118,573.4208,569.3997,570.3909,571.4666,573.4952,576.2151,578.2337,580.2523,581.6727,583.067,584.4613,586.6423,588.9477,578.7761,576.3142,577.1088,578.2888,566.7713,549.0325,521.819,500.3723,487.5046,474.6369,473.0296,483.4105,495.5277,505.7814,509.3752,510.2906,510.1628,520.7668,528.9042,529.7266,534.0303,538.334,542.6376,546.9413,550.534,537.9055,525.2769,512.6483,500.0198,487.3912,474.7626,492.3287,501.1182,506.8505,509.0313,510.076,505.025,506.7305,513.2372,517.8508,521.2006,524.5502,533.8619,548.4734,562.4756,562.6233,540.9507,516.1768,491.403,470.5223,459.4726,449.9434,446.3848,445.3808,445.4279,452.7852,461.907,496.8365,511.1073,516.2257,521.3377,526.0318,530.6973,535.3628,552.825,552.3625,547.121,543.5411,540.5251,537.5092,534.2447,530.8474,543.9886,554.7054,554.2964,553.8875,556.5453,562.7721,564.4418,562.8679,567.53,569.5959,562.7,547.7375,536.4101,538.8077,541.2052,544.2333,552.1321,560.031,567.7964,568.9617,571.8259,574.7104,573.6453,572.26,570.8748,567.2078,559.3803,550.6214
516.2368,531.3941,537.0665,539.504,504.4074,479.5454,509.3369,539.1284,558.0081,560.5637,570.4807,586.9527,585.5001,584.2826,583.0996,579.3021,575.6001,572.4491,570.1442,576.5535,575.3598,578.3344,581.309,583.6494,585.9621,588.2749,587.4108,586.0446,576.9911,575.4354,576.7127,575.9532,564.0408,547.1434,522.7052,502.5994,489.1348,475.6701,474.2698,485.7136,505.002,523.7342,524.6989,529.3835,540.4179,548.2737,551.695,542.9851,544.6114,546.2376,547.8638,549.4901,550.5286,538.1594,525.7902,513.4211,501.0519,488.6827,476.3135,502.3552,512.9871,518.8035,518.5054,516.2514,514.082,514.8738,517.1528,519.7606,522.5878,525.4151,530.4308,541.5725,557.1436,561.9709,547.0049,524.9167,502.8284,482.8882,468.3717,456.7351,455.2411,453.5817,452.8605,458.6648,466.3158,501.233,522.6404,533.3587,544.0696,549.1991,553.9477,558.6962,562.9515,555.8206,546.036,542.4637,541.0007,539.5377,536.0502,531.481,548.9114,563.2211,562.8143,562.4077,563.7592,567.1569,562.5494,554.158,560.0159,563.2399,563.9543,574.0496,580.4454,572.8735,565.3017,559.1832,564.2923,569.4014,574.4606,577.0505,584.2452,591.4949,586.5571,580.6315,574.7059,576.619,572.6686,566.8357
519.7872,530.1047,532.7091,532.6828,503.4884,482.6452,506.1248,529.6044,547.5482,557.2104,572.2365,588.728,584.6443,582.0735,583.6078,582.8388,581.6616,578.1323,575.3607,580.5171,581.0202,583.0273,585.0344,588.0603,591.1305,594.2007,590.5485,585.8336,584.0505,578.8623,572.4294,565.0087,555.2424,544.5408,519.5477,496.3828,481.1662,465.9496,464.1494,476.6328,501.8882,529.7007,534.0125,540.0172,548.7491,555.6454,557.7758,546.7425,546.3144,545.8864,545.4583,545.0303,544.2613,535.7152,527.1692,518.6231,510.0771,501.531,492.9849,515.5977,523.3642,526.7122,526.6545,525.5075,521.5579,517.4963,514.005,516.861,523.9547,531.0485,536.9104,545.5444,558.6083,566.9968,559.5846,537.2706,514.9565,495.2702,482.2189,469.3336,459.7669,461.9289,464.226,467.4626,472.7433,508.1122,525.4703,533.1371,540.7972,544.4268,547.7813,551.1357,549.4745,542.9756,535.5623,530.1229,525.3538,520.5847,520.4356,522.7552,548.3843,567.6638,568.93,570.1962,573.119,577.9693,572.9515,558.9,554.8907,550.5555,549.6277,559.7812,569.3613,576.7763,584.1913,590.5657,588.9,587.2343,585.8873,600.3054,609.4662,618.5643,617.5643,615.7459,613.9275,597.1882,582.1992,568.4208
532.3458,534.1498,535.2347,536.0743,509.6595,489.8395,505.8112,521.7828,538.1447,555.0905,574.6174,591.7192,591.8161,592.0045,591.5901,587.855,584.3046,581.8185,579.2791,576.2554,575.0348,580.6261,586.2173,589.7764,593.2469,596.7175,595.5747,593.7026,585.9204,579.2035,573.2507,564.2353,555.6962,548.0062,524.2828,500.2821,483.5063,466.7306,464.2471,476.9796,500.4547,526.6886,534.1089,540.6307,545.8737,552.4951,554.9971,546.4937,548.647,550.8003,552.9536,555.1069,556.8143,548.348,539.8816,531.4153,522.949,514.4827,506.0163,517.6295,525.5855,531.9844,529.4102,523.9655,520.3199,516.8212,512.9944,519.6096,533.1963,546.783,554.1093,559.1262,568.4069,572.1837,562.6866,544.3946,526.1025,508.1484,491.0475,472.9999,456.1567,458.8567,462.0442,468.6228,476.977,511.2902,524.5037,527.1984,529.8858,530.3801,530.7249,531.0695,529.7747,531.5475,534.114,526.3011,514.9644,503.6276,503.5553,509.5019,542.7775,569.0173,574.4632,579.9091,582.7229,582.4738,581.1204,576.2896,568.335,562.9667,562.5623,559.6174,557.8576,560.572,563.2864,565.088,559.8387,554.5894,549.9548,575.7253,587.4404,598.9879,608.3795,617.5963,626.8132,612.1464,589.0008,564.9488
536.5693,541.174,539.9336,536.6998,520.3133,507.8541,516.1331,524.412,538.986,562.9771,584.3071,594.6217,591.7939,591.3909,595.7492,589.6188,583.9401,580.8638,578.3582,581.6302,578.071,581.4998,584.9285,589.1226,593.35,597.5773,598.8683,599.6953,596.7363,591.0277,584.7761,574.5594,564.0402,554.1754,524.1868,498.8942,486.3352,473.7763,471.2142,479.2951,500.0663,525.7253,531.7117,540.5048,552.8492,559.8289,564.2672,560.8377,559.6687,558.4997,557.3307,556.1617,554.6528,545.3907,536.1286,526.8665,517.6044,508.3423,499.0802,516.9473,528.3367,537.2866,535.9071,531.2231,529.6011,526.0834,520.9162,526.5854,539.4897,552.394,561.7325,568.0517,574.9027,576.1537,563.8726,542.5988,521.3248,503.3434,493.6758,482.8026,470.7657,472.0326,473.8922,479.8743,487.4154,517.7402,529.2203,534.9194,540.6146,542.8909,544.9338,546.9769,535.7571,539.4243,547.1772,536.4014,519.3348,502.2681,505.7726,520.269,540.0846,555.2822,563.8485,572.4148,581.0454,589.7508,595.2123,592.2367,583.1472,578.9175,582.4892,577.2136,571.1406,562.0571,552.9734,545.5532,550.9832,556.4132,561.1733,532.8,538.5081,544.6225,552.574,560.6745,568.775,606.7966,595.7158,570.7124
531.1545,535.374,529.0209,519.0621,525.4662,531.385,531.9794,532.5738,543.1404,568.6252,589.9753,597.4733,591.9574,589.1709,593.1363,590.5001,588.0457,586.6398,585.4153,585.5074,574.4963,581.7144,588.9326,593.4375,597.8244,602.2113,602.934,603.0774,593.6079,589.5038,587.7357,581.3175,572.3392,563.0614,534.0126,509.7885,498.2281,486.6678,485.8421,496.4451,514.8886,534.3126,538.3861,547.9968,564.5749,570.4782,574.3663,571.8693,570.5813,569.2933,568.0053,566.7173,565.0778,555.4186,545.7595,536.1003,526.4411,516.7819,507.1227,515.67,525.4894,534.8983,537.0322,536.8387,532.5031,527.3322,522.6636,529.9634,545.2542,560.5449,569.5576,572.5672,575.748,580.9762,575.6626,548.1999,520.7372,501.593,503.4539,499.9202,482.0378,484.4399,487.5844,495.8922,505.1062,527.6948,543.4095,548.2762,553.1354,552.8022,552.1148,551.4273,544.8361,548.5695,554.9907,548.0386,536.5462,525.0537,530.6878,545.4731,559.7947,564.7441,562.4963,560.2485,566.693,583.2527,596.2986,599.5997,595.2361,595.9664,604.2036,601.3779,597.3336,588.6882,580.0427,572.9828,578.171,583.3593,588.1335,572.4286,565.1775,558.0272,557.0634,556.601,556.1386,587.0486,575.5068,551.6446
522.9968,525.2365,528.1673,531.3337,531.6251,532.164,534.3936,536.6232,549.4379,578.0876,598.7923,600.9039,596.2214,593.3716,595.5575,595.1848,594.6899,593.4909,592.0734,588.0055,579.0859,584.6432,590.2007,593.0713,595.825,598.5787,600.0975,601.4211,600.3361,597.6678,594.7042,586.3299,577.0063,568.316,538.0643,510.2889,494.3003,478.3117,474.9345,484.9839,505.3311,530.7958,542.1005,549.1539,549.546,554.9954,557.7601,553.4052,556.2056,559.006,561.8065,564.6069,566.9318,558.4084,549.8851,541.3618,532.8385,524.3152,515.7919,505.9895,519.7708,538.7488,537.4872,529.7507,509.6744,509.8639,523.1241,536.3542,549.5644,562.7746,569.913,572.3915,576.3113,578.7744,572.5347,555.4446,538.3545,520.3959,500.2441,480.3459,465.0488,465.6606,468.1775,483.9457,499.7286,516.0,540.6943,534.297,527.8782,521.2702,514.6492,508.0283,520.6707,523.6927,523.6006,524.5038,525.745,526.9861,528.9542,531.3107,561.626,579.02,570.5878,562.1555,565.0292,581.06,588.0618,587.3782,596.8814,601.6221,599.0159,605.8741,610.2452,605.2255,600.2057,595.3289,591.5558,587.7827,584.4099,600.8405,597.5714,594.0673,594.0035,594.2184,594.4334,559.2964,539.2993,524.9417
511.9248,517.6001,529.3114,543.0813,536.4294,530.836,533.994,537.1521,550.3799,578.6719,598.9347,601.6842,600.4647,598.4409,594.7985,594.4885,594.1151,593.3761,592.4293,589.0366,582.4263,592.4272,602.4282,601.3596,599.8091,598.2587,600.8513,604.0986,598.4102,594.2979,591.3306,584.5201,575.9216,567.2341,537.187,503.1541,476.1182,449.0823,437.9039,443.608,466.654,500.6325,514.3919,531.4891,548.317,548.0175,547.4722,546.6522,547.9968,549.3413,550.6859,552.0305,552.9305,543.6912,534.4518,525.2125,515.9731,506.7338,497.4945,505.8991,526.0649,548.1313,544.7435,533.2126,507.6745,504.5271,515.9044,527.1032,538.183,549.2628,558.2388,567.1556,578.3033,579.6406,564.8567,546.7756,528.6946,510.8315,493.5186,476.6333,462.8029,455.5975,450.3572,458.7856,467.7993,485.7928,510.0649,502.8317,495.5766,489.1229,482.7238,476.3248,476.491,484.3905,493.8162,498.3183,501.1487,503.9791,512.5436,524.1719,543.936,556.6923,559.3499,562.0074,570.2769,585.0771,587.9519,579.0427,580.7761,579.3436,574.5447,580.0865,585.0027,587.5569,590.1111,592.1001,589.7225,587.3449,584.9493,581.6614,584.6583,587.73,589.5213,591.2088,592.8963,573.2914,553.7084,535.2285
497.615,506.9703,524.5259,544.8782,535.6415,528.1183,534.1115,540.1047,553.5972,578.3084,595.2279,596.948,598.8922,599.959,598.4936,597.7976,597.0887,596.3055,595.0418,588.962,589.8004,599.5476,609.2949,608.2161,606.6662,605.1163,606.4066,608.1459,607.252,602.725,597.3026,590.2728,579.8792,568.1827,534.4179,496.0554,464.5734,433.0915,421.3897,430.7466,455.5931,491.8862,512.7554,538.6519,564.553,565.6398,566.4363,566.2657,566.0801,565.8945,565.709,565.5234,564.7896,551.5488,538.3081,525.0674,511.8266,498.5859,485.3451,504.5763,526.5914,547.987,545.0765,534.3903,512.586,509.4668,518.3406,526.2239,533.4459,540.6678,546.8293,559.841,581.6349,584.7792,562.4104,542.2046,521.9988,505.5873,498.7566,489.8532,474.7182,464.2921,455.4558,457.6784,461.5004,488.2521,481.7842,483.543,485.3075,481.4899,477.2913,473.0927,467.9881,485.2488,507.8051,511.2097,508.1121,505.0144,516.454,535.6613,551.8038,559.1448,561.1889,563.233,572.4791,590.1062,598.2056,592.0106,585.916,579.2902,572.7505,569.6836,568.5867,574.928,581.2693,587.0497,588.4969,589.9442,591.1697,581.4273,584.0541,586.8282,588.2295,589.5195,590.8095,582.347,569.4893,556.0261
496.8022,533.5125,544.6224,547.0014,534.2856,525.0389,534.7627,544.4864,559.5446,582.5831,598.6732,600.2916,600.0279,601.3644,605.824,603.2886,600.6968,597.7792,594.9514,593.1114,591.7574,598.7114,605.6653,605.3093,604.6352,603.9611,605.9976,608.4627,606.7388,602.9399,598.8312,593.7872,583.9653,572.0207,541.4283,500.0022,459.3406,418.679,404.9849,420.0013,446.9742,484.3936,512.4307,542.5825,567.4322,569.1525,570.7692,572.0609,573.4291,574.7974,576.1656,577.5339,578.1926,562.6639,547.1351,531.6064,516.0777,500.549,485.0202,506.9834,527.517,546.3215,540.9399,527.8209,510.3987,508.3804,515.1609,523.3336,532.4357,541.538,548.9913,561.3724,581.0378,577.1362,548.8903,536.3444,523.7986,510.848,496.8754,482.0153,465.7977,457.2224,450.2593,454.5096,459.7849,479.6424,474.5896,472.1767,469.7656,469.2765,468.9185,468.5606,481.4938,501.7231,523.0778,524.2192,518.4979,512.7767,518.861,531.2535,557.8235,572.8438,570.7926,568.7413,575.6091,592.856,599.3444,592.2747,589.766,586.1801,580.5681,576.1255,573.2072,576.0437,578.8802,581.2336,579.8547,578.4758,577.4092,591.7956,583.6122,575.1599,582.8649,591.8795,600.894,590.9681,579.4415,568.4877
502.2856,549.434,558.5027,554.5842,530.456,512.9757,530.2145,547.4532,566.9926,589.9739,604.895,603.766,602.1259,601.697,604.4298,604.8533,604.5165,599.7994,594.964,589.2964,591.7628,601.4005,611.0383,610.8723,610.2797,609.687,610.6078,611.768,612.6287,609.7913,605.8639,598.8138,587.4222,574.5607,543.9177,499.9291,454.4784,409.0277,392.4567,406.6321,433.7202,472.9189,503.2841,538.1445,570.2621,573.6196,575.7473,574.4205,575.5984,576.7764,577.9542,579.1321,579.6227,564.4344,549.246,534.0577,518.8693,503.681,488.4926,512.967,532.5413,549.5467,537.9837,517.2812,503.5537,506.8071,517.137,528.3775,540.226,552.0745,561.8511,569.8327,578.0782,568.6313,541.5839,527.4323,513.2808,500.6365,491.7985,479.7151,459.4951,453.6044,447.9989,444.3766,442.5099,465.8221,452.9289,455.4341,457.95,459.1561,460.2729,461.3896,484.7444,502.5653,518.1004,520.7366,518.9934,517.2502,523.6391,534.3732,564.2456,581.7225,578.6966,575.6706,582.0251,599.2958,601.2723,585.7093,579.6166,573.8981,570.5018,571.0187,573.0556,580.8312,588.6069,594.6808,587.6088,580.5368,573.5586,571.2201,574.1704,577.1837,585.1221,593.4596,601.7971,589.3838,579.3822,571.0585
531.6946,559.89,563.7161,559.231,529.1799,507.7223,531.04,554.3576,577.3255,599.7702,611.3116,604.5275,604.7372,604.9559,605.1252,605.0047,604.2969,600.2048,595.7857,588.7327,597.7,605.6076,613.5153,614.765,615.7249,616.6848,613.9783,610.6921,608.6007,606.7732,604.9353,601.9697,592.8036,580.8652,550.1702,502.3284,450.7139,399.0995,379.7818,394.8486,427.4313,473.2404,502.05,537.2709,572.675,576.8568,580.282,580.7624,579.5045,578.2465,576.9886,575.7307,573.9372,559.9254,545.9136,531.9019,517.8901,503.8783,489.8665,516.5346,530.6353,540.4551,529.1188,511.0143,495.7527,500.8372,515.6346,526.929,535.8846,544.8401,560.5936,573.5638,576.0156,566.4349,542.8929,524.8514,506.8099,493.0726,490.2037,482.8204,462.5823,455.6802,449.1306,445.0332,444.5178,494.6253,447.3975,455.6366,463.914,459.65,454.5302,449.4103,469.5249,492.3123,514.6095,523.9189,528.8187,533.7185,539.0549,544.6246,565.1415,577.8268,575.9703,574.1138,581.15,598.5348,599.6269,581.9385,574.1742,568.7083,568.6322,568.9091,570.9814,579.8329,588.6844,595.3873,585.4906,575.5939,565.8944,565.9432,579.2478,592.7104,594.105,594.5214,594.9378,578.0152,567.8679,560.3227
544.1202,556.1732,555.5366,550.5722,520.2799,499.7885,529.646,559.5035,584.2395,601.314,610.0577,605.1841,606.5269,607.3431,606.2544,604.1871,602.0984,599.8871,597.6141,594.8144,594.7371,604.2458,613.7545,615.1468,616.1859,617.2249,612.1031,606.0076,613.006,612.1327,607.9079,603.4601,596.5847,588.5797,552.88,502.5213,454.3377,406.1541,386.8455,398.2782,428.4423,474.4915,505.0898,541.0215,574.3826,575.2556,578.4341,586.2255,581.8636,577.5018,573.14,568.7781,564.0052,549.8567,535.7081,521.5596,507.411,493.2625,479.1139,509.9138,518.5438,520.6353,516.0049,509.2241,498.3521,502.9999,516.4578,525.4808,531.5426,537.6044,553.6105,567.609,568.5179,557.3851,534.5963,521.1153,507.6343,497.3999,495.3634,488.2986,466.6877,458.9518,453.3376,462.4816,474.0142,518.9084,486.451,489.7765,493.1266,478.1761,461.9768,445.7775,456.4064,482.0027,509.927,522.4722,529.7958,537.1193,538.317,536.2413,550.3668,563.3072,566.2955,569.2838,579.3497,597.652,601.7281,587.7001,579.3996,573.7047,572.9633,569.5353,568.4869,576.4235,584.36,590.4674,582.4443,574.4212,566.7166,574.763,586.1532,597.5832,599.4533,600.5486,601.644,574.1346,561.8717,554.9274
553.1705,543.0462,541.4999,542.879,514.7791,496.792,531.3828,565.9736,591.6581,604.0192,609.1131,604.3598,609.6406,612.7152,609.9807,611.2678,611.1104,602.6291,595.1691,598.7292,602.0921,611.8839,621.6757,620.144,618.1196,616.0952,611.0978,605.6306,607.1542,607.2798,606.46,605.151,599.6594,592.2429,554.6268,504.3897,458.969,413.5483,393.7022,401.0838,430.8511,480.7927,514.1342,550.0245,579.2751,580.0527,584.4023,596.0007,589.1805,582.3602,575.54,568.7197,561.6061,547.7981,533.9902,520.1822,506.3743,492.5663,478.7584,505.181,507.4981,503.0326,502.1669,502.4527,497.9098,505.991,521.5746,530.687,535.4791,540.2711,550.8868,559.8911,560.7445,548.7953,526.4514,517.2836,508.1159,501.0656,499.3618,491.8466,467.3208,457.9757,451.8839,468.4214,485.9012,516.4501,513.5981,512.5214,511.4459,493.009,473.3873,453.7657,456.7526,475.5631,497.0898,509.0215,517.6957,526.3698,528.0513,525.9963,540.4741,556.6505,564.9841,573.3178,584.913,600.3035,604.2974,593.4627,586.6566,581.3827,578.9828,574.8995,572.8995,578.7645,584.6296,588.9852,581.6794,574.3736,567.3626,574.9326,585.9633,597.0352,598.8052,599.8214,600.8376,578.7713,565.2603,555.0963
531.1429,498.9505,508.2154,531.6194,518.5385,511.7989,541.4017,571.0045,591.9774,600.0405,605.3452,606.8279,611.9279,615.0978,611.8287,607.009,602.6791,601.1716,599.5787,597.4248,601.8774,613.1262,624.3749,621.4927,617.9954,614.4982,612.0406,609.7475,612.2682,612.0374,610.6172,608.8274,602.5215,594.1052,555.7956,505.2054,459.5369,413.8685,394.1593,402.0875,436.7842,491.8988,521.3553,555.9275,588.0482,589.041,591.3435,595.06,587.0479,579.0357,571.0235,563.0114,554.9122,544.827,534.7418,524.6567,514.5715,504.4863,494.4012,516.272,506.2723,488.1076,487.0739,491.5206,490.0732,499.8397,516.6296,528.1276,536.0925,544.0573,555.3396,558.2953,548.3624,530.0928,509.255,503.8959,498.5369,494.5574,494.0618,486.5684,459.7508,456.1907,455.2992,472.9698,490.52,506.367,525.4129,522.8076,520.1874,502.4867,483.757,465.0272,461.9738,476.5588,494.5937,503.9467,510.3521,516.7574,522.0291,526.6948,541.2824,557.6293,569.8581,582.0869,593.902,605.2357,607.4124,596.7292,587.6555,582.8366,585.2331,580.9105,578.2795,582.0356,585.7917,588.1298,579.5131,570.8964,562.6169,571.0201,578.5222,586.0136,590.3125,594.3527,598.3929,599.4391,582.3083,560.7488
474.9441,450.5445,472.9348,511.2831,512.8312,518.4453,549.8729,581.3005,601.838,606.084,607.769,606.3322,609.2225,612.0793,613.6462,610.7838,607.8624,604.6004,601.4084,599.5658,608.257,614.9566,621.6562,620.7942,619.603,618.4119,615.4753,612.2628,608.0426,609.6803,613.1561,612.9723,607.3642,599.8707,557.939,505.0066,460.0312,415.0558,396.9866,407.5626,444.9238,499.2831,522.5899,553.4743,586.8103,588.5916,591.4446,594.8608,586.3018,577.7427,569.1836,560.6245,552.1794,546.3331,540.4868,534.6405,528.7943,522.948,517.1017,517.7076,496.1841,469.5861,468.9759,476.6797,487.4195,503.2278,520.9348,533.4081,542.3871,551.3663,561.5254,558.5226,539.5824,520.9416,509.0135,507.402,505.7904,502.9558,497.033,484.9625,457.58,457.7776,459.6992,473.6119,486.8563,490.9686,523.0205,519.6716,516.2984,501.7037,486.3432,470.9827,480.3323,489.5123,497.5572,506.8111,516.4753,526.1396,532.9568,538.2526,557.9644,576.7477,586.7758,596.804,604.4662,609.3755,608.1665,598.0635,588.5159,584.6356,589.9994,585.4376,582.0428,583.0541,584.0655,584.4935,580.4153,576.3372,572.4045,575.6715,581.5213,587.402,594.6345,601.9766,609.3188,608.8459,590.0709,567.0842
442.7427,435.452,461.3066,498.4655,503.6215,513.3044,550.0468,586.7891,610.2024,613.6757,612.8711,607.6033,611.2678,615.0014,617.5864,615.0698,612.0351,606.0144,600.6015,602.1837,611.2797,617.8446,624.4095,624.0004,623.2878,622.5752,620.8564,618.9787,614.7048,614.1825,614.9688,614.4093,610.2913,604.7234,565.4836,515.0275,472.0169,429.0063,409.8783,416.1768,450.8371,506.4968,533.9785,562.9893,585.5522,585.1372,589.5921,604.2107,594.8413,585.472,576.1026,566.7332,557.4885,551.0873,544.686,538.2848,531.8835,525.4822,519.081,495.6266,476.0587,457.9837,458.6698,465.3578,485.0836,503.465,518.2444,533.8336,549.9637,566.0938,576.3004,567.6989,544.6299,528.4578,523.0657,519.0823,515.0989,509.2979,498.9074,484.3173,460.1623,458.6921,458.923,470.9868,483.3326,499.8098,513.2409,507.5449,501.8356,487.6917,472.9722,458.2527,479.0085,488.7872,494.4145,506.3785,520.4941,534.6096,539.1346,538.5351,558.6212,580.1777,591.4008,602.6238,610.5357,614.5943,611.3972,599.6758,592.0975,590.0227,596.8829,593.9924,591.2194,588.8895,586.5598,584.4629,584.1659,583.8689,583.4462,576.8052,584.7204,592.8091,600.5011,608.161,615.8209,605.1006,588.2628,570.83
474.9039,456.2119,470.4407,495.8971,506.9286,522.0739,559.0632,596.0525,617.8696,616.9897,614.6263,611.4639,613.0983,614.5708,614.6915,611.6493,608.5243,604.9225,601.9648,606.0901,612.4357,620.2026,627.9694,628.5249,628.7667,629.0084,625.5008,621.4006,616.4238,616.6023,618.3976,613.3973,608.1057,604.0456,577.2381,537.3802,498.5748,459.7694,441.2554,444.3443,474.3652,524.8295,549.3234,572.8367,587.8765,587.4859,590.9355,602.7089,596.8036,590.8984,584.9932,579.088,572.9874,562.4311,551.8748,541.3185,530.7622,520.2059,509.6496,488.6297,479.0937,472.4601,467.2581,462.5141,474.1563,496.535,520.7072,537.6938,549.8828,562.0718,573.6378,568.7687,546.287,531.058,526.0927,520.8478,515.6029,509.4662,501.0779,489.9997,472.4711,468.0805,465.5256,475.7391,486.9166,511.5778,505.7036,502.1209,498.5398,485.184,471.1611,457.1382,481.4398,494.6695,503.5991,514.1722,525.3034,536.4345,542.1768,545.0396,561.3398,579.5779,591.8851,604.1923,614.0328,621.0029,618.0286,603.9963,596.7178,594.2684,598.2208,589.7791,583.5175,585.4873,587.4571,589.5547,592.6398,595.7249,598.4374,582.7266,594.7223,607.0482,611.7086,615.7476,619.7867,603.7998,584.3141,564.9786
494.4668,481.763,487.9724,500.6321,511.5438,527.1072,564.6432,602.1791,622.8189,618.1825,615.7422,616.9387,616.6033,615.8305,613.8083,612.2213,610.4227,607.406,604.6581,605.3994,616.396,619.89,623.384,626.3904,629.3757,632.3608,628.2057,622.9219,620.744,620.1491,619.7974,616.1616,611.0646,605.9237,587.8798,556.1607,520.4802,484.7997,468.8274,473.8371,500.5822,542.2449,560.4706,576.6124,585.7762,588.5367,593.3297,601.7706,597.8241,593.8776,589.9312,585.9847,581.6805,569.2175,556.7543,544.2913,531.8282,519.3651,506.902,497.5807,487.9609,478.1573,471.9805,466.9641,473.7992,495.2379,521.4524,537.4864,546.7234,555.9603,560.4056,554.9158,543.5987,533.8207,528.0209,525.1179,522.2149,516.9156,505.5656,493.5933,480.6607,473.052,468.2154,482.6605,496.3667,499.1085,505.5476,498.5544,491.5519,484.6956,477.8493,471.0031,486.4028,496.8101,505.0583,515.2492,526.0997,536.9503,546.137,554.4348,564.3724,576.7714,590.2166,603.6618,613.3015,618.5128,618.0516,607.532,594.4072,587.1973,588.0298,574.2184,564.9698,572.9492,580.9285,588.6616,594.4915,600.3214,605.8757,597.8,604.9338,612.249,614.0322,615.3671,616.702,608.4809,588.8019,566.7268
506.0044,502.8617,502.2062,502.3991,510.8055,524.6882,562.5131,600.3381,620.9122,615.6795,613.4844,615.8152,614.8821,615.3068,618.7012,617.3582,615.4154,610.0172,605.5702,611.3165,615.5393,623.4461,631.3529,631.5696,631.4515,631.3335,625.8052,619.4216,617.5415,620.1695,623.8158,622.0942,616.3816,609.822,593.5746,565.0394,532.0616,499.0839,486.2265,494.7901,517.8309,551.1412,569.363,581.9492,583.456,586.2862,590.3323,596.0322,592.2067,588.3813,584.5558,580.7303,576.5782,564.9726,553.3671,541.7615,530.1559,518.5504,506.9448,506.7298,495.4351,481.2912,474.9898,471.1974,478.6228,497.3409,519.2923,536.7852,551.3014,565.8176,571.1326,564.0358,553.1683,541.674,532.8806,530.0044,527.1282,521.564,509.2122,497.5421,488.4023,479.7807,473.8037,486.2225,497.7905,497.0276,509.7816,498.1239,486.4494,485.9606,486.235,486.5095,488.5769,500.0744,513.7082,521.8214,528.0602,534.2991,545.755,559.9986,569.2879,577.5581,587.7727,597.9872,607.9946,617.7607,620.3231,610.3458,597.4622,586.0253,577.0645,565.879,558.4241,565.054,571.684,578.4046,585.8255,593.2464,600.4122,594.962,607.0165,619.2797,616.5806,612.6688,608.757,607.8648,593.9474,576.5905
502.8177,512.1824,509.6071,502.9597,516.6115,534.7799,570.1606,605.5414,624.3403,618.3331,613.8504,613.6616,616.4246,617.9706,616.1077,615.7001,614.5109,608.8175,604.0512,609.3229,614.9435,623.278,631.6125,632.6082,633.2845,633.9608,628.9413,623.0214,621.1586,622.1588,623.7158,624.152,620.23,614.4257,600.6117,575.5123,545.9216,516.331,506.3226,517.1624,536.5334,563.4031,583.6487,596.3748,594.3315,594.0859,596.5133,604.6534,600.1622,595.671,591.1798,586.6886,581.9163,570.73,559.5436,548.3574,537.1711,525.9847,514.7985,510.6016,501.2686,490.5502,483.021,476.512,479.6936,494.6494,513.4253,533.4937,554.4252,575.3566,577.2869,561.3748,546.3455,532.1953,524.96,527.0039,529.0477,527.1024,515.0842,502.8226,491.2043,486.0419,482.4375,489.6697,496.7776,502.1771,512.4729,497.3548,482.2191,481.7689,482.3208,482.8728,488.2126,505.5284,525.4462,532.6893,535.6292,538.569,546.8297,557.9333,567.7978,576.991,586.3395,595.6879,603.8403,610.6009,613.2597,607.5057,597.9051,588.0606,577.9172,568.4655,561.9232,566.366,570.8087,575.4333,581.4627,587.4921,593.4288,594.7773,606.3813,618.1075,618.6047,618.1918,617.7789,608.6736,594.2913,579.0266
492.2883,513.6235,514.5009,508.401,518.7725,534.1439,569.6938,605.2438,624.8369,620.5587,617.8622,618.024,617.6254,617.4128,616.9608,613.4413,610.5754,611.4763,612.1588,611.0034,619.0877,624.2601,629.4325,630.8676,632.1401,633.4127,631.007,628.0198,628.249,627.3456,625.8599,626.7104,623.0026,616.6174,602.5771,582.1593,560.6525,539.1456,533.8649,545.8591,558.9435,575.0114,593.4059,606.0833,605.8064,602.7702,603.4389,612.6638,606.9346,601.2054,595.4763,589.7471,583.8289,573.599,563.369,553.139,542.9091,532.6791,522.4492,522.1354,512.8367,501.2019,490.7247,480.6177,479.4712,489.9532,504.3448,521.8122,541.3333,560.8544,559.9817,543.6667,532.4264,524.4443,523.3391,525.8291,528.319,527.5217,518.4233,509.3263,500.5597,493.1936,487.595,494.2908,501.283,512.3078,510.4366,504.3974,498.3553,493.9297,489.6145,485.2993,494.3573,517.2304,542.7571,551.0071,553.3912,555.7753,558.0051,560.1523,566.2353,575.4475,584.9603,594.4731,603.6594,612.4658,615.3993,609.1624,602.3685,594.2946,583.2601,572.1396,563.5041,564.2512,564.9983,566.5057,573.887,581.2682,588.4424,585.3796,594.9876,604.7466,609.7652,614.3996,619.034,603.7604,586.0131,568.6685
462.8518,495.58,510.0202,518.2233,524.6352,535.7591,569.1439,602.5287,621.2543,618.05,616.8662,617.9465,615.1619,613.5476,615.4656,616.9344,617.8748,615.7704,613.872,614.5036,620.5527,626.2263,631.8998,632.0975,632.0568,632.0162,627.5242,622.3286,621.3553,624.2648,628.0254,628.1605,624.7608,620.3831,609.4671,593.4292,576.6975,559.9659,555.8232,565.0832,575.819,586.8047,595.0036,602.7182,607.4727,607.5363,610.6429,620.1848,615.0768,609.9688,604.8608,599.7529,594.3656,582.6083,570.851,559.0936,547.3362,535.5789,523.8216,523.0515,508.6389,490.833,480.3007,472.0953,473.5268,485.2245,499.9873,518.1417,538.5604,558.9791,564.9309,555.2598,543.9924,537.776,536.6769,532.048,527.419,523.1185,519.6476,514.9062,505.9695,498.3056,493.0009,504.1064,516.4612,546.034,527.9312,526.9235,525.9277,516.1517,505.7765,495.4013,511.0041,535.4365,560.7925,566.5967,565.7628,564.9289,566.1917,568.575,571.7585,577.8159,585.7141,593.6122,601.0259,607.8757,611.8683,609.8769,604.9924,596.7584,583.5789,577.6483,572.1758,568.4332,564.6906,561.8812,566.2817,570.6822,574.9702,573.6951,587.0349,600.549,604.0479,606.7352,609.4224,600.8478,588.2847,575.2964
423.6797,479.1363,508.1485,528.1418,529.1072,535.7263,572.2161,608.706,629.2205,625.8363,622.3175,619.6235,619.4012,619.0911,618.7955,619.5792,619.4479,614.0442,609.2674,611.5364,618.5876,625.2968,632.0059,630.5684,628.7765,626.9846,623.9821,620.7882,619.9711,622.9922,626.9896,624.5978,621.4058,619.1168,610.3392,597.7398,585.3684,572.997,569.7959,576.3579,585.6415,595.2993,599.6813,605.3766,611.1271,610.5237,612.8689,621.6378,616.9608,612.2838,607.6067,602.9297,597.9187,585.2897,572.6608,560.0318,547.4028,534.7739,522.1449,514.6339,500.7179,485.2103,476.3927,469.7153,464.9174,476.486,495.959,519.6625,546.1904,572.7183,576.2199,562.3043,554.1389,547.455,542.3918,536.4899,530.588,527.3746,530.9501,531.617,522.3817,514.78,509.6194,521.4374,534.2514,560.9214,553.5766,544.5345,535.4911,524.4992,513.3743,502.2494,512.9603,534.5399,557.7056,565.2953,567.5967,569.8981,569.6036,567.9221,575.865,586.0034,592.5361,599.0689,605.6586,612.3145,615.2849,612.0765,607.7891,597.7208,581.713,585.144,585.9499,576.8446,567.7394,560.1136,563.9174,567.7213,571.6182,580.1205,583.091,585.9955,596.3058,607.2164,618.127,607.4904,593.093,578.858
385.1639,466.6683,512.9841,547.2988,543.7709,545.349,577.7758,610.2025,630.0484,631.0736,629.2667,623.9748,623.3938,622.8989,622.2905,620.2538,618.4533,618.0139,617.1944,613.0579,622.9426,628.5533,634.164,633.3284,632.2123,631.0961,626.0224,620.3231,621.2018,623.665,626.111,629.2783,628.3071,625.1881,617.0044,605.8386,594.8517,583.8648,580.4934,585.2298,594.239,605.356,610.5729,615.7311,618.231,614.6614,612.795,615.4557,613.6172,611.7788,609.9404,608.102,605.8831,594.9844,584.0858,573.1872,562.2886,551.3899,540.4913,521.2839,504.7554,489.1257,475.2151,461.8545,457.8126,471.0139,490.9005,512.0348,534.0021,555.9695,565.3947,560.0306,551.8971,548.0407,547.5286,542.4035,537.2785,533.9468,535.1435,536.7771,538.3359,532.9399,529.6251,540.7864,551.421,554.1504,556.6801,542.3127,527.9338,520.2964,513.1192,505.9419,514.7524,539.0598,566.3001,574.7443,576.8069,578.8696,581.2543,583.8113,587.2639,593.0184,600.1062,607.1939,612.447,615.5649,618.547,619.0134,615.5001,603.8313,584.1707,592.9656,597.7383,587.3243,576.9102,567.9255,569.9825,572.0395,574.1462,578.7122,581.1087,583.4794,595.9893,609.3209,622.6526,609.8583,592.0338,574.288
381.7339,465.1591,513.5889,550.0836,550.8041,555.2438,583.6917,612.1395,629.4329,630.0397,630.044,628.0455,624.1859,621.0924,620.3744,619.5988,618.836,618.1465,617.5152,617.7709,622.7076,629.8304,636.9531,635.1134,632.8837,630.6539,625.4169,619.7044,620.3146,623.6163,627.2531,634.6174,635.4261,632.31,618.1146,605.655,599.5889,593.5228,591.7803,594.6412,600.3764,608.461,614.0363,621.3869,627.8891,623.5936,622.2183,627.9547,623.3762,618.7977,614.2193,609.6408,604.8571,595.391,585.9249,576.4587,566.9926,557.5265,548.0604,524.6314,501.4925,478.9446,464.5726,452.8161,453.468,468.681,488.5233,508.1599,527.6591,547.1583,565.6467,570.3725,560.8837,554.9946,552.3938,546.6885,540.9832,538.5713,544.4754,550.4243,554.7642,551.5145,549.6569,557.4821,563.7234,546.195,528.2407,518.5259,508.8168,507.7213,507.2135,506.7057,521.9739,547.0029,573.6264,579.6599,578.7028,577.7457,578.9768,581.3771,582.5084,585.7575,591.3971,597.0367,604.5435,614.223,619.8137,619.3894,619.2142,610.1573,589.9536,594.2188,596.4424,590.9587,585.4749,580.4547,579.0167,577.5788,576.1724,576.3298,585.4454,594.6679,599.2758,603.5098,607.7438,605.5754,592.5638,577.1484
393.7959,474.2662,517.5963,548.2597,556.7241,567.2174,591.3109,615.4044,629.2758,627.8554,625.7095,623.6543,625.0371,626.6659,628.3375,627.3004,625.8395,621.9359,618.0166,615.2379,635.3732,635.5815,635.7897,633.2037,630.4961,627.7885,622.8031,617.4576,626.519,631.2776,633.6602,638.213,635.871,629.7549,621.8308,613.3302,605.2479,597.1655,593.626,594.9229,601.0159,611.767,619.4879,627.6995,632.3771,626.1748,626.5359,643.1425,637.6118,632.0811,626.5504,621.0197,615.1786,602.2599,589.3411,576.4223,563.5035,550.5847,537.666,516.1306,493.1246,470.1232,459.6179,453.1103,455.8967,472.8289,494.8763,516.4074,537.5939,558.7803,573.9538,575.137,567.3126,566.6093,570.3073,564.4094,558.5117,553.7261,551.7494,552.8732,564.3907,573.4677,581.8257,585.1837,587.6689,576.0227,531.7142,537.0178,542.3557,533.5599,523.7996,514.0392,529.1697,555.3343,582.9886,587.7125,584.651,581.5895,576.2136,569.601,574.3854,583.9638,591.0179,598.0721,606.9324,617.8943,623.6819,622.0201,620.9526,614.1026,601.2936,607.8799,611.5903,604.4418,597.2934,590.6083,587.5026,584.397,581.6418,596.2163,615.803,635.4493,629.2663,620.9898,612.7133,605.2603,593.1038,579.7189
409.6616,484.6245,517.9504,537.0759,556.0916,575.2649,595.1915,615.1182,626.6586,625.6537,625.6299,626.9905,627.121,628.3795,631.0255,625.698,621.1176,620.8417,620.7797,623.2802,630.1724,633.1187,636.0651,634.8104,633.3729,631.9354,628.5848,624.9318,626.8545,632.7031,639.3144,647.1399,645.3438,638.6471,627.4438,617.1985,609.7368,602.2751,601.6745,608.3784,619.4167,632.0568,637.8711,643.8162,646.7444,641.8079,640.658,649.1751,646.1003,643.0256,639.9508,636.876,633.3322,619.0856,604.8391,590.5926,576.3461,562.0995,547.853,518.015,485.5764,453.1592,442.4511,438.688,453.9586,481.4888,510.9947,531.4382,545.8312,560.2242,575.6397,583.4803,581.7736,583.9598,585.2328,575.809,566.3851,559.3219,558.2195,561.0007,576.04,584.7585,593.8137,605.2106,614.7411,596.0494,570.2379,571.4305,572.6417,563.8683,554.4135,544.9588,555.9983,570.7927,585.5612,588.1733,586.658,585.1427,584.8799,585.2864,594.332,602.5757,605.3771,608.1786,613.9669,623.231,629.2329,629.3541,627.8102,623.4555,615.9118,617.0156,617.8057,617.4113,617.0168,616.4211,614.2698,612.1184,610.1946,619.5235,623.8627,628.1425,630.835,633.3989,635.9628,627.7791,614.8117,601.1924
422.5484,491.4266,519.7436,534.2271,564.4302,592.2661,606.1413,620.0165,627.2137,624.4205,624.2544,627.5947,627.1867,627.5747,629.1274,625.7476,622.6231,620.9706,619.804,624.23,634.5817,639.1722,643.7627,641.7766,639.5042,637.2318,630.9781,624.0952,623.1028,628.8904,636.2756,647.5844,649.2623,645.4882,631.4504,621.2008,618.4583,615.7157,618.1984,626.2441,630.7545,633.9199,642.5925,649.6849,651.3706,647.9246,645.0503,643.559,640.0095,636.46,632.9106,629.3611,625.4701,613.7872,602.1042,590.4213,578.7384,567.0555,555.3726,515.8399,478.6207,442.9591,434.6185,435.0182,453.7661,485.0986,518.7258,540.5336,554.4501,568.3666,579.2779,584.551,586.8292,586.78,580.6523,570.0417,559.431,554.0464,561.8584,571.7244,586.5099,591.2393,595.8489,599.6253,602.2053,586.906,573.6796,566.011,558.3462,560.0587,562.4111,564.7635,565.1956,570.0073,575.9333,580.1547,583.7974,587.44,588.8474,589.0603,595.6722,601.8176,604.0331,606.2488,611.4583,620.152,626.9963,629.8059,630.4648,626.9171,616.9395,615.4822,614.0818,612.8962,611.7106,610.9197,613.1774,615.435,617.762,623.5174,630.05,636.5919,636.7734,636.4394,636.1053,631.0913,620.2047,608.0788
448.1685,509.9989,535.5871,548.8148,576.3299,601.7324,614.6281,627.5238,634.5392,632.7577,630.727,629.1079,629.5338,630.4088,630.9935,625.2546,620.5329,621.6731,622.7803,623.9088,631.6699,633.4251,635.1804,632.7701,630.1785,627.5869,624.0759,620.4196,621.4864,626.4901,632.3236,638.2289,636.6679,631.4797,630.233,625.9867,617.7348,609.4828,609.2906,617.6791,622.0963,624.144,631.032,636.7338,638.9217,638.5603,639.0779,641.3681,639.0819,636.7957,634.5095,632.2232,629.465,615.9391,602.4133,588.8874,575.3615,561.8357,548.3098,505.8359,469.6004,435.8209,429.1939,431.2534,454.278,481.9128,507.2003,528.725,547.7372,566.7496,577.7183,580.9944,584.489,583.7703,576.5149,568.4786,560.4424,558.9343,573.9106,590.8251,609.8383,608.4361,606.5402,601.2106,595.2537,579.4485,549.8085,554.7441,559.7037,556.5278,552.7968,549.0657,548.6031,557.5458,568.5536,572.9943,575.2053,577.4163,579.4221,581.3183,584.7468,590.2946,596.6759,603.0573,611.7152,623.0222,629.6288,628.9148,627.7881,621.9823,609.5923,608.1946,606.2851,602.4437,598.6024,595.4782,597.8947,600.3112,602.9378,615.9592,628.8727,641.7849,636.6063,629.9614,623.3167,620.7913,607.1594,590.5147
472.8098,523.9807,551.8666,571.8113,590.2593,607.2682,617.8615,628.4548,633.3739,629.8043,627.712,628.1114,627.5833,627.7358,628.5223,623.7408,619.6931,619.8741,620.3222,623.6213,626.2891,630.2701,634.2512,628.8888,623.1198,617.3508,614.0854,611.2158,615.3771,624.8906,635.4865,639.1254,636.7137,632.7793,627.6407,622.9017,619.0108,615.1198,614.2908,616.7216,620.9003,626.0005,628.7798,633.1037,638.0881,637.0258,637.4733,641.5634,640.1836,638.8038,637.424,636.0442,634.0095,617.0333,600.0572,583.0811,566.105,549.1288,532.1528,489.9512,473.6184,463.886,448.9503,432.35,447.6936,476.9611,506.1613,528.9925,547.5714,566.1502,582.6145,590.8602,592.267,590.6129,582.3287,570.3875,558.4463,555.428,574.9412,594.1895,609.7781,613.6726,616.2285,609.4733,602.3809,589.5459,555.2446,558.4276,561.6365,558.635,555.2097,551.7845,552.5623,566.0126,582.2543,583.4595,579.5594,575.6594,577.0639,581.3029,589.4227,595.7327,598.445,601.1573,608.3292,620.691,631.4445,635.579,632.4875,625.8573,614.7166,613.1409,610.6592,604.7568,598.8544,593.851,595.7917,597.7324,600.157,626.5123,639.4055,652.1382,650.4338,647.5593,644.6848,625.1093,611.2794,599.7591
501.5464,537.1462,568.1229,597.5229,608.2673,617.67,624.3247,630.9794,633.9189,631.3004,628.3492,626.5598,628.8885,631.32,632.3843,627.1392,622.869,624.2162,625.0472,621.0825,630.9781,633.3979,635.8177,630.9222,625.7085,620.4948,614.0446,607.3991,627.3307,636.1722,639.6819,642.6565,639.3312,633.0658,627.6315,623.701,620.4786,617.2561,616.1646,617.3418,618.8893,622.0168,626.8225,631.0331,632.7358,631.3765,634.4077,648.0317,645.7478,643.4639,641.1801,638.8962,635.9113,616.9344,597.9576,578.9808,560.004,541.0272,522.0504,476.8662,473.409,480.0511,469.7853,454.1106,456.245,484.067,520.9694,544.7355,559.7311,574.7268,599.5106,615.8632,612.1471,604.9859,591.5988,576.1263,560.6538,553.5097,567.3958,584.2933,606.0887,603.1974,601.384,607.0684,611.1918,591.701,565.9126,567.8936,569.8938,565.8276,561.3474,556.8672,553.9038,563.851,576.7648,578.4876,576.4109,574.3344,574.8826,576.8333,582.8346,590.3771,596.8929,603.4088,612.5219,624.6572,633.372,635.4083,634.8167,628.8028,614.7333,612.2647,609.2191,603.9948,598.7704,594.4492,597.1047,599.7603,602.9209,631.0596,644.4435,657.6516,656.9742,655.1716,653.3689,638.9198,625.8175,613.7067
514.9742,546.0432,574.444,601.9347,608.052,613.6096,620.5678,627.526,630.575,627.7758,625.1051,622.9365,621.3349,621.5986,625.5775,621.6824,618.9261,622.7317,626.314,627.871,636.2591,640.7374,645.2156,638.4285,631.1511,623.8738,621.3461,619.5693,630.2009,642.3414,654.0043,653.2791,647.9225,642.8269,632.2488,628.6658,632.7059,636.746,636.3027,631.0862,633.766,642.4844,643.6589,646.3315,649.5857,646.8342,643.7782,640.5305,640.5572,640.5839,640.6105,640.6372,639.9052,621.8642,603.8233,585.7823,567.7415,549.7005,531.6595,496.3303,474.0257,455.2177,462.5444,478.2318,484.5753,505.3119,535.4612,559.8632,580.4279,600.9925,608.7038,610.7128,620.4061,619.0421,602.3463,586.5958,570.8452,565.5212,586.5255,605.4393,614.0596,610.2161,607.0392,608.5,609.8615,608.839,579.7675,582.4531,585.1608,575.2926,564.5663,553.8399,556.403,572.3069,590.7568,592.905,589.5185,586.132,583.1869,580.4776,587.6992,597.2465,603.1213,608.996,617.2011,628.118,638.5667,644.2294,642.865,637.6161,626.9056,625.3315,622.7361,616.2844,609.8327,604.402,606.8596,609.3171,612.5477,654.0132,654.6154,654.7305,652.2634,649.5872,646.9109,645.9553,635.9266,623.5217
494.7094,523.3704,561.3181,602.4329,608.2538,613.2427,620.9731,628.7036,634.0748,635.9167,635.596,632.3548,632.1215,633.1613,635.7605,629.3364,624.0305,625.1688,626.2249,627.0681,639.7756,644.17,648.5643,643.9785,639.0018,634.0251,630.0536,626.2411,629.9103,639.6061,650.5536,655.1056,653.242,649.5657,643.6134,637.479,632.2666,627.0542,628.682,637.5922,636.548,629.9184,635.9753,640.3038,641.6082,644.2128,649.1321,658.1376,652.7609,647.384,642.0072,636.6304,630.6777,611.5889,592.5001,573.4113,554.3224,535.2336,516.1448,489.7198,467.716,446.9545,456.0004,474.582,491.0916,507.4422,524.1757,543.018,563.2683,583.5186,591.7359,594.1708,603.3054,600.1184,587.4621,588.3655,589.2689,592.4475,601.3716,612.3952,627.2153,626.4656,625.1489,619.8878,614.717,610.6138,597.5613,590.2284,582.8995,579.5115,576.3925,573.2735,589.3748,601.3268,611.4521,609.2988,602.9766,596.6545,596.556,599.783,601.8973,603.843,606.2734,608.7039,615.8458,628.4705,640.5603,647.5689,647.2155,642.4526,631.6442,631.6185,629.7908,621.1598,612.5287,605.8142,613.9052,621.9962,630.8381,676.8203,667.4879,657.496,656.3955,656.0156,655.6357,644.697,634.7222,625.5349
