0,1,2,3,4,5,6,7,8,9,10,11,12,13,14,15,16,17,18,19,20,21,22,23,24,25,26,27,28,29,30,31,32,33,34,35,36,37,38,39,40,41,42,43,44,45,46,47,48,49,50,51,52,53,54,55,56,57,58,59,60,61,62,63,64,65,66,67,68,69,70,71,72,73,74,75,76,77,78,79,80,81,82,83,84,85,86,87,88,89,90,91,92,93,94,95,96,97,98,99,100,101,102,103,104,105,106,107,108,109,110,111,112,113,114,115,116,117,118,119,120,121,122,123,124,125,126,127
406.5203,410.1011,385.9694,299.3321,292.0216,377.9157,326.4477,263.0229,377.9859,430.5055,431.4706,451.6436,451.0359,459.7395,459.0251,436.5129,425.428,430.3089,429.8047,419.2469,406.3262,410.2936,405.7774,399.1617,412.3027,406.7206,400.4336,387.3647,355.716,295.9343,325.3538,333.0309,307.9016,343.394,389.6909,372.1555,408.5078,436.7973,426.2389,425.0117,407.6974,400.7746,386.5997,377.8241,428.8428,466.6893,464.2064,450.1406,441.0704,443.534,421.8266,409.8619,401.3056,410.896,406.8772,371.1862,348.4118,343.2739,324.1367,326.0574,345.1232,353.8115,394.0651,461.3579,474.7974,482.9204,485.148,373.4319,239.8782,245.8334,192.8058,325.6572,359.9802,371.0795,410.1325,428.1052,447.661,466.6852,467.3973,461.8526,457.9148,462.7059,479.5346,500.0351,503.9351,466.4559,463.9814,460.2317,458.1998,444.5757,416.5149,401.7587,392.3105,392.5345,386.9714,347.3738,308.7142,304.7406,347.6032,378.2411,318.5641,273.7485,353.0813,427.2491,441.776,498.2964,526.4476,503.3457,470.0782,436.6389,414.0609,424.7878,409.222,382.8233,370.9892,388.4755,422.7402,487.3856,534.2344,530.5363,548.1122,560.8912,570.6239,566.3608,559.6122,556.2645,538.4091,525.3758
369.0197,382.3419,360.6832,278.1341,266.8361,340.0109,296.2147,243.1875,338.8693,395.8311,412.2928,433.5767,429.8394,432.7382,430.5094,404.8166,385.2505,379.6814,375.5421,377.6057,367.6117,365.7227,355.4001,358.5786,371.7196,368.9139,360.8595,339.0049,314.4742,258.5281,272.952,291.6867,289.3795,333.9621,380.8664,361.0079,391.5544,418.2796,416.7093,416.795,398.1674,384.8815,366.4644,365.2127,417.3947,459.3835,461.6978,445.157,438.157,441.3781,430.1232,419.4708,403.9957,407.3245,411.2338,382.1059,350.8471,334.2461,311.2201,303.1426,319.9871,338.5724,379.635,449.4035,463.8528,473.2886,459.5104,335.674,219.9402,233.3173,206.796,336.9729,334.7437,357.4549,381.6153,398.0232,422.8802,436.1999,434.4888,428.2374,428.2876,440.3477,460.8615,477.1218,475.2672,469.6389,472.565,466.3919,463.9054,462.4454,427.1158,400.5988,392.2608,392.3836,392.7761,381.443,341.8242,318.1158,352.9533,399.5907,343.1943,257.9003,280.0485,363.806,405.6383,478.3098,511.5084,495.3719,453.2213,415.3908,399.5258,418.3792,410.2838,385.3996,364.8839,365.7134,398.6156,468.0569,530.5545,535.2363,549.6328,560.9486,567.956,566.5709,561.5897,560.4638,540.3369,529.5758
359.2839,365.9749,350.6076,281.5245,253.0737,307.3278,300.1927,251.6374,305.0962,371.4791,400.8712,424.5791,425.3801,426.1093,424.8407,398.259,370.6398,362.6558,356.7148,365.0443,360.1478,354.6024,343.4543,350.3776,360.3105,355.6976,347.2213,320.8889,305.9531,260.2914,258.8639,291.957,285.9178,323.1798,386.6429,376.0435,382.9063,408.3419,413.1624,414.5001,394.8651,381.084,363.162,358.4631,403.067,449.4421,457.8682,443.376,438.3546,441.5999,434.5023,425.5906,405.9475,401.4254,410.0845,386.5121,351.9035,330.8071,304.5341,298.2851,315.5057,331.7339,371.191,439.0041,454.7996,467.9013,441.295,303.5058,218.1811,221.5945,240.5246,340.1602,325.3636,359.7787,372.7427,386.1192,413.6192,422.6703,420.7968,418.6961,416.8073,431.3097,456.15,473.7911,467.9535,473.6781,475.9259,471.6368,470.895,473.5347,433.3188,417.4926,413.5942,414.3488,418.0698,419.2396,392.7122,367.8402,372.7516,396.5657,334.6529,269.8481,274.2146,339.5825,384.1923,449.6172,487.3435,492.3757,432.6669,411.5829,409.9146,425.073,420.538,402.9721,385.5356,379.6974,389.5175,484.0992,531.3608,538.3125,547.0545,557.0289,561.4022,562.467,557.3587,551.4274,521.1157,508.1656
367.6615,357.0401,350.4551,300.956,246.7635,278.0513,326.4891,278.54,274.809,353.861,394.5093,421.4982,431.8398,432.7709,434.077,408.1014,372.7083,367.5515,361.0048,371.4539,373.0712,365.3047,356.5805,363.302,367.934,358.5235,350.5032,322.5034,318.7784,287.6082,269.7709,319.3758,292.2811,311.5167,401.9446,408.1607,379.6765,404.0016,413.5187,416.0685,395.6256,385.1776,370.8409,355.5376,386.8605,437.7812,453.1769,443.6841,440.5816,443.373,436.3257,429.4343,407.4175,394.0077,405.3434,386.6691,352.0603,331.0142,301.9128,305.2078,324.4989,330.3757,366.6522,429.6191,446.9803,465.2831,427.9216,274.9841,228.2815,210.3891,287.1301,338.0449,326.3279,372.5068,376.6861,386.0742,414.4831,420.2022,419.6412,424.8602,417.1656,430.9613,460.5468,483.2357,474.5708,478.2759,475.8795,476.2845,478.7223,480.2007,436.653,446.1645,448.8776,450.7421,456.0778,459.4678,455.1983,441.2783,401.9755,377.6392,304.4709,299.9294,312.2198,340.9449,372.3309,415.2449,457.1601,492.6268,409.7006,419.1526,436.5633,440.3146,436.7892,430.3279,423.6429,417.6538,390.2225,523.217,535.0939,540.3292,541.8022,550.5146,552.3135,555.5489,549.0776,533.7564,488.0975,470.048
402.539,392.7824,390.6515,342.9699,280.6821,304.096,360.0082,309.2991,295.4834,373.5403,407.8826,430.1083,442.347,446.0145,449.7971,428.6224,397.3398,393.3301,387.7014,393.4005,397.5895,393.2361,387.1346,392.5778,393.4881,388.9551,388.4201,356.3348,340.8466,329.7175,305.1035,330.6948,325.2588,332.1144,395.9371,419.8515,389.1318,405.5393,421.3056,417.2918,390.0273,379.819,369.678,363.1868,401.4345,445.0021,449.8069,443.8423,443.8207,443.9127,441.2238,433.6964,410.2237,391.3399,396.5839,382.6647,352.8565,328.6665,299.5049,297.3039,314.7728,318.5246,345.0909,397.7224,419.1229,440.4243,416.2616,271.4273,239.1309,217.1656,288.2378,331.0842,320.6886,370.844,375.4423,385.1814,407.7395,406.8154,406.3112,417.549,417.3625,431.5705,463.5952,488.0211,481.9411,489.9096,489.3571,489.9482,492.0886,492.8299,462.7519,471.8627,475.2609,476.7709,483.1473,488.5947,488.6801,478.6735,442.9163,418.8474,369.1496,366.9975,370.8646,387.2,410.486,445.0738,481.5463,505.6958,425.7885,440.4073,462.3169,467.9589,465.247,460.6299,455.5958,452.2995,400.9554,520.8629,527.9874,534.0928,538.3858,546.6838,551.7729,556.1935,551.4483,540.4289,497.8523,481.3462
440.2079,433.2308,435.0979,387.3625,318.838,335.9679,394.288,340.4644,321.5257,397.1481,423.3346,439.9498,453.2807,459.9514,466.2001,450.2684,424.3479,421.3084,416.7582,416.9837,423.3292,422.9824,419.5244,423.5759,420.9309,422.2945,429.9851,393.5597,363.8885,373.385,343.009,340.318,361.0398,356.1102,387.6849,429.3908,399.9234,407.6962,429.8753,418.4786,383.7593,373.4648,367.5838,371.9498,419.2508,454.2118,446.5762,443.9846,447.1664,444.3225,446.4458,438.0025,413.1705,389.1725,387.4012,378.222,353.7201,326.0498,297.1195,287.8383,303.0749,305.5682,321.7365,363.4544,389.1547,413.223,404.7821,270.5002,250.0592,225.8362,284.553,323.6131,314.3538,367.6652,373.6522,384.1993,400.1945,392.2785,391.6989,408.8183,417.5424,432.2806,466.5014,492.3157,489.3906,502.2844,504.2592,504.5615,506.0383,506.0871,491.2487,497.2477,500.7068,501.708,509.0647,516.5522,519.1068,512.2723,485.0912,466.3899,443.8203,437.9616,431.6835,438.1838,453.9095,481.6653,511.6806,520.1148,445.9903,463.1035,487.9762,496.9095,494.9907,491.2423,486.9004,486.5965,412.7444,514.1404,519.7393,526.9871,535.1627,543.1357,552.1329,557.6348,554.941,549.6655,512.1124,497.8495
477.8768,473.6792,479.5443,431.7552,356.994,367.8398,428.5678,371.6298,347.568,420.756,438.7865,449.7913,464.2144,473.8883,482.6031,471.9143,451.356,449.2868,445.8149,440.5669,449.0688,452.7286,451.9142,454.5741,448.3737,455.6339,471.5502,430.7847,386.9303,417.0525,380.9145,349.9412,396.8209,380.1061,379.4328,438.9301,410.715,409.853,438.445,419.6655,377.4912,367.1106,365.4895,380.7128,437.067,463.4216,443.3455,444.1269,450.512,444.7324,451.6678,442.3087,416.1174,387.005,378.2184,373.7793,354.5836,323.433,294.734,278.3727,291.377,292.6118,298.3821,329.1864,359.1865,386.0216,393.3026,269.5731,260.9875,234.5069,280.8682,316.1421,308.0189,364.4865,371.8621,383.2172,392.6495,377.7415,377.0865,400.0877,417.7222,432.9906,469.4077,496.6103,496.8401,514.6592,519.1612,519.1749,519.988,519.3443,519.7455,522.6326,526.1526,526.6451,534.9821,544.5098,549.5334,545.871,527.2661,513.9324,518.491,508.9258,492.5024,489.1675,497.333,518.2567,541.8149,534.5339,466.192,485.7997,513.6355,525.8602,524.7343,521.8547,518.2049,520.8935,424.5336,507.4178,511.4911,519.8813,531.9396,539.5876,552.4928,559.076,558.4337,558.9022,526.3726,514.353
494.7103,493.4318,501.3922,454.7141,377.7418,382.5872,449.2993,403.7218,362.2524,422.9161,447.834,459.6016,470.4593,478.1483,486.5826,479.7885,465.7827,464.4924,466.7305,458.2888,466.8531,471.5902,471.7363,472.3175,464.8249,471.6106,486.8639,441.9784,408.3424,444.7321,410.5721,368.8243,411.7103,392.2813,384.3581,448.2627,413.9458,410.2229,439.8092,423.2232,385.1888,375.1798,372.8802,387.7429,439.0664,463.5547,441.4211,443.6971,449.5039,442.7302,449.8904,441.303,421.7437,397.9887,387.0073,378.5499,362.3418,331.8532,307.9643,290.9798,299.3735,298.642,298.4021,335.6469,362.6889,385.4104,391.8511,290.9939,280.5166,256.6703,297.839,324.8755,308.8566,370.3657,384.3986,398.0367,405.0599,390.3951,389.7026,409.5534,426.3543,445.8869,478.6133,502.1652,503.6727,520.0009,526.2974,526.582,527.2065,524.7687,533.3627,533.2697,537.067,537.2586,545.1183,553.9321,559.3869,558.846,546.8386,534.8513,550.5335,546.0759,526.2448,514.7527,513.1078,526.8223,550.1905,542.7328,482.5293,498.7837,527.5061,539.7293,538.4979,535.7028,533.2533,537.2134,453.6998,500.9956,506.7255,518.7283,531.5967,539.4533,552.7403,559.6755,559.1306,559.9645,537.6917,529.9744
491.0176,492.7957,500.9766,456.5575,381.3397,380.4643,456.6834,436.7269,365.7475,403.9466,450.5721,469.3812,472.0852,472.875,478.3231,474.0953,467.8144,467.1147,479.6256,470.2365,476.8,479.7288,479.1772,477.003,470.4475,470.4822,476.3156,427.5272,428.1488,456.6613,432.1042,396.8299,406.0179,392.8112,402.2655,457.3916,409.7279,408.8324,434.0749,429.1165,406.6448,397.4586,389.6149,393.0658,425.4836,454.7457,440.7836,442.7037,444.2065,438.3517,441.2176,435.0641,430.0097,421.9283,413.5013,392.3971,376.8922,351.1468,336.5787,325.3321,326.7722,323.3771,321.4496,382.2315,399.1653,410.9951,400.2789,334.4309,308.519,292.1265,335.1589,349.573,316.7603,385.1686,411.0492,428.4233,437.1295,429.8358,429.1434,436.9454,443.3134,470.7887,494.0247,508.9616,509.8974,518.4136,525.7828,526.89,527.7936,522.4766,532.3209,529.3774,533.6655,533.7612,539.7078,545.0943,548.9725,551.5034,544.1442,529.5417,540.5804,549.9135,533.3123,515.3162,501.6442,507.7779,537.1301,544.8039,495.0597,502.1996,529.7629,538.7408,536.5184,533.0353,532.2867,535.8229,499.9855,494.8691,505.3908,523.4399,534.0911,542.6823,552.877,559.4458,557.0731,552.9737,546.1132,544.7269
487.3249,492.1596,500.561,458.4008,384.9375,378.3414,464.0674,469.732,369.2426,384.9771,453.3102,479.1608,473.7111,467.6017,470.0635,468.4022,469.8461,469.7371,492.5207,482.1842,486.7469,487.8673,486.618,481.6884,476.0702,469.3538,465.7672,413.076,447.9553,468.5904,453.6363,424.8355,400.3255,393.3411,420.1728,466.5205,405.51,407.4418,428.3406,435.0099,428.1008,419.7374,406.3496,398.3887,411.9007,445.9367,440.1462,441.7103,438.9091,433.9732,432.5447,428.8253,438.2758,445.868,439.9952,406.2444,391.4426,370.4403,365.1931,359.6844,354.171,348.1123,344.4972,428.8161,435.6417,436.5797,408.7068,377.8679,336.5213,327.5826,372.4789,374.2705,324.6641,399.9716,437.6998,458.81,469.1991,469.2765,468.5842,464.3374,460.2724,495.6904,509.4362,515.758,516.1221,516.8265,525.2682,527.1979,528.3808,520.1845,531.2791,525.4852,530.2639,530.2637,534.2972,536.2565,538.5581,544.1606,541.4496,524.2321,530.6273,553.7511,540.3798,515.8796,490.1805,488.7335,524.0698,546.875,507.5901,505.6156,532.0198,537.7523,534.539,530.3678,531.3201,534.4324,546.2711,488.7426,504.056,528.1515,536.5854,545.9111,553.0137,559.2161,555.0157,545.9829,554.5348,559.4794
485.2103,490.6468,497.7281,453.7764,383.6238,392.072,473.0533,456.7776,373.443,404.3734,459.7003,480.9082,479.809,473.659,473.5591,472.9126,472.2326,470.8205,486.2113,477.7935,482.262,485.0861,481.6439,474.7738,477.9261,473.6848,465.9466,428.7584,444.7826,446.6548,452.7912,424.2509,392.4846,406.2144,413.3746,438.2108,417.6361,403.9034,409.7169,430.6348,422.7112,416.0227,407.8075,403.6742,424.4583,455.423,449.318,450.9961,447.6653,444.7364,446.0517,440.5916,446.3812,456.1934,449.5023,413.5648,391.901,373.7622,371.1348,368.9069,369.7653,373.1821,376.3171,443.085,450.5482,455.5781,436.347,401.808,359.9986,362.3195,338.7714,374.1158,346.3457,387.8967,422.3633,456.6958,478.1381,481.1364,480.4005,476.766,473.5853,498.7517,508.692,515.0455,517.1065,518.1422,524.9548,526.4217,527.2908,521.6864,531.2911,527.2833,531.1255,533.0844,534.0399,530.9957,530.7368,534.2154,535.8023,530.5904,535.8732,546.4919,541.9107,523.2347,496.4035,505.3542,530.6761,532.5104,513.1089,513.8911,527.1966,535.7433,532.4182,530.4178,533.8714,537.4656,537.1039,487.4958,502.14,518.8628,534.4348,549.1395,552.9554,556.1519,557.2319,546.5056,551.1783,557.9691
483.1735,489.0908,494.7761,448.833,382.0679,406.5842,482.1182,441.5573,377.6782,425.6613,466.2704,482.2595,486.1274,480.275,477.6342,477.9262,474.6366,471.8281,478.955,472.5972,477.0654,481.7664,476.0577,467.2874,479.5962,478.285,466.6548,445.9267,440.4768,423.0494,450.8428,422.2566,384.5377,419.6963,405.3583,408.0551,430.568,400.2591,390.4577,425.7534,415.9978,411.0263,408.5121,408.9579,438.3046,465.8114,458.9735,460.7888,457.1144,456.246,460.6522,453.2458,454.4786,465.8475,458.1718,420.5635,391.6646,376.2965,375.9586,376.8904,384.7777,398.2685,408.5696,455.7606,464.3911,474.2517,464.9345,424.7868,383.2529,397.0209,301.5619,372.7357,368.7067,374.4966,404.9565,452.9791,485.9366,491.6364,490.8549,488.4568,486.7185,500.7362,507.1512,513.9628,517.8325,519.601,524.6512,525.592,526.1181,523.3754,531.3551,529.3621,532.1974,536.2166,534.0365,525.9113,523.0434,524.1418,530.0093,537.524,541.8686,538.6857,543.1686,530.9246,503.4985,523.7335,538.2523,517.3354,518.282,522.4061,522.0244,533.6841,530.2903,530.6018,536.5961,540.7169,525.2025,486.4896,500.1953,508.8838,532.0552,552.3679,552.8875,552.9478,559.6588,547.3986,547.2413,555.657
481.1367,487.5349,491.824,443.8896,380.5121,421.0964,491.1831,426.3369,381.9135,446.9492,472.8405,483.6109,492.4458,486.8909,481.7093,482.9398,477.0406,472.8356,471.6988,467.4009,471.8689,478.4467,470.4716,459.8009,481.2664,482.8853,467.3631,463.0949,436.171,399.444,448.8944,420.2623,376.5908,433.1782,397.3419,377.8995,443.4999,396.6148,371.1985,420.872,409.2845,406.03,409.2167,414.2416,452.151,476.1998,468.629,470.5814,466.5636,467.7557,475.2527,465.9,462.5761,475.5016,466.8413,427.5622,391.4283,378.8309,380.7825,384.8738,399.79,423.3548,440.8221,468.4362,478.2341,492.9254,493.522,447.7655,406.5071,431.7224,264.3523,371.3557,391.0676,361.0965,387.5497,449.2625,493.7351,502.1364,501.3093,500.1476,499.8517,502.7207,505.6104,512.8801,518.5586,521.0599,524.3477,524.7624,524.9454,525.0645,531.4191,531.4408,533.2692,539.3488,534.0332,520.8269,515.35,514.0683,524.2164,544.4575,547.864,530.8794,544.4266,538.6145,510.5936,542.1128,545.8283,502.1605,523.4551,530.9211,516.8522,531.6248,528.1625,530.7858,539.3209,543.9681,513.3011,485.4834,498.2506,498.9048,529.6755,555.5962,552.8196,549.7438,562.0857,548.2917,543.3041,553.345
479.2558,485.7849,488.0282,439.3393,381.6467,435.5986,497.0719,412.7053,386.9258,464.5247,478.0143,484.438,496.955,492.0373,485.3559,486.9978,478.5468,473.3133,466.1083,463.5444,467.8411,475.5287,465.7448,453.3773,480.5118,485.045,468.1035,476.0162,432.8092,381.5143,443.7835,417.4925,370.4556,439.0797,388.675,352.6081,448.9021,392.5447,355.3629,415.0158,403.0939,400.7869,407.9328,416.757,461.6683,483.2866,475.3842,477.6518,473.4704,475.965,485.4781,475.0878,468.4872,481.986,473.2894,434.1203,390.427,379.8488,385.3006,392.1239,411.9444,442.6222,465.3699,477.4818,489.564,507.2197,514.8657,465.5423,425.556,459.0886,242.7283,373.3783,407.4709,350.5586,374.2428,445.712,498.359,509.0721,508.548,508.4497,509.3901,503.9766,504.4837,511.9706,518.751,521.8508,523.7692,523.3849,523.3179,525.8214,530.3015,531.2993,531.9284,538.9625,531.4212,514.8392,507.3358,504.3665,517.415,545.039,545.8019,518.6385,540.3033,541.4046,514.0925,552.3934,547.2609,488.0811,524.0313,532.3394,507.452,524.2324,521.8634,527.3462,537.8853,542.1141,500.2585,482.0115,494.431,489.3129,526.1906,556.1357,550.7299,545.4395,562.0068,548.0228,539.381,549.9859
477.9863,483.2744,480.9248,436.3295,393.3282,450.0614,490.5102,405.302,394.9841,467.5479,477.7138,483.2103,494.372,491.4225,487.3228,487.3099,476.5337,471.7137,467.0477,464.9402,468.3951,474.1852,464.3869,451.1207,470.252,477.638,468.9703,472.2893,433.1481,385.8337,426.2756,411.6825,371.4223,415.2656,377.458,346.3843,424.7875,386.8054,352.9479,405.3387,398.9523,394.5765,398.8544,408.4204,454.2154,477.4312,470.7701,474.0506,470.4113,471.2367,478.5524,470.6877,465.8277,476.0449,471.0294,438.9515,386.4276,374.9221,388.6202,396.4992,412.8956,439.0791,459.7153,472.298,491.0426,504.3471,507.813,462.9272,428.12,457.7007,282.2001,388.7393,400.5202,351.2407,377.0076,442.8129,490.5382,502.0361,503.1812,503.4683,504.8369,502.3764,504.9807,511.7403,516.8519,520.0231,522.1129,519.8602,519.9075,522.9246,524.5521,522.4548,521.1299,524.7837,518.5834,505.3107,498.0642,496.122,506.6601,520.7197,512.1546,489.0135,515.0858,524.9875,503.4949,530.9272,524.6108,478.2965,506.5872,505.9378,481.4783,495.9335,499.2127,509.7018,520.1409,520.2474,482.7419,468.8738,483.2615,481.2384,518.3726,546.1351,540.7147,536.822,552.1052,543.1992,535.5129,542.5228
476.7168,480.7639,473.8215,433.3197,405.0097,464.5242,483.9484,397.8987,403.0425,470.571,477.4133,481.9825,491.789,490.8078,489.2898,487.6221,474.5207,470.1142,467.9871,466.3359,468.949,472.8418,463.029,448.864,459.9922,470.231,469.8371,468.5624,433.4871,390.153,408.7677,405.8726,372.3889,391.4515,366.241,340.1605,400.6729,381.0661,350.533,395.6616,394.8106,388.3662,389.7759,400.0839,446.7625,471.5759,466.156,470.4494,467.3523,466.5083,471.6268,466.2875,463.1682,470.1039,468.7693,443.7827,382.4281,369.9953,391.9397,400.8745,413.8468,435.536,454.0608,467.1142,492.5212,501.4744,500.7605,460.312,430.684,456.3127,321.6719,404.1003,393.5694,351.9227,379.7724,439.9138,482.7174,495.0001,497.8145,498.4869,500.2837,500.7763,505.4777,511.5099,514.9526,518.1954,520.4567,516.3354,516.497,520.0278,518.8027,513.6103,510.3315,510.6049,505.7455,495.7822,488.7925,487.8774,495.9053,496.4005,478.5072,459.3885,489.8682,508.5705,492.8973,509.461,501.9607,468.5118,489.1431,479.5363,455.5045,467.6347,476.562,492.0575,502.3965,498.3806,465.2255,455.7361,472.0919,473.164,510.5545,536.1344,530.6995,528.2045,542.2036,538.3755,531.6448,535.0597
475.4473,478.2534,466.7182,430.3099,416.6912,478.987,477.3867,390.4954,411.1009,473.5941,477.1129,480.7548,489.206,490.1931,491.2568,487.9342,472.5076,468.5146,468.9265,467.7316,469.503,471.4983,461.6711,446.6073,449.7325,462.824,470.7039,464.8355,433.826,394.4724,391.2598,400.0627,373.3556,367.6375,355.0239,333.9367,376.5584,375.3268,348.118,385.9844,390.669,382.1558,380.6974,391.7474,439.3096,465.7206,461.542,466.8482,464.2932,461.7799,464.7012,461.8873,460.5087,464.1628,466.5093,448.614,378.4286,365.0686,395.2593,405.2498,414.7979,431.993,448.4062,461.9304,493.9998,498.6018,493.7079,457.6969,433.2479,454.9248,361.1437,419.4613,386.6187,352.6048,382.5371,437.0148,474.8966,487.9641,492.4477,493.5056,495.7304,499.1762,505.9747,511.2795,513.0535,516.3678,518.8004,512.8107,513.0865,517.131,513.0533,504.7657,499.533,496.426,492.9077,486.2537,479.5209,479.6329,485.1505,472.0812,444.8598,429.7635,464.6507,492.1535,482.2997,487.9947,479.3106,458.7271,471.699,453.1347,429.5307,439.3359,453.9114,474.4131,484.6521,476.5139,447.709,442.5983,460.9224,465.0895,502.7365,526.1337,520.6843,519.5869,532.3021,533.5518,527.7766,527.5966
474.1778,475.743,459.6149,427.3001,428.3727,493.4498,470.825,383.0921,419.1593,476.6173,476.8124,479.527,486.623,489.5784,493.2237,488.2464,470.4946,466.9151,469.8659,469.1273,470.0569,470.1548,460.3133,444.3506,439.4727,455.417,471.5707,461.1086,434.1649,398.7917,373.7519,394.2527,374.3222,343.8234,343.8069,327.713,352.4438,369.5876,345.7031,376.3073,386.5274,375.9454,371.6189,383.4109,431.8568,459.8652,456.9279,463.247,461.2341,457.0516,457.7756,457.4872,457.8492,458.2217,464.2493,453.4452,374.4292,360.1419,398.5788,409.6251,415.7491,428.4499,442.7516,456.7466,495.4784,495.7292,486.6553,455.0818,435.8119,453.5368,400.6155,434.8223,379.6679,353.2869,385.3019,434.1157,467.0757,480.928,487.081,488.5242,491.1772,497.5761,506.4717,511.0491,511.1543,514.5402,517.144,509.2859,509.6761,514.2343,507.3038,495.9212,488.7345,482.2472,480.0698,476.7251,470.2493,471.3883,474.3957,447.762,411.2124,400.1385,439.4331,475.7364,471.7021,466.5285,456.6605,448.9425,454.2549,426.7331,403.557,411.037,431.2607,456.7687,466.9077,454.6472,430.1924,429.4606,449.7529,457.015,494.9185,516.133,510.6692,510.9694,522.4005,528.7281,523.9085,520.1335
472.9083,473.2325,452.5115,424.2903,440.0542,507.9126,464.2633,375.6888,427.2177,479.6404,476.5119,478.2993,484.04,488.9637,495.1907,488.5585,468.4815,465.3156,470.8053,470.523,470.6109,468.8113,458.9554,442.094,429.213,448.01,472.4375,457.3817,434.5038,403.1111,356.244,388.4427,375.2889,320.0093,332.5898,321.4892,328.3292,363.8483,343.2881,366.6301,382.3857,369.735,362.5404,375.0743,424.4038,454.0099,452.3138,459.6458,458.175,452.3232,450.85,453.087,455.1897,452.2807,461.9893,458.2764,370.4297,355.2152,401.8984,414.0004,416.7003,424.9068,437.097,451.5629,496.957,492.8565,479.6028,452.4666,438.3759,452.1489,440.0872,450.1833,372.7171,353.969,388.0667,431.2166,459.2549,473.892,481.7142,483.5428,486.624,495.976,506.9687,510.8188,509.2551,512.7125,515.4877,505.7612,506.2656,511.3374,501.5544,487.0767,477.9359,468.0684,467.232,467.1966,460.9776,463.1438,463.6408,423.4427,377.5651,370.5135,414.2155,459.3194,461.1045,445.0623,434.0103,439.1578,436.8108,400.3316,377.5832,382.7382,408.61,439.1244,449.1633,432.7804,412.6759,416.3229,438.5833,448.9406,487.1006,506.1323,500.654,502.3519,512.4988,523.9045,520.0403,512.6704
470.0925,468.1016,443.7055,418.4665,441.7977,510.8221,458.11,370.1554,432.9183,484.1383,476.4583,476.1381,480.7437,487.6675,495.9325,487.3327,464.7899,461.7536,468.6578,468.5082,468.0381,466.9699,457.5319,439.2068,425.1743,447.567,473.6369,453.4888,433.9843,406.7391,347.1807,378.3021,378.2409,315.5852,320.3712,317.2825,315.209,346.2684,338.2986,351.7493,376.1021,366.0647,358.7641,369.0684,415.855,450.6452,451.4877,457.9411,457.6757,450.465,445.0224,447.7871,452.8031,449.1328,458.4476,455.8116,365.3126,348.038,398.6964,416.0989,418.8288,424.5546,435.0737,450.1457,495.7108,490.8536,477.0143,454.334,440.0981,453.9807,450.224,429.4241,363.7014,346.3918,380.2911,421.1383,452.6984,470.2503,477.3464,479.982,483.173,491.2207,503.7137,509.2634,506.007,508.0743,511.737,504.0702,505.7498,508.2478,495.4264,481.5005,473.0288,461.7939,462.813,465.1055,460.862,462.8934,459.5964,403.2797,357.8606,356.4864,395.183,439.7966,449.1357,432.8708,422.6057,429.2671,401.1114,375.9112,362.7727,369.6632,397.7778,430.4102,441.8954,427.3286,412.9617,416.163,437.5272,452.8389,486.7518,500.5215,495.5885,498.647,506.8575,520.1052,518.1329,507.8525
461.6928,455.0813,432.4008,405.2424,407.7577,471.0753,455.7242,374.3904,429.7011,493.5934,478.665,471.8954,476.1419,484.8032,492.5431,481.6187,457.4049,453.0159,456.4057,454.9463,454.6335,463.5064,456.5518,435.9348,444.876,471.2751,475.0796,450.7378,432.0615,408.6297,373.1638,358.0805,387.596,383.2132,314.3546,323.0443,344.8186,290.2698,328.1693,322.7574,363.0676,372.7093,375.7856,373.7454,403.4416,457.8536,465.4985,464.2971,466.7984,459.619,445.0973,440.997,451.8294,456.7443,451.101,425.9651,358.9371,336.9887,373.5092,408.5998,423.4932,434.5246,445.3526,464.1356,485.3869,492.5946,490.7719,472.4085,440.4277,465.969,359.8792,294.8431,346.9455,312.9459,338.5926,388.133,450.5899,478.3184,477.6699,482.9848,484.5524,476.6998,488.216,503.3433,498.7386,494.3334,501.4075,508.8663,514.7413,505.0764,490.3044,489.9818,491.6887,486.8024,490.3833,491.1667,494.7878,492.4445,482.3288,409.2501,397.6978,407.9613,405.3534,415.456,436.8198,458.5209,455.6118,422.9277,309.4888,366.7808,394.6452,416.63,433.3059,456.775,475.5726,484.8666,481.0046,466.4936,474.6775,500.5299,514.527,513.45,511.0112,514.8608,518.9001,521.8708,524.1768,515.5175
458.5832,458.0477,443.2119,413.971,408.1849,466.6812,462.1701,385.686,432.7522,496.3589,486.1373,476.6005,479.6487,488.2528,494.6518,485.924,466.3318,459.5179,459.3701,456.4842,453.9745,462.5336,458.8313,443.2641,448.9814,466.7072,471.1108,456.3268,440.6464,416.2733,390.5653,377.4796,386.7375,393.5678,355.5813,333.8845,350.3233,294.1485,345.4012,332.4568,361.7531,375.7604,382.0325,380.5631,395.1929,463.587,471.7171,469.5742,468.8514,461.8434,450.0612,445.1335,451.8286,457.7994,451.8139,416.4627,368.7812,352.6255,377.6184,402.7507,416.4745,428.2194,439.5897,473.2956,487.7846,494.0509,490.2597,475.2347,450.9863,460.3781,394.2336,357.9858,335.9907,325.416,351.4336,393.0709,443.6304,472.3293,479.4127,487.5237,485.9529,480.2401,491.3855,503.831,499.8824,494.878,502.6369,506.7862,509.6086,505.3071,497.068,497.3444,500.4204,496.9889,496.2334,497.5587,501.7502,498.8077,493.4558,450.6439,430.8471,447.0154,425.0091,430.2905,449.7428,471.8431,467.1082,434.5094,324.9501,387.177,416.7528,434.1162,444.8299,465.2179,487.2959,502.8087,503.625,488.6005,484.7458,509.7422,521.8849,523.3467,521.1646,523.9871,526.6285,528.4579,527.3974,527.2112
455.4737,461.0142,454.023,422.6996,408.6121,462.2871,468.6161,396.9816,435.8033,499.1243,493.6097,481.3056,483.1556,491.7025,496.7605,490.2292,475.2587,466.0198,462.3345,458.0221,453.3156,461.5607,461.1108,450.5934,453.0868,462.1394,467.1419,461.9157,449.2312,423.9169,407.9668,396.8785,385.8791,403.9224,396.808,344.7247,355.828,298.0272,362.6331,342.1563,360.4386,378.8115,388.2795,387.3809,386.9442,469.3204,477.9357,474.8514,470.9044,464.0679,455.025,449.2701,451.8278,458.8546,452.5268,406.9604,378.6253,368.2622,381.7275,396.9017,409.4558,421.9142,433.8269,482.4555,490.1823,495.5073,489.7474,478.0609,461.5448,454.7872,428.588,421.1284,325.0359,337.8861,364.2746,398.0087,436.6709,466.3401,481.1555,492.0626,487.3534,483.7804,494.555,504.3187,501.0262,495.4227,503.8662,504.7062,504.476,505.5378,503.8315,504.7069,509.1522,507.1754,502.0835,503.9507,508.7126,505.1708,504.5828,492.0378,463.9963,486.0695,444.6647,445.1249,462.6658,485.1653,478.6045,446.0912,340.4114,407.5733,438.8605,451.6025,456.3539,473.6608,499.0193,520.7507,526.2454,510.7074,494.8141,518.9545,529.2427,533.2434,531.318,533.1133,534.3568,535.045,530.618,538.9049
455.8121,465.0901,462.5007,428.9803,411.9947,462.0923,474.9029,408.1827,438.7151,500.9445,500.3856,486.603,487.0656,494.8288,498.7499,494.5147,483.8175,472.5617,466.0453,459.9781,453.6869,461.5981,463.7238,457.47,457.1078,458.6266,463.6361,466.5645,454.8406,430.5853,422.5768,412.3465,384.8616,410.5798,429.839,359.7702,360.4521,304.7127,379.0689,354.3989,362.2246,381.2159,391.7,391.3325,379.6465,473.2079,482.1691,478.6708,472.2611,465.8597,459.2677,452.8546,451.8026,459.3129,451.324,398.1103,386.1855,381.2318,385.5334,392.6207,403.9205,417.0924,429.4528,489.7895,492.053,496.6107,489.4396,480.4894,470.2724,450.61,457.4738,473.3933,315.6239,346.1066,372.8561,400.1899,429.6669,460.3362,481.6098,494.477,487.1021,485.9824,497.5207,504.8962,501.7971,495.4251,504.0409,502.1785,499.4081,503.9326,508.2617,509.7658,514.7693,513.7845,505.6947,508.1436,513.5157,510.2902,513.0132,522.7792,491.6727,518.2427,462.8676,457.3723,470.9369,493.164,488.061,457.6382,356.5344,424.3624,457.7641,465.8597,465.1315,479.1584,507.3893,535.1901,545.0297,529.0827,503.1312,526.1916,535.113,541.2893,539.6604,540.6077,540.5726,539.657,533.1423,548.4343
472.4718,474.4183,459.9332,423.6741,429.367,481.7751,480.4363,418.9366,440.9678,498.2904,503.8646,494.7033,492.8837,496.4248,500.1746,498.7066,490.6339,479.2926,473.2898,463.9132,458.9344,466.4177,467.9158,462.2041,460.7293,460.1085,462.3221,466.7625,446.3656,432.6381,423.9735,409.2068,383.0917,399.7368,424.0746,394.7211,360.9079,324.6845,391.7369,378.6799,378.6873,380.5595,381.7419,381.7167,376.8504,468.3576,477.0052,475.59,470.3218,465.6041,460.0965,453.8262,451.6615,456.9463,441.0535,392.3482,382.9344,381.5762,387.904,395.7617,405.4067,419.2922,431.6528,488.4803,491.4287,496.0436,490.0995,481.0352,470.3331,453.1245,460.4734,474.1675,313.5151,334.2113,361.2751,389.3226,422.4519,454.2629,475.9647,486.8348,479.0319,481.8495,499.522,505.8989,500.8026,492.8613,499.2231,497.5319,494.6473,493.637,501.6463,503.9207,505.6432,503.4602,498.708,501.9271,508.0979,509.5222,508.6791,503.0973,493.4431,517.8448,474.194,457.3733,457.1878,475.9631,487.8619,469.0207,375.79,424.0771,461.5009,464.8325,460.9091,470.7139,499.8859,533.0496,545.6561,529.7946,503.1584,524.0791,533.9417,540.5743,539.4303,540.3776,539.6292,534.9193,532.37,547.7189
489.1315,483.7466,457.3657,418.3679,446.7393,501.4579,485.9698,429.6904,443.2205,495.6362,507.3436,502.8036,498.7018,498.0208,501.5993,502.8985,497.4503,486.0235,480.5342,467.8484,464.1819,471.2373,472.1078,466.9382,464.3508,461.5903,461.008,466.9606,437.8905,434.6909,425.3702,406.0672,381.3217,388.8938,418.3102,429.6721,361.3638,344.6563,404.4049,402.961,395.15,379.9031,371.7836,372.101,374.0544,463.5074,471.8412,472.5092,468.3825,465.3484,460.9253,454.7979,451.5204,454.5797,430.7829,386.586,379.6834,381.9206,390.2745,398.9029,406.893,421.492,433.8528,487.1711,490.8044,495.4765,490.7594,481.581,470.3938,455.6389,463.4731,474.9418,311.4063,322.3161,349.6941,378.4552,415.237,448.1895,470.3195,479.1925,470.9617,477.7166,501.5233,506.9016,499.808,490.2975,494.4055,492.8853,489.8865,483.3414,495.031,498.0755,496.5172,493.1359,491.7214,495.7106,502.6801,508.7542,504.345,483.4153,495.2134,517.447,485.5204,457.3743,443.4388,458.7622,487.6627,480.4032,395.0456,423.7919,465.2378,463.8052,456.6868,462.2694,492.3826,530.9091,546.2826,530.5065,503.1856,521.9666,532.7704,539.8594,539.2003,540.1475,538.6858,530.1815,531.5977,547.0036
501.6253,487.5329,450.6277,413.1754,460.5134,511.5041,484.5194,438.5627,446.7363,492.7321,508.6907,507.9115,502.7049,498.2747,500.6653,503.6062,500.7212,490.4146,485.7746,470.5693,467.5626,473.684,473.8748,469.2853,465.9731,462.0045,460.3004,467.1362,430.3009,435.4583,426.2998,400.9563,382.2437,385.7892,410.8818,454.8716,365.6088,358.2485,411.4123,421.6475,404.8073,377.9985,364.5503,367.2203,376.8258,459.173,467.0229,469.1213,466.1312,465.0125,461.7305,456.0391,451.5448,451.7258,420.8385,380.71,375.7935,383.097,394.385,403.6657,408.582,424.0836,438.0053,486.6744,490.3919,494.7239,489.5594,481.2979,469.4744,448.8823,460.0157,467.807,309.1169,312.9927,341.9902,373.7538,412.7407,444.2855,466.0255,473.2986,464.3229,474.878,503.0689,507.5905,499.5449,489.2123,490.1301,489.1499,488.2264,476.4776,489.5019,493.8983,489.4139,485.2552,487.3391,491.8148,497.8665,507.0159,500.289,467.071,496.4912,516.4007,491.2997,457.8903,434.3282,443.1971,485.7138,491.3316,411.8187,424.8732,470.19,463.7428,457.2689,459.8542,487.646,527.8329,546.4274,530.7794,503.0527,520.5831,532.073,539.1502,538.5693,539.1571,537.6726,525.9557,530.051,545.0363
493.1528,463.4282,422.9003,408.5548,456.1785,473.0515,447.9211,437.9655,456.6089,488.5698,499.3083,497.9587,497.5735,491.7741,487.8603,486.7788,486.1476,483.0303,480.9294,467.1791,461.5477,464.1887,463.438,459.6188,457.5333,457.0454,462.6452,467.1986,427.1674,429.757,424.878,385.9245,396.7137,421.63,395.0791,430.9944,388.924,339.734,389.9305,412.1782,380.2148,369.8124,371.0304,386.1697,407.6169,457.4353,463.9438,464.1872,462.3096,464.2723,462.4168,458.6369,452.4017,446.4189,412.5351,374.2612,368.688,388.4608,407.2531,416.5903,411.2909,428.6469,451.9845,490.2672,491.0455,493.0374,478.999,476.8434,463.6218,395.4656,424.0613,420.8676,305.9184,316.6133,353.799,400.0848,433.9923,451.2994,468.5311,476.2036,464.8884,478.5531,502.3215,506.7004,502.9629,495.569,488.5842,490.0005,502.1719,486.8857,489.44,498.1158,492.4904,489.6727,496.0645,499.5989,496.0941,500.3941,497.6328,467.5248,495.2905,512.0908,469.161,460.9981,448.5617,435.8649,474.9586,499.9748,416.0976,432.8324,481.2589,468.5362,482.0314,487.7835,496.8336,520.0474,544.1479,528.8425,502.1145,522.8689,533.7601,538.4698,535.9207,534.3406,536.3082,524.3061,524.6073,536.7685
484.6804,439.3235,395.1729,403.9342,451.8436,434.5989,411.3229,437.3684,466.4816,484.4076,489.9258,488.006,492.4421,485.2736,475.0552,469.9514,471.574,475.6459,476.0842,463.7889,455.5329,454.6934,453.0013,449.9523,449.0936,452.0863,464.99,467.261,424.0339,424.0557,423.4563,370.8926,411.1837,457.4709,379.2764,407.1171,412.2391,321.2194,368.4487,402.7089,355.6223,361.6264,377.5105,405.1192,438.4079,455.6975,460.8647,459.2531,458.488,463.5322,463.1031,461.2347,453.2586,441.112,404.2318,367.8123,361.5826,393.8246,420.121,429.5149,413.9998,433.2103,465.9637,493.86,491.6991,491.351,468.4385,472.389,457.7692,342.0489,388.1068,373.9283,302.72,320.2339,365.6079,426.4157,455.2439,458.3134,471.0368,479.1085,465.4538,482.2282,501.5741,505.8104,506.3809,501.9257,487.0383,490.8512,516.1173,497.2938,489.3781,502.3333,495.567,494.0903,504.7899,507.383,494.3217,493.7723,494.9767,467.9785,494.0898,507.7809,447.0223,464.106,462.7953,428.5326,464.2034,508.618,420.3766,440.7916,492.3279,473.3295,506.7938,515.7128,506.0211,512.2618,541.8686,526.9057,501.1763,525.1547,535.4471,537.7894,533.2721,529.524,534.9438,522.6566,519.1636,528.5007
473.4181,413.2646,369.2202,400.4094,445.0704,396.5942,374.6593,431.702,471.4619,477.9614,478.609,477.5328,486.4967,478.7254,462.44,452.9508,457.4413,468.5276,471.3616,461.012,450.4697,445.9771,443.3907,441.1456,441.0385,446.3397,464.6266,464.5435,419.3822,418.5978,420.8189,357.2744,423.5753,486.5914,365.4118,387.7778,430.0219,302.8701,348.0152,391.9904,334.4362,355.4996,383.9138,421.905,464.5698,454.8311,458.6256,455.558,455.3138,461.7179,461.5968,461.8507,454.2295,436.4437,395.8946,360.6819,355.6807,399.6568,431.9153,440.8458,416.8478,437.7625,478.3516,497.2377,493.1441,490.2588,459.9606,468.7619,453.4545,300.0905,354.2642,337.5102,300.7837,322.8081,374.0417,445.5368,472.0,464.5882,472.4291,481.3619,466.7371,484.6198,500.5271,504.7977,508.892,507.5054,487.4026,492.0992,524.174,506.006,491.1075,506.2107,498.5231,498.0893,511.7209,513.7894,495.1404,490.564,491.8436,470.129,495.1415,505.1295,433.3904,465.5222,471.3574,424.6515,457.4841,513.2208,425.5631,451.3726,502.8813,480.1194,525.286,536.2962,514.3838,508.6172,538.9792,524.2244,503.0276,528.2848,537.7836,537.868,532.196,527.098,534.2914,520.9165,514.9717,521.1418
447.1879,376.7221,352.7889,402.7629,425.2158,360.9927,337.6457,398.8389,450.195,459.2618,456.914,464.2676,476.184,471.9216,450.8434,435.0208,445.6733,462.8362,467.2963,461.5255,450.5125,441.4409,438.2124,436.9515,435.047,436.3681,449.7333,446.911,406.5857,414.4462,411.6599,351.2402,424.816,479.6576,361.9454,392.7849,418.123,285.4075,333.206,374.5702,331.5253,360.4211,389.9053,427.0831,465.8958,458.6396,460.8931,458.5102,455.6122,454.1409,448.327,451.8338,455.812,435.2012,387.3759,349.8949,356.2361,408.0019,437.9489,443.6266,420.4419,442.2553,482.2022,499.4619,498.8351,492.3546,462.6557,469.5737,457.3907,319.606,331.7509,357.5389,305.619,319.7684,364.3683,425.9773,464.6377,466.898,467.8488,480.1197,471.8715,480.1252,497.8728,503.1277,506.5373,508.9166,498.0144,495.4791,500.6371,505.6201,502.4467,508.2641,500.8332,499.8433,509.0245,512.8048,509.86,505.6687,486.1521,481.3826,508.2779,511.3767,465.3972,457.8627,449.4917,439.2856,472.4178,496.1477,435.6188,476.0197,510.6692,497.6207,510.1384,517.4686,518.3207,527.1885,532.8176,517.5493,519.8448,535.9447,543.6035,542.019,539.5565,537.4968,537.4582,518.6913,517.4967,518.6599
434.1102,354.3746,338.4686,392.4299,398.1339,338.3817,323.7832,380.4038,425.6443,440.8013,441.2605,452.1933,464.3099,464.1003,443.7471,426.5001,437.9522,453.7568,457.6151,458.0617,448.2943,436.9428,432.4441,430.9562,427.0599,425.1847,434.8912,431.7522,394.7667,409.886,405.4929,355.653,419.4563,456.0255,357.3841,396.9303,401.4957,267.9318,311.5955,351.8449,328.8347,358.1203,382.4239,411.8768,443.3651,463.7895,462.6107,460.5888,456.0995,448.5923,439.4113,444.0852,455.096,434.8993,385.7831,339.5494,351.6818,404.0862,432.6677,439.8602,424.2062,444.7744,479.681,500.0946,504.2238,496.0265,471.4351,474.5137,463.6089,356.3787,335.6796,389.6428,314.1283,320.1049,356.3159,405.2471,451.3703,464.132,463.847,478.1477,475.3369,476.9086,496.464,501.9196,503.7895,508.8855,506.9184,498.7117,482.3606,500.9938,510.3358,510.5132,504.0126,501.7215,506.3099,511.2838,520.8116,518.8122,487.9025,488.2527,512.2385,513.441,494.8788,459.8591,440.5198,454.5415,479.8848,478.2003,452.5453,486.8859,508.8466,509.9474,499.7308,503.6011,519.563,537.6513,528.4166,514.4222,528.9482,538.3775,545.5367,544.9063,545.4653,545.8804,541.2198,522.1385,520.8302,517.2261
482.6081,401.6978,335.3126,326.031,345.7318,377.3908,414.0279,431.6631,394.3683,428.4398,455.0199,446.226,446.8185,451.0375,453.6279,456.7476,445.6447,428.0369,420.2614,432.3714,432.8254,430.4287,421.5373,415.5661,411.3267,410.0715,421.2256,429.8986,389.8777,403.0729,413.5999,405.184,380.4445,361.3118,350.1958,391.1731,364.2167,253.1405,258.1299,306.5638,324.2145,319.1255,314.3615,312.061,322.886,473.7023,461.0586,457.207,455.6924,451.7477,449.972,445.6293,441.5211,436.2598,412.808,332.091,326.0526,348.0686,379.2992,408.2984,428.5346,437.8049,448.8986,493.6111,507.3101,507.0148,507.6646,497.0017,478.8719,470.2804,459.6627,461.0242,337.2847,339.3206,361.163,386.4391,415.5533,440.0222,463.8235,472.1886,470.2732,480.8366,500.7605,502.6192,499.9595,501.6599,503.816,499.5032,493.6441,478.6288,501.2003,514.5002,510.5081,503.6921,504.3113,507.8145,511.033,517.685,521.4276,473.4759,471.5354,494.3865,507.1762,504.7575,492.4093,471.1944,451.7521,461.3155,500.5681,431.0393,463.0617,496.745,513.4448,516.1696,508.9294,506.9713,532.0224,527.5902,499.6245,517.1156,529.9264,542.0414,543.5204,542.5583,546.9835,550.5203,527.1038,521.6073
461.256,392.0701,328.295,346.0994,380.5628,352.0161,356.7744,418.6117,430.1407,443.3731,443.1661,436.9822,447.3308,440.6379,416.1409,406.7222,411.5803,415.8391,404.811,407.1213,414.0792,411.1262,400.1373,404.2226,415.3458,411.3943,412.6624,424.8014,393.2975,396.4776,407.3464,377.4897,360.7099,395.9717,363.1575,356.3296,360.5731,254.1635,240.7066,302.5354,301.4397,301.9572,332.1596,382.5884,407.9233,467.7865,458.4384,450.6063,444.084,439.5829,432.2002,427.5152,428.1151,416.9045,381.2121,326.9905,343.8934,387.5659,414.0449,427.8921,430.6225,439.8926,460.9587,497.4963,506.9152,509.2737,505.6437,487.3631,472.6151,471.5138,421.7788,369.3012,326.2804,358.2321,387.8634,416.3061,440.327,456.7499,468.0117,466.8334,469.9683,484.6402,497.7169,499.4048,502.5656,499.5588,486.7802,491.0265,505.2807,490.9076,505.3912,522.1575,508.0667,502.1924,507.0055,510.4233,503.5432,497.7861,497.8489,475.5292,469.7804,488.7377,502.1266,485.1594,478.6736,475.8584,459.5826,478.6454,505.9596,435.789,474.2298,503.5486,513.0596,520.8335,516.8452,501.1086,524.9186,520.1011,497.9976,528.069,538.6972,546.8325,543.2191,536.9077,545.0982,539.4772,524.2338,525.6267
444.941,385.654,322.7428,363.8232,412.9271,332.851,308.6245,407.5203,460.7538,456.6091,433.9929,429.9184,447.6053,431.6551,384.6198,364.5739,383.7139,406.1695,392.2004,386.8726,399.0461,394.6574,382.7924,396.2321,418.5107,411.3135,405.4373,418.9846,394.7639,390.5671,400.0497,353.9368,344.5365,423.3962,371.4303,324.8032,354.4512,253.9965,224.2,295.5949,280.1622,285.2663,346.2213,442.0206,479.9233,462.2939,455.8567,445.0274,433.9738,428.8185,416.4579,411.5526,416.6163,400.2199,354.235,321.525,356.7032,419.443,443.2652,444.1042,432.6022,442.7639,472.7153,501.1879,506.6871,510.3252,501.4566,477.9521,466.6224,461.2492,386.9376,294.4039,317.2496,372.7294,409.5634,441.8873,461.4196,469.4361,469.8622,461.8213,469.3774,486.3014,493.6852,496.2951,504.0916,495.9747,471.9556,484.1992,514.3655,500.6223,509.1553,527.4767,505.0213,499.765,508.2285,510.7671,494.5944,478.7239,477.0669,476.5568,467.244,483.6691,496.3689,467.8022,467.1176,479.9058,465.7463,493.0629,509.4034,439.9647,483.261,509.0089,512.1676,524.3312,523.6377,496.4122,517.6744,513.4486,495.9556,536.1162,545.7769,550.3294,543.1195,532.2466,542.9203,530.5839,521.8834,528.5476
458.8905,398.5338,325.9948,367.4604,430.471,350.994,315.1715,408.2051,460.3688,459.6475,440.9253,435.9523,446.4503,431.1848,388.9422,369.7522,393.086,411.6904,396.6516,396.6728,406.3219,395.2144,389.8116,408.3865,416.5435,402.7991,406.252,408.8441,384.494,388.7714,386.4851,355.2653,349.7594,407.3493,351.5313,313.2068,333.4392,246.6794,213.2021,271.1585,267.8812,271.4438,337.8349,434.7905,473.5923,459.3441,453.5061,445.5872,432.8642,426.4677,412.9086,408.5168,416.5768,399.581,355.0082,313.8662,339.286,405.536,439.2882,439.9987,433.9322,450.3428,482.6483,503.7167,507.461,504.1227,484.2546,469.9091,462.2173,381.9028,370.3773,320.5982,320.0762,360.7051,401.2199,441.7185,460.3948,457.8404,457.6673,458.8704,467.0684,475.0908,483.7157,493.8147,499.129,483.4802,470.4164,487.2816,508.1189,494.9319,510.3545,518.7479,498.3465,491.7636,500.6122,497.5023,476.8793,464.6888,473.0876,471.4222,460.0126,482.086,486.3561,463.9083,468.6581,480.2481,461.8952,489.982,501.145,440.6921,479.4527,506.3987,508.231,520.8226,523.6806,498.723,509.5872,511.8228,491.4201,526.7026,542.6965,546.0508,544.2328,533.5311,538.9843,534.6074,522.6547,524.8686
472.2482,410.4585,329.5633,372.6795,448.4133,368.9202,322.732,410.8994,461.2435,463.1955,447.4767,442.0386,446.3029,432.3783,395.3736,376.8051,402.5631,417.4277,401.284,405.828,413.7846,397.388,397.2111,420.6339,417.1184,397.0496,408.425,402.4117,377.3698,387.5371,375.6559,357.9931,353.7741,391.5766,332.5278,299.2889,312.8481,238.9572,203.7095,250.6884,257.6207,260.0172,332.0901,429.6447,467.6694,456.1226,451.5461,446.1977,432.6786,425.7733,411.7834,409.1477,419.1137,399.9482,354.8303,306.8095,325.7761,394.9206,436.358,437.0222,435.6763,457.0113,491.1902,506.1319,508.5668,499.1253,469.4357,463.6691,459.0467,314.9375,355.3743,344.4765,322.2863,350.1211,392.6935,439.9485,459.0638,447.4622,446.5611,456.3051,464.4183,465.0041,474.8409,491.7786,493.1576,471.8345,468.2025,488.8867,501.4555,488.7662,510.1645,511.6768,493.2356,485.0098,493.933,487.155,462.6677,452.1711,467.4736,467.0725,455.5641,478.9854,477.8197,463.1666,470.0872,480.3678,460.8095,485.1024,493.1561,442.4742,473.5294,502.6577,504.7513,517.7063,523.2137,500.3483,502.0214,510.3082,487.441,518.7535,539.9146,542.3696,545.6796,534.9089,535.8856,538.6888,523.9644,522.6185
481.876,416.3635,335.1259,387.8698,468.8668,385.4798,336.6813,426.2607,470.0576,469.9555,451.6263,448.4561,452.5062,444.0587,415.0987,395.6743,412.7025,424.5286,407.0584,410.9174,422.4253,409.7516,407.0068,433.4675,433.7177,408.7274,419.1612,419.3524,390.0744,389.8422,382.0692,369.5413,350.1731,377.5324,319.169,270.7376,294.9098,228.6808,203.7054,255.2198,260.0964,263.6922,342.9962,437.6374,464.3193,451.189,452.0479,447.1275,438.3165,435.5201,425.9388,432.89,437.8911,406.6566,348.6575,303.5483,336.8949,405.0533,440.027,441.1621,440.0305,457.941,490.9638,507.8311,511.7643,501.724,469.6386,468.7941,463.6585,326.015,350.1881,353.7561,320.6106,348.6161,383.0139,428.0856,455.8031,444.7584,442.317,456.1695,459.6184,462.002,472.866,492.5428,480.8273,465.5388,461.736,481.1794,492.1652,479.6049,501.2173,515.0541,497.9827,486.1199,493.1605,495.1978,470.5397,449.2172,451.5544,467.6707,468.6573,466.3189,478.5895,482.2935,470.8145,479.084,477.1552,468.8851,486.866,450.9037,454.2739,491.789,504.152,517.0641,519.5333,497.6519,497.7416,509.4942,486.9692,520.0358,539.0142,542.4531,549.2289,536.8746,538.065,543.1357,528.6679,529.3757
486.7643,418.5308,338.859,398.7557,483.464,401.8962,353.8717,439.0992,477.0507,475.2845,455.8407,454.8568,458.6591,455.0153,433.6005,414.2435,423.2547,432.0788,413.8405,417.0933,431.2039,422.2391,417.4962,445.5075,449.021,420.6754,429.5219,434.7391,402.6983,393.2538,389.1231,381.1634,349.907,368.0131,311.7777,247.9462,280.1073,222.1715,205.167,258.7892,263.0025,268.6843,352.2251,441.3403,461.8635,448.1068,453.5899,449.1452,444.4753,445.117,439.4083,453.9762,454.5202,413.8214,343.7462,301.7282,346.2272,412.1086,441.1634,443.4401,443.1233,458.2636,490.0263,508.5865,513.6165,503.289,470.1127,473.0226,467.5506,339.9788,350.0408,361.816,319.5392,347.7999,375.0614,417.574,452.2743,442.6648,439.2725,455.8976,455.8131,459.711,471.6106,493.0807,471.0265,461.1045,457.2824,475.0725,484.6071,473.3037,494.0779,517.6014,501.8969,487.4157,492.6607,502.1776,478.5523,449.3364,440.6527,470.3344,481.2736,456.467,478.9189,497.8062,472.0104,478.6617,490.0663,452.3226,478.2861,456.6423,437.6028,482.2082,503.9456,517.6034,517.705,496.4877,495.5131,509.2247,488.2849,521.9551,538.4591,542.6406,552.3098,539.1157,540.4383,547.3726,533.5121,535.7405
460.256,395.9378,330.4722,381.1262,459.2661,417.3647,392.5324,435.2266,471.9798,471.1336,460.4832,461.1468,464.4784,461.1769,443.9986,430.825,436.5413,442.6054,427.2984,430.4656,440.8963,435.5476,432.5807,452.2902,455.7396,434.412,437.3961,439.8318,414.788,403.9955,400.4213,393.2748,371.7332,388.4701,343.9182,263.3108,286.0779,240.6175,216.3372,255.9865,268.7596,282.4017,350.3424,416.6251,465.3313,457.2884,462.0226,458.3697,454.0851,453.7211,448.3333,457.4659,456.9186,424.0092,347.1929,309.4547,343.7248,398.7783,425.522,433.3842,437.861,454.5636,484.3788,503.0889,506.5567,498.0053,472.3829,471.3125,466.675,373.0628,383.2744,361.7961,322.4722,351.5461,378.5509,416.0136,446.9693,444.6137,444.1743,454.7224,458.5964,462.1305,475.1214,492.1194,477.982,469.0013,466.1634,479.5671,488.524,485.9502,498.9146,514.6498,500.2932,489.9414,493.9667,502.1142,487.4964,469.8125,462.9901,486.6809,490.7307,465.2608,476.3304,489.3768,476.311,483.9464,480.2247,433.4737,454.5378,444.5542,438.052,481.1598,506.3417,525.9686,528.1456,505.4734,506.8737,512.5621,501.4428,528.0953,540.1918,543.5176,552.2881,543.1805,544.0967,550.2181,539.2888,539.506
433.7477,373.3447,322.0853,363.4966,435.0683,432.8331,431.1931,431.3539,466.9089,466.9827,465.1258,467.4368,470.2977,467.3386,454.3966,447.4065,449.8279,453.132,440.7562,443.838,450.5887,448.8561,447.6652,459.0729,462.4582,448.1488,445.2704,444.9244,426.8777,414.7372,411.7195,405.3863,393.5595,408.9271,376.0587,278.6754,292.0484,259.0634,227.5075,253.1837,274.5167,296.1191,348.4597,391.9099,468.7992,466.4699,470.4552,467.5943,463.6949,462.3251,457.2584,460.9556,459.3169,434.197,350.6395,317.1811,341.2224,385.4479,409.8807,423.3283,432.5986,450.8635,478.7313,497.5912,499.4969,492.7217,474.6531,469.6024,465.7995,406.1469,416.5079,361.7762,325.4052,355.2923,382.0403,414.4532,441.6642,446.5626,449.076,453.5471,461.3797,464.55,478.6321,491.1581,484.9375,476.8982,475.0444,484.0618,492.4408,498.5966,503.7514,511.6983,498.6895,492.467,495.2728,502.0508,496.4405,490.2886,485.3274,503.0275,500.1879,474.0546,473.7419,480.9474,480.6116,489.2311,470.3832,414.6248,430.7894,432.466,438.5012,480.1113,508.7378,534.3339,538.5861,514.4591,518.2343,515.8995,514.6006,534.2355,541.9246,544.3945,552.2664,547.2455,547.7552,553.0635,545.0656,543.2715
407.2394,350.7516,313.6985,345.8672,410.8705,448.3015,469.8537,427.4812,461.8381,462.8318,469.7683,473.7267,476.117,473.5002,464.7946,463.9879,463.1146,463.6586,454.2141,457.2103,460.2811,462.1646,462.7497,465.8556,469.1768,461.8855,453.1446,450.0171,438.9674,425.479,423.0178,417.4977,415.3857,429.384,408.1992,294.04,298.019,277.5093,238.6778,250.3809,280.2738,309.8365,346.5769,367.1947,472.267,475.6515,478.8879,476.8188,473.3047,470.9292,466.1835,464.4453,461.7153,444.3848,354.0861,324.9076,338.72,372.1175,394.2394,413.2724,427.3363,447.1635,473.0838,492.0936,492.4372,487.4381,476.9233,467.8924,464.9239,439.2309,449.7415,361.7562,328.3382,359.0385,385.5298,412.8928,436.3592,448.5115,453.9778,452.3719,464.163,466.9695,482.1429,490.1968,491.8931,484.795,483.9254,488.5564,496.3577,511.2431,508.5881,508.7468,497.0858,494.9927,496.5788,501.9875,505.3845,510.7647,507.6648,519.374,509.6451,482.8484,471.1534,472.5181,484.9122,494.5159,460.5416,395.7759,407.0411,420.3779,438.9504,479.0629,511.1339,542.6992,549.0267,523.4449,529.5948,519.2369,527.7584,540.3757,543.6573,545.2714,552.2448,551.3104,551.4136,555.9089,550.8423,547.037
384.9223,329.4621,303.1516,331.2815,392.0275,456.7466,496.6558,424.0104,457.3125,458.3518,472.9616,479.0871,481.0221,478.6556,473.7445,478.0096,474.4915,473.0767,466.5506,468.7755,468.5724,473.578,475.5494,471.5718,474.7206,473.7,460.3167,454.2729,449.2365,435.343,432.5526,427.3867,435.4282,446.7535,434.9502,313.8307,307.9899,292.48,251.8372,248.7198,287.5584,323.0575,345.1904,350.1817,475.5607,483.4601,486.1703,484.5764,481.3981,478.441,474.3842,468.2361,463.9105,451.0448,356.1421,330.926,336.7605,360.5298,380.7708,404.6631,422.7117,443.4638,467.2977,486.8661,486.5512,482.8666,478.5514,465.9821,463.5845,461.5596,474.4069,359.7327,330.3103,362.2932,389.6643,413.3937,433.6932,451.4535,458.7821,452.3893,467.4538,469.4929,485.132,489.6891,497.3381,491.0005,491.2531,492.2375,499.4106,521.2614,511.9594,505.1556,494.7051,495.7457,496.5788,501.3893,512.747,527.4539,525.4568,531.0149,516.3433,489.0479,465.3564,463.4659,486.1085,496.2099,453.1671,383.0786,387.7714,412.0424,441.1716,478.6756,513.9805,549.0061,555.5807,529.8783,538.9586,522.4517,537.3395,543.1234,543.0162,543.7062,549.8442,552.2789,552.1677,556.5751,554.7001,550.0867
393.4517,317.7662,276.7076,339.098,412.5956,413.5006,436.1797,423.4978,456.8002,451.4497,465.4892,477.6057,479.1987,476.4046,472.0358,473.1918,471.8136,474.3361,470.6347,467.0401,466.5522,471.0447,471.5329,469.4387,471.6179,471.3681,462.3216,452.3694,446.1064,438.7468,429.1091,420.9191,442.3427,441.3997,422.0352,366.1965,347.4024,281.8737,279.6358,255.4608,306.0849,332.6254,347.4554,389.8557,477.5726,481.1636,484.9869,481.5383,478.3315,477.914,477.2529,474.2437,464.6103,431.7405,347.9637,324.3733,338.7971,361.7679,383.2934,406.7011,422.7811,439.7669,460.4912,483.6268,489.3038,483.5357,475.4536,462.5984,458.8309,404.7314,436.0121,342.9633,325.2102,361.9301,398.5461,429.0664,450.45,461.7047,462.87,461.1843,474.4796,472.7806,484.2825,492.5196,491.6662,484.7575,487.1496,489.9308,496.1051,511.936,504.545,496.8566,486.6055,483.4521,486.9666,496.8549,508.4691,516.2721,509.7961,508.0225,502.7363,476.154,435.9453,449.8301,464.4566,471.4772,463.9501,415.6559,401.4641,431.3264,456.4334,483.1545,520.1428,540.1635,533.5304,517.5272,533.6254,524.764,520.596,520.903,524.9039,524.1678,529.9352,530.4589,531.5461,541.2032,544.4352,547.8674
401.9811,306.0704,250.2635,346.9144,433.1637,370.2546,375.7036,422.9852,456.2878,444.5475,458.0168,476.1244,477.3753,474.1536,470.3271,468.3739,469.1357,475.5955,474.7188,465.3047,464.5319,468.5114,467.5165,467.3056,468.5153,469.0362,464.3265,450.4659,442.9764,442.1506,425.6656,414.4514,449.2572,436.0459,409.1202,418.5623,386.815,271.2673,307.4345,262.2019,324.6114,342.1933,349.7205,429.5297,479.5845,478.8671,483.8035,478.5002,475.265,477.3871,480.1216,480.2511,465.3101,412.4362,339.7854,317.8206,340.8337,363.006,385.816,408.7391,422.8504,436.0699,453.6848,480.3875,492.0565,484.2048,472.3557,459.2148,454.0773,347.9031,397.6173,326.1939,320.11,361.567,407.428,444.7392,467.2068,471.9559,466.9579,469.9793,481.5054,476.0683,483.4329,495.3501,485.9943,478.5146,483.046,487.6242,492.7997,502.6106,497.1307,488.5575,478.5058,471.1584,477.3544,492.3204,504.1912,505.0903,494.1353,485.0302,489.1292,463.26,406.5343,436.1943,442.8048,446.7446,474.7331,448.2332,415.1569,450.6104,471.6953,487.6335,526.305,531.3209,511.4801,505.1762,528.2923,527.0764,503.8525,498.6824,506.7917,504.6295,510.0263,508.6389,510.9246,525.8314,534.1703,545.6481
405.433,292.6873,226.2031,355.2912,450.1989,330.9496,322.6664,422.7067,455.788,438.8797,451.4875,474.6585,475.7004,471.9054,468.3205,463.793,466.3021,475.8064,477.5898,463.73,462.685,466.1766,464.0056,465.295,465.8611,467.5326,466.973,449.6946,440.4878,444.7616,421.9611,409.0018,455.1824,432.5523,399.6865,462.9321,417.0632,265.9853,333.2246,269.3693,338.8369,348.6822,351.6165,462.4892,481.4106,477.7304,483.5994,476.549,473.298,477.3676,483.0514,485.9397,467.1444,392.4587,328.3788,309.7117,340.7661,362.8651,386.6998,408.7171,420.7173,430.8196,448.6969,477.3044,493.8539,484.4856,469.6898,456.0889,449.5625,302.8805,367.2188,311.4719,316.2658,360.9589,413.8959,456.5383,480.1154,479.7647,470.1327,476.6804,487.3523,479.0035,482.7438,497.2457,480.5526,472.4861,478.28,484.1994,488.4995,491.8885,487.9368,478.8018,469.0761,458.377,466.6403,485.614,497.7319,494.1775,477.8572,462.5379,474.6231,450.1761,380.352,421.5044,420.178,421.6225,481.0717,472.8175,424.8072,465.5513,483.7599,490.115,528.4311,519.9742,490.1609,494.2337,522.6551,526.4003,488.1122,478.6775,490.0846,486.6577,491.5826,488.6576,491.9201,511.9308,524.7531,542.6206
368.2059,265.7867,221.2394,368.1566,438.9308,323.2188,329.2275,424.304,455.3884,443.1014,452.514,473.3172,475.2148,469.6794,463.9263,461.1104,462.2214,467.6175,470.7415,463.4433,462.2269,465.4331,464.5458,464.2658,466.8003,472.6656,474.7592,457.9944,443.1384,441.0211,416.1663,411.7094,453.1818,443.9617,418.1436,443.2407,373.8898,303.3606,342.9228,279.952,318.6036,330.5031,350.5564,441.6541,481.7476,485.8859,491.2411,483.3062,480.1407,481.4139,486.4698,489.0726,478.0676,367.0871,291.1087,289.1342,323.841,351.6753,374.4542,392.1912,400.9385,413.1238,458.2793,475.473,487.9992,481.6558,470.4839,455.0285,446.9614,352.4395,400.8838,313.1525,322.4831,358.3878,401.0242,437.3038,462.1935,468.006,465.9922,466.6057,483.7543,479.1147,483.3402,491.6511,476.9554,468.1758,468.207,471.8157,476.2301,469.9767,464.4847,457.3756,448.991,441.6871,447.0977,461.5073,473.7966,485.4189,456.6324,444.0519,452.9137,435.57,380.0381,398.3691,389.74,393.3811,451.8033,433.3653,402.0715,445.6968,470.2098,476.5933,498.2212,488.5661,474.6991,494.5757,514.5815,501.7809,480.4094,476.4233,484.6351,481.2365,484.8775,483.4074,485.8709,509.8183,522.1268,533.1187
330.9787,238.8861,216.2758,381.0221,427.6627,315.488,335.7885,425.9013,454.9887,447.3231,453.5406,471.9758,474.7291,467.4535,459.5322,458.4277,458.1408,459.4285,463.8932,463.1565,461.7688,464.6895,465.0859,463.2366,467.7395,477.7986,482.5454,466.2941,445.7891,437.2805,410.3715,414.4169,451.1811,455.371,436.6007,423.5492,330.7164,340.7359,352.621,290.5347,298.3703,312.3241,349.4962,420.8191,482.0847,494.0414,498.8829,490.0635,486.9835,485.4601,489.8882,492.2056,488.9908,341.7155,253.8385,268.5568,306.9159,340.4856,362.2086,375.6653,381.1597,395.428,467.8616,473.6415,482.1446,478.826,471.278,453.968,444.3603,401.9985,434.5487,314.8331,328.7004,355.8166,388.1526,418.0693,444.2716,456.2473,461.8517,456.5309,480.1562,479.2259,483.9366,486.0565,473.3581,463.8656,458.1339,459.432,463.9608,448.0649,441.0326,435.9494,428.906,424.9971,427.5552,437.4006,449.8612,476.6604,435.4076,425.5659,431.2043,420.9641,379.7242,375.2338,359.3019,365.1397,422.535,393.913,379.3359,425.8423,456.6596,463.0716,468.0114,457.158,459.2374,494.9178,506.5081,477.1615,472.7065,474.169,479.1856,475.8155,478.1725,478.1571,479.8217,507.7057,519.5005,523.6167
297.3882,215.9609,213.5508,390.388,417.0279,313.1509,343.8001,423.0328,454.0635,450.6806,454.1292,470.214,473.8755,465.1632,455.2983,455.1436,453.3594,450.7198,456.6273,461.5617,460.3413,463.0524,464.8171,461.7926,467.9135,481.3315,489.1664,473.0113,448.6202,434.9261,406.8036,417.7924,449.5303,465.9362,454.342,407.9998,294.0878,373.6587,362.9113,302.6175,281.243,295.9577,348.3365,403.5396,479.7034,501.3146,505.7738,496.5019,493.2973,489.4592,493.1484,495.2856,499.0259,325.1048,227.8433,253.3103,292.8079,330.6095,350.9905,360.5611,363.2755,379.0808,473.0121,470.4174,475.6387,475.2983,469.9993,452.2974,442.1269,438.6071,460.67,316.3063,333.6331,352.7025,376.3114,401.4301,429.0501,445.9307,457.4398,447.3553,476.4211,479.1066,484.0164,480.7889,470.5812,460.7756,450.2794,449.5208,453.7903,430.0587,421.3929,417.9734,412.1544,411.3021,411.5914,417.465,430.0445,469.6913,418.8005,411.5779,414.5738,410.4123,381.5177,356.144,333.5573,340.862,395.6689,360.0239,357.5517,406.125,442.7417,449.4945,439.7862,427.8368,444.2952,494.3608,498.6242,455.2682,466.0514,473.015,474.9385,471.6726,472.5969,473.8903,474.8843,505.5374,515.4525,514.3654
295.7053,227.9135,230.467,369.0499,411.9498,358.1369,364.5383,380.9834,448.528,446.4571,450.8752,464.7632,469.7937,462.3078,452.4712,446.5822,442.4298,437.4507,445.6971,448.4915,450.4088,453.576,457.4514,456.7089,461.3745,470.8263,485.5649,465.8435,453.0355,444.7336,422.7738,427.0292,450.949,469.0948,465.8031,428.7913,314.881,367.5172,378.3967,327.862,291.3656,295.495,346.3035,417.455,453.4726,500.8475,506.0769,500.1436,494.9704,493.0441,495.0214,497.9004,501.2698,385.3597,300.7692,284.8346,303.4167,332.2581,348.787,357.9295,362.0136,374.5662,439.279,454.974,463.4196,465.6474,450.5337,445.2725,443.1201,361.5936,420.6062,315.9604,327.2954,344.8241,373.5118,407.5609,437.5204,448.267,450.6464,446.0687,471.4826,476.9644,479.5635,478.3906,475.0018,468.3918,461.8899,461.3026,462.0346,446.3198,435.2005,430.2692,424.6499,423.8832,427.0253,434.1256,446.3628,478.4213,442.7071,437.0534,442.5025,435.4311,401.8008,372.5474,348.9907,351.3602,389.8783,374.9435,344.1158,387.6113,425.5971,435.4305,428.9742,416.8249,433.9106,485.9156,492.4038,457.292,468.5883,481.5138,481.2404,478.7445,476.9299,478.2515,479.7017,502.88,498.9301,507.3139
294.0223,239.8662,247.3832,347.7117,406.8716,403.1229,385.2765,338.934,442.9925,442.2336,447.6213,459.3124,465.7119,459.4524,449.6441,438.0208,431.5003,424.1816,434.7668,435.4212,440.4762,444.0995,450.0857,451.6252,454.8354,460.3212,481.9633,458.6757,457.4508,454.541,438.744,436.266,452.3677,472.2534,477.2642,449.5828,335.6742,361.3758,393.8822,353.1065,301.4882,295.0323,344.2705,431.3704,427.2418,500.3804,506.3801,503.7853,496.6435,496.6291,496.8943,500.5153,503.5137,445.6145,373.6952,316.3589,314.0254,333.9068,346.5835,355.2979,360.7518,370.0516,405.5459,439.5306,451.2005,455.9966,431.0681,438.2477,444.1133,284.5801,380.5424,315.6143,320.9577,336.9458,370.7122,413.6917,445.9908,450.6033,443.853,444.7821,466.5442,474.8223,475.1107,475.9922,479.4224,476.0079,473.5004,473.0843,470.2789,462.5808,449.0081,442.5649,437.1454,436.4643,442.4592,450.7863,462.6811,487.1513,466.6136,462.5288,470.4312,460.45,422.084,388.9508,364.4241,361.8584,384.0877,389.8632,330.6799,369.0975,408.4525,421.3666,418.1621,405.8129,423.5259,477.4705,486.1834,459.3157,471.1253,490.0126,487.5424,485.8165,481.2629,482.6128,484.5191,500.2226,482.4076,500.2624
290.7215,249.3446,260.3382,324.6409,398.185,439.7431,401.0623,297.176,435.767,436.1451,442.4558,452.0835,459.868,455.0207,445.0576,428.3854,419.2898,409.085,421.4894,420.108,427.4698,431.6947,439.5298,443.3819,445.4695,447.1883,477.1276,450.8201,459.7567,462.0145,452.5165,444.06,452.5067,473.348,486.2363,468.3541,353.85,355.0796,406.8304,377.3569,313.7368,296.1638,341.0886,442.23,406.8305,499.816,506.4697,506.7885,498.123,499.4686,498.3104,502.3473,504.829,499.0863,439.2928,346.1807,324.0889,334.1017,342.4852,350.2666,356.9297,364.0191,375.048,424.4628,438.1129,444.3989,411.2164,427.8956,440.6835,223.1056,348.5238,313.9334,314.3353,329.9572,368.2466,418.2617,452.4848,452.7483,439.1104,445.1107,462.5609,473.177,471.5797,474.2751,484.0047,483.5276,484.8401,484.5685,478.4711,477.6696,461.4771,453.8507,448.7938,448.3788,456.7818,466.1462,477.5734,494.6994,488.5024,486.651,496.7504,484.0626,441.8164,404.7711,379.2118,371.9636,379.2472,404.353,319.0195,351.565,391.9884,408.5072,408.5368,395.8931,412.5938,467.9452,479.8855,459.8782,472.3012,496.8261,492.7163,491.7192,484.7028,485.9911,488.1969,496.686,467.4601,493.5573
271.7656,234.8816,234.9639,284.8035,354.5821,395.4127,368.9269,258.2369,412.1894,412.011,418.7922,427.6495,436.9743,435.336,423.4472,408.358,394.6836,376.3054,385.5001,383.0914,384.7186,390.9543,398.1042,404.5663,408.7502,408.6286,460.3489,436.3094,441.6508,446.9039,445.023,437.893,440.2625,454.4701,471.1238,467.5781,346.6986,347.2861,395.2271,391.9879,346.5572,312.7212,326.7893,423.5208,442.7301,498.31,504.4927,503.6131,497.7295,495.0947,495.306,496.6036,497.1594,486.9231,433.9781,359.5277,328.8768,320.2295,320.0532,322.014,328.3348,343.2989,375.8549,413.029,416.6216,413.9631,387.6288,385.3487,394.456,311.9917,394.3539,299.3354,304.9587,331.5793,369.0123,407.7288,439.8547,453.0428,454.2126,461.0688,467.8203,476.3395,476.9677,479.1499,490.1511,490.1145,493.5607,493.1732,486.159,481.4146,460.992,455.3649,452.246,453.8424,460.3505,468.9203,478.6665,490.8106,490.8674,497.6781,507.4965,494.0691,456.2181,414.9489,387.7514,378.2659,383.5995,414.6837,324.5394,343.5266,382.1101,407.3029,410.395,396.541,396.3641,447.9681,472.837,446.3011,460.3071,487.332,486.9754,486.3081,479.4994,479.8584,480.8474,484.6414,467.7516,490.2051
255.0373,222.447,212.1712,249.8432,314.4942,351.9769,335.0093,221.8447,390.9721,390.7382,398.0705,406.0128,416.1353,417.1688,403.8018,390.1017,372.5684,345.9841,352.4548,348.842,345.3538,353.3521,359.8464,368.6965,374.7457,372.7073,442.0222,419.9153,421.6026,429.0551,433.9939,428.2929,425.2532,433.1897,453.1957,463.8911,339.119,338.3524,381.5551,402.3962,374.8844,327.3107,312.6985,403.492,474.3999,495.0398,500.522,498.2945,494.9176,488.6851,489.8989,488.654,486.8823,471.8239,425.6513,369.1752,330.8928,304.9235,296.2122,292.3954,297.8451,319.4055,372.5092,398.1042,392.803,381.8958,361.7315,342.1699,347.5472,387.9335,432.1638,280.6683,292.9662,330.186,366.7955,395.5734,425.8677,450.8487,465.8243,474.0024,473.0563,479.7441,482.3518,484.005,493.6235,494.2841,499.6148,499.3204,490.9058,481.1465,457.2796,453.9543,453.119,456.5553,461.1041,468.6322,476.5121,483.924,489.3975,503.7867,512.9886,498.9593,465.3376,420.9438,393.195,381.9993,385.3206,423.0076,330.1302,335.9342,372.2753,405.2965,412.2914,398.005,382.0229,428.4225,466.0158,434.3767,450.1356,479.3628,483.1349,482.3447,476.0321,475.5327,475.3797,474.4507,469.0167,487.4106
261.4251,231.0599,216.169,265.4921,310.8815,317.8245,282.5978,211.8808,394.2486,399.1555,407.8754,413.4031,416.6179,414.7477,404.5471,390.2234,376.3027,341.1724,349.9597,343.3085,341.1283,348.3134,354.459,363.3944,368.9116,364.1647,407.6322,383.9784,381.3982,382.7919,386.2752,383.068,381.5501,386.9796,406.0495,429.9983,327.0954,317.5861,346.415,368.9857,356.5867,321.4791,300.7717,369.7682,462.1763,473.4616,475.8622,470.7365,467.0108,461.1512,459.5586,457.8122,449.5475,426.2601,386.0677,340.4324,304.1439,274.7393,257.7502,248.6023,247.6936,262.5836,326.0737,346.9547,344.8329,332.8989,311.8671,292.4345,293.5691,329.553,386.7497,219.7775,253.8275,297.5028,333.6289,366.5822,397.7994,422.8292,441.2163,455.5508,478.05,485.6611,487.6944,488.657,469.3477,473.371,477.999,479.9668,465.1339,439.2365,420.0773,422.1932,427.2268,430.7247,432.6451,436.5669,440.6571,445.9298,448.1331,458.8549,463.9615,450.7578,419.6428,383.5323,366.5118,359.0757,359.7381,410.5066,336.4569,332.9694,362.8921,394.9659,414.5838,407.9384,387.28,413.3544,461.5534,439.6031,458.8768,487.2176,499.0159,493.4025,490.5803,489.9585,489.4386,483.4967,480.3856,490.4044
268.56,240.2249,221.3805,280.5837,306.6755,286.3647,237.794,207.6532,398.0616,407.2933,417.2561,420.5226,417.2994,411.9482,404.4625,389.9328,378.9987,336.9884,347.9353,338.3706,337.1351,343.7336,349.7545,358.8104,364.0086,356.9467,376.0042,350.7902,343.9551,340.2121,342.7214,341.6604,341.3889,344.5147,362.4809,397.9237,315.6001,297.8137,313.4227,337.5184,339.3757,316.5024,291.4049,340.2686,450.0414,453.1807,453.0233,445.0437,441.072,435.3073,430.9851,428.5617,414.3474,384.3685,350.4107,315.1033,280.8267,248.3625,224.2542,211.2123,204.8393,213.3902,285.2456,301.5222,302.6996,289.9445,266.6865,245.1652,241.9664,274.2135,344.4489,168.077,221.2847,269.1278,303.7938,339.7437,371.5206,396.305,417.4988,437.5406,481.2381,490.0841,491.2992,491.5472,446.6737,453.7534,457.7615,461.9038,440.2535,400.1696,385.801,392.8396,402.9452,406.2283,405.6511,406.3167,407.0439,410.0406,409.6189,416.6858,417.667,405.1257,376.8072,349.1017,342.5447,339.0163,337.0887,397.978,342.4108,330.5494,354.2142,385.3983,416.4607,416.7573,391.7138,399.3681,456.7446,444.4807,466.8525,493.8437,512.6806,502.9197,503.3788,502.6462,501.3186,490.2308,489.0208,491.0359
284.0438,255.5589,240.1561,289.4474,295.8374,284.9986,278.0135,267.5348,407.8697,412.3058,421.8958,424.6151,420.2028,404.9211,395.1032,385.0359,370.0916,339.8212,351.1714,340.0876,335.7375,344.2828,352.6815,362.2507,369.5119,364.5314,375.2444,348.3217,337.3723,338.7979,345.7146,342.9143,340.8118,343.9068,358.8955,386.1706,310.0097,289.1484,304.433,327.7704,334.3103,321.0809,310.6495,357.9781,438.8974,447.3979,450.5355,440.1961,437.126,428.3504,422.1575,417.0961,403.0042,383.5163,358.6374,327.9247,295.8616,264.5381,246.2592,245.3831,243.5372,249.4531,307.0848,319.9836,325.7979,314.5194,273.8509,225.4557,216.9108,252.8593,336.9417,219.0852,262.4565,288.9009,311.1902,336.9643,365.2412,386.492,403.7336,424.4632,464.248,477.8105,475.4832,474.7473,441.9019,448.615,452.929,458.2634,425.3349,392.8775,384.2248,390.3924,396.6622,396.6446,395.0283,396.3512,398.4845,397.6761,401.8393,405.3914,401.9103,388.2077,365.9258,347.9857,348.9323,350.9667,347.2206,385.141,344.1988,334.2171,353.4196,384.3592,413.6947,413.1202,386.9458,397.4732,448.0644,445.4587,466.2717,486.7372,501.5762,495.2202,496.6236,495.9091,488.8474,471.127,467.1047,465.2685
299.5276,270.893,258.9317,298.311,284.9994,283.6324,318.2331,327.4164,417.6778,417.3183,426.5353,428.7075,423.1062,397.8941,385.744,380.139,361.1845,342.654,354.4076,341.8045,334.3398,344.8319,355.6085,365.691,375.0153,372.1162,374.4845,345.8532,330.7896,337.3837,348.7079,344.1682,340.2346,343.2989,355.3102,374.4175,304.4193,280.483,295.4434,318.0223,329.2449,325.6594,329.8941,375.6876,427.7534,441.6151,448.0476,435.3485,433.1801,421.3936,413.3299,405.6306,391.661,382.6641,366.864,340.7462,310.8965,280.7136,268.2643,279.554,282.2351,285.5161,328.924,338.4449,348.8962,339.0943,281.0153,205.7463,191.8552,231.5051,329.4344,270.0934,303.6283,308.674,318.5866,334.1849,358.9617,376.6791,389.9684,411.3857,447.2579,465.5368,459.6672,457.9474,437.1301,443.4765,448.0963,454.623,410.4164,385.5854,382.6486,387.9452,390.3793,387.0608,384.4055,386.3857,389.9252,385.3116,394.0597,394.097,386.1537,371.2898,355.0445,346.8698,355.32,362.9171,357.3525,372.3039,345.9867,337.8848,352.625,383.32,410.9287,409.4832,382.1779,395.5782,439.3841,446.4367,465.6909,479.6309,490.4719,487.5206,489.8683,489.1721,476.3763,452.0231,445.1887,439.5011
315.0114,286.2271,277.7072,307.1747,274.1614,282.2662,358.4527,387.298,427.4859,422.3309,431.175,432.7999,426.0096,390.867,376.3847,375.2421,352.2774,345.4868,357.6437,343.5215,332.942,345.3811,358.5355,369.1313,380.5186,379.701,373.7247,343.3848,324.2069,335.9695,351.7011,345.4221,339.6575,342.691,351.7249,362.6644,298.8289,271.8177,286.4538,308.2743,324.1794,330.2379,349.1387,393.3971,416.6093,435.8324,445.5598,430.5009,429.2342,414.4368,404.5023,394.165,380.3179,381.8119,375.0907,353.5675,325.9315,296.8892,290.2693,313.7248,320.933,321.5789,350.7632,356.9062,371.9946,363.6692,288.1797,186.0368,166.7996,210.1509,321.9272,321.1017,344.8001,328.4471,325.9831,331.4055,352.6823,366.8661,376.2032,398.3083,430.2678,453.2631,443.8513,441.1475,432.3583,438.3381,443.2637,450.9827,395.4978,378.2933,381.0724,385.498,384.0963,377.477,373.7827,376.4203,381.3658,372.9472,386.28,382.8026,370.397,354.3718,344.1631,345.7539,361.7077,374.8675,367.4844,359.4669,347.7747,341.5525,351.8303,382.2809,408.1628,405.8461,377.4099,393.6833,430.7038,447.4147,465.1101,472.5244,479.3676,479.821,483.1131,482.435,463.9052,432.9193,423.2727,413.7336
327.2242,299.2522,294.4566,314.452,265.2847,281.2714,390.9666,442.617,436.5472,427.5605,435.919,437.1503,429.4513,386.4838,370.1512,371.6002,343.824,348.5789,360.7542,345.5675,332.353,346.0245,360.7756,371.7278,385.2318,386.4694,372.1395,340.9456,318.681,334.8002,353.9394,346.2704,339.0728,341.9872,347.4532,349.2216,292.5488,263.5195,277.3044,297.8943,317.9099,333.2727,366.049,409.7175,407.6176,431.1648,443.0726,426.1346,425.5005,408.4032,397.1801,384.7928,370.4673,381.2284,382.7186,365.6833,340.7177,313.3034,311.6423,344.6588,355.2617,355.1716,371.1604,374.735,394.0152,387.334,297.9409,173.235,147.0867,188.896,316.2631,368.158,381.7251,346.5374,332.8699,328.7783,346.213,356.8327,362.5152,386.9036,415.4748,441.5038,429.046,425.6716,428.0398,433.804,439.2016,448.1106,381.7252,371.9949,380.1598,383.7889,379.0466,369.4415,364.6823,367.5488,373.6459,361.9971,379.2545,372.7025,356.3287,339.2501,334.2808,344.5764,367.256,385.9225,377.8245,348.7314,350.5671,345.8783,351.6744,381.2655,405.3784,402.5413,373.1339,392.5975,422.5436,447.8383,463.7159,464.8237,467.7547,471.392,475.6221,475.1569,450.9832,414.6053,402.9686,390.4391
296.3727,281.8796,284.5295,300.845,282.2297,285.1655,322.0322,437.8678,435.7776,435.6484,442.0387,444.896,439.9785,416.9086,405.0691,384.481,341.3429,355.0839,362.21,351.9442,342.4098,347.9083,353.9728,363.2133,379.5417,382.491,359.6883,338.8928,327.0694,336.8553,346.2379,341.7784,338.3893,340.0199,334.1459,313.5334,277.1871,260.0542,266.0507,279.1946,295.7867,315.9853,352.2279,407.7504,426.9617,441.18,440.5919,428.1044,424.5602,414.5239,409.6771,402.9813,380.2681,384.1821,382.4626,368.5085,352.23,332.8609,324.695,332.9767,332.068,356.2418,372.573,384.2356,401.8467,399.0168,341.8899,251.3756,197.7113,168.9484,334.8638,363.1858,362.7401,342.4719,333.047,328.1546,337.2448,343.8969,349.8422,397.5218,429.608,436.515,427.5479,427.6273,429.6898,437.2268,445.2835,455.354,383.039,378.7798,387.9839,391.7963,390.2328,381.7892,375.6239,373.0806,376.9771,369.6685,382.1578,378.326,364.4891,347.7773,337.551,342.5896,361.7543,385.1889,390.9059,365.6639,366.5827,358.8681,359.9268,380.5627,402.3528,403.6114,375.3349,402.1646,421.2299,440.9619,451.613,449.2976,449.4473,453.3597,458.4457,460.7558,432.1257,406.6899,403.8866,399.7014
264.8472,263.3697,273.2931,286.2061,295.8848,286.5992,257.3058,433.7871,435.6903,443.7003,448.372,452.6835,450.7444,446.5264,438.75,398.6408,340.543,362.6544,365.7631,360.9649,355.4822,353.2043,350.9069,357.6813,375.4358,382.5714,352.0946,341.7225,339.7912,343.1774,343.042,341.3063,341.5955,342.4916,324.7198,280.8361,263.2599,256.8637,255.5879,261.53,274.7874,299.5303,339.2366,403.7862,443.0771,448.6211,436.6913,428.6321,422.5496,419.6824,421.3699,420.7901,392.7464,390.751,385.6305,374.0195,365.5431,353.7365,339.7483,325.2536,313.6018,360.4556,377.179,396.0668,411.3681,411.8846,384.6657,326.1376,246.4081,149.9002,354.7446,359.2218,346.3017,340.2554,335.4479,329.767,330.8157,333.1789,338.5141,408.2126,442.5239,431.925,426.0914,429.1392,430.9555,439.9363,450.5036,461.6007,383.1779,383.3496,393.1252,396.8317,398.5658,391.6521,384.4653,376.6171,377.667,375.3167,383.6047,382.2019,370.2065,353.7268,338.8537,338.9919,355.147,383.3338,403.8764,381.2848,382.4875,372.3355,368.3854,378.9347,397.6094,403.5184,378.4632,412.6253,420.7424,435.7242,441.67,436.2009,433.1393,436.8097,442.4543,447.4986,414.1104,398.6579,404.1192,407.6978
227.0371,229.7892,244.9727,257.8404,263.3569,256.4268,258.5815,439.8396,445.1292,450.68,457.1276,460.541,464.2497,463.7673,453.7656,429.7554,364.7663,383.9023,397.7107,406.6718,410.275,405.9646,400.3346,394.6037,394.9331,438.4792,412.0764,411.4837,411.0069,406.9987,400.9619,395.3396,397.4846,404.9925,367.7455,290.3066,269.3416,257.4951,256.3454,258.8489,269.8908,294.5546,337.2582,373.0482,413.3995,419.4275,412.3374,407.9436,404.5078,409.48,419.0607,429.5087,438.7574,445.0579,434.6177,415.6398,402.6974,391.5769,381.4467,372.0238,360.0143,407.2936,424.4961,438.0225,442.0821,438.7594,407.8267,349.9089,266.1061,144.5432,389.3452,368.0986,364.3417,362.2856,366.9318,361.0936,358.8036,353.1614,346.3976,419.5824,438.2165,433.0784,425.3939,423.9975,426.7401,432.8957,443.8648,453.8438,367.6267,358.0094,361.857,361.6147,368.1065,367.6357,364.8362,353.5303,343.1498,352.9489,365.1868,362.2925,342.8367,324.8011,313.7951,314.0056,333.7083,365.7094,412.9173,375.7886,393.5975,389.4515,377.367,363.2526,368.1222,385.7444,392.6691,434.8737,430.9099,452.5279,461.4086,456.6483,444.8981,441.3897,443.5791,450.4844,409.0705,389.7831,395.0229,398.06
241.3107,216.4387,243.9641,247.0268,250.147,285.1328,340.0782,453.2876,449.7378,449.2795,455.8797,460.3444,467.0971,469.891,456.362,438.2262,400.6662,379.5356,401.4741,430.3755,438.0865,432.0643,428.3597,422.9283,425.7822,453.1524,434.1955,428.1679,421.3577,409.4329,400.1437,396.5752,401.4587,406.8266,357.1701,284.9958,265.0579,255.9501,254.244,256.9613,263.3384,281.5401,320.7765,373.1264,395.5894,397.7657,388.4504,381.0183,377.5396,376.8629,380.3668,383.4969,407.6373,432.5098,429.5158,417.3425,407.4815,398.3726,389.6121,379.1196,356.1554,412.8911,420.9786,427.0161,424.5713,418.8953,390.2314,339.5896,267.8131,150.0609,367.215,351.1897,348.1666,347.5779,353.019,353.9056,353.2664,353.5542,351.4366,425.3543,439.0063,434.0825,427.0708,415.032,423.472,434.0109,445.9155,451.7318,371.1455,363.6496,365.2968,366.106,373.4966,373.3561,372.8796,363.1511,352.4589,348.2535,364.0859,363.9609,348.1118,330.877,319.3516,317.0253,329.197,354.2723,386.6871,337.0455,356.3336,357.4997,349.2479,336.8756,339.196,354.2874,372.044,440.3993,421.9174,445.1306,458.8036,454.3732,444.9152,442.1525,445.0262,449.5717,416.5264,393.6505,394.3848,397.9352
257.6002,205.0818,242.0788,236.8057,237.5023,309.9669,415.2555,465.8786,454.7834,448.55,455.2614,460.5363,469.976,475.7682,459.1944,446.8862,435.4179,375.8775,405.5068,452.6228,464.0008,456.4928,454.5767,449.4647,454.6709,466.2114,454.0977,443.0801,430.5327,411.5301,399.442,398.0701,405.4596,408.8254,347.3236,280.049,261.4027,255.2245,253.1311,255.9186,257.5773,269.2185,305.2239,374.3496,378.6902,376.8082,365.4455,355.3092,351.9264,345.8701,343.3098,338.9386,378.2208,419.7807,423.9461,418.421,411.7327,404.7035,397.2101,385.5462,353.4464,418.9935,418.6478,417.4698,408.7417,400.7436,374.6248,331.174,271.0094,155.4353,346.2545,335.1163,332.81,333.5307,339.595,346.801,347.9683,354.1071,356.9024,430.3992,439.0629,434.4318,428.1431,406.5762,420.5742,435.4979,448.1188,449.964,375.8344,370.3712,369.9083,371.3822,379.2567,379.4624,381.2242,373.2515,362.5505,345.1928,363.5563,366.0592,354.0949,337.1419,324.4256,319.6719,324.7956,344.0033,362.7376,301.9446,321.5639,328.0197,323.4821,312.3798,312.962,325.9736,352.9504,445.2989,414.189,437.557,455.9137,452.3352,445.1779,443.1219,446.4054,448.7261,423.8405,397.3001,393.4207,397.5817
307.762,227.2183,225.464,236.5406,234.356,269.7481,384.2589,464.0729,467.1718,459.0964,465.221,467.2561,473.3826,477.5042,465.9919,458.725,450.8798,384.1221,414.0653,450.3982,458.0392,452.842,450.4125,445.9569,450.6212,452.1486,436.7542,428.2187,419.9506,407.966,400.6994,403.9207,409.9126,413.5925,349.7225,281.2208,268.3089,268.2644,268.6247,269.0729,265.1115,268.5364,305.2842,394.8094,377.0969,367.6831,357.2619,350.0359,349.0781,342.166,333.7572,318.8011,377.4272,404.0096,410.5146,409.0122,407.0312,403.2259,395.2758,380.7304,370.0558,433.5783,436.2567,432.4539,421.158,411.3624,392.4326,354.7439,299.2286,158.4044,344.9469,333.0831,331.2046,330.5803,334.3826,341.0995,346.6887,357.3513,369.5404,423.231,426.8003,423.7788,419.059,406.6859,423.8952,443.2325,452.8864,453.9816,400.1832,395.2618,394.2076,389.8455,391.2318,392.0527,394.6294,391.4124,385.789,369.5966,372.6247,375.3801,371.9736,346.5807,321.394,316.0493,322.2406,353.3601,377.1069,328.0382,328.6996,340.07,337.2562,319.4908,331.9605,350.4695,359.5886,439.6787,427.7022,427.0221,448.2355,454.2788,449.5668,447.5638,446.6417,449.0074,428.7718,397.2881,386.9779,393.3845
357.9239,249.3548,208.8491,236.2755,231.2098,229.5293,353.2622,462.2671,479.5601,469.6428,475.1806,473.9759,476.7893,479.2401,472.7894,470.5638,466.3417,392.3666,422.6239,448.1735,452.0775,449.1913,446.2484,442.4491,446.5715,438.0858,419.4108,413.3573,409.3685,404.402,401.9568,409.7714,414.3656,418.3595,352.1214,282.3926,275.215,281.3044,284.1183,282.2272,272.6457,267.8543,305.3445,415.2692,375.5036,358.5581,349.0783,344.7625,346.2299,338.4619,324.2045,298.6637,376.6336,388.2385,397.083,399.6034,402.3298,401.7482,393.3417,375.9145,386.6653,448.1631,453.8656,447.438,433.5742,421.9811,410.2402,378.3138,327.4479,161.3734,343.6393,331.0498,329.5991,327.6298,329.1702,335.3981,345.409,360.5954,382.1785,416.0628,414.5377,413.1258,409.9748,406.7956,427.2163,450.9672,457.654,457.9991,424.532,420.1523,418.507,408.3088,403.207,404.6431,408.0347,409.5733,409.0274,394.0003,381.693,384.701,389.8524,356.0194,318.3623,312.4266,319.6856,362.7169,391.4762,354.1318,335.8351,352.1203,351.0303,326.6018,350.959,374.9654,366.2269,434.0585,441.2154,416.4872,440.5574,456.2224,453.9557,452.0057,446.878,449.2886,433.703,397.2761,380.5351,389.1873
396.7747,267.2264,194.8703,237.5564,229.9822,192.2183,317.5934,462.1171,490.7334,480.9041,485.8911,481.2306,480.7459,481.3531,480.0083,482.4501,480.5117,401.7529,430.3569,445.1071,445.4193,444.9415,441.5585,438.7056,442.2632,424.5208,401.3463,398.7633,398.9196,400.5604,402.9435,415.1249,418.4042,422.2254,356.5097,289.1671,283.8515,296.2267,300.5722,294.9277,280.1843,270.1583,308.9333,431.6093,374.601,353.866,342.4274,341.3636,344.5469,336.0084,319.1254,287.119,378.9417,375.5404,385.7267,392.1802,399.0486,400.7729,391.3661,372.5162,403.849,461.4456,470.6346,463.1306,447.1383,434.0201,427.2026,395.4237,346.151,164.6776,339.1405,331.5863,331.069,327.2724,326.6147,332.5888,347.1833,366.1497,394.9575,408.7798,403.0066,403.6304,401.4769,408.5391,431.6932,458.6514,462.6168,462.1138,448.3691,444.4356,441.5997,426.168,415.1567,417.228,421.3347,427.1385,431.3505,418.787,391.5914,394.346,405.7544,364.0626,315.8845,309.1679,316.9935,368.8635,405.6099,378.6251,344.0813,364.3416,365.12,335.3765,368.6013,395.889,372.2737,429.2283,451.6722,405.9591,432.0037,456.8623,457.921,456.5096,447.8497,449.4084,436.2038,395.3474,373.2337,383.9144
218.5887,202.6918,233.1567,268.2975,264.306,214.5645,199.59,493.5161,477.9097,504.5907,510.2286,498.5122,495.0707,490.6837,494.7989,494.0255,468.9008,432.9775,422.2561,425.8065,425.4478,429.3697,427.0409,430.5237,432.9746,420.815,370.6764,389.4668,391.0652,391.4949,398.4014,410.489,414.1839,408.5722,398.9113,403.1421,326.3498,346.3092,335.2942,299.0683,287.6693,330.4934,379.3689,367.4877,387.6425,433.688,365.0805,374.1841,365.4865,358.1061,399.8893,440.0166,440.1433,422.4231,414.6706,422.5633,422.5212,409.2008,388.4938,396.2667,431.228,449.1678,470.606,491.7578,482.4597,472.7258,425.3881,286.8233,181.7649,174.246,274.6613,381.5109,391.2236,376.5221,374.9713,385.0641,407.1468,415.7316,409.9091,399.7283,405.8844,416.7645,404.9752,441.1243,457.8501,464.8181,470.5347,466.7551,459.8313,454.5923,439.6156,430.5672,425.0534,428.1811,431.0923,431.9031,434.9402,449.258,417.1118,410.002,383.1407,344.5303,323.4063,312.8976,312.742,315.374,414.657,372.5667,373.8026,379.2509,385.0102,376.0367,359.7174,348.7076,366.8403,437.7799,404.1027,397.0522,406.8015,432.8337,453.9746,461.7104,462.4789,446.9482,393.7212,358.7374,351.2532,358.8828
247.1724,203.9327,259.3135,266.4574,236.4924,266.4258,323.5951,489.9214,472.689,487.5599,504.1093,500.9937,495.4129,492.6947,490.9049,478.5352,459.6581,441.8784,429.3599,420.1158,419.3721,428.4292,427.7267,428.4281,428.0549,414.5689,379.4935,378.8559,381.6099,389.6999,391.6853,405.3138,410.9775,406.5215,401.5253,408.1958,351.3031,341.477,349.0356,314.6497,292.0809,351.9818,366.9629,348.4915,402.8413,420.8124,357.4681,378.1705,370.7568,369.197,398.9547,426.5002,431.3776,426.2828,416.0052,410.331,409.3474,403.3881,384.1787,393.0218,430.4661,448.4062,471.3,493.2653,491.0716,472.9062,384.3105,258.7535,180.8265,174.1209,295.3375,386.134,388.2044,375.2144,373.2967,380.1492,402.5072,416.6555,410.9245,402.0883,403.3533,417.657,413.7537,432.9381,452.201,460.1164,457.9772,440.9925,425.9684,422.8994,418.5595,405.9959,401.9796,406.5438,410.1578,418.1819,430.2357,437.0954,420.9648,415.2913,384.1201,333.4364,307.4219,310.0863,333.9237,362.5658,415.8495,399.0661,386.7925,378.334,393.6292,385.5115,364.7909,376.3069,369.4075,393.8587,425.6197,419.9141,400.8411,440.0773,462.3492,455.2,453.9207,458.5018,431.0414,402.0181,383.4084,372.3932
275.4784,204.9408,283.1108,264.8702,209.8549,314.9304,441.727,485.8543,467.4932,471.1162,498.0598,503.269,495.6002,494.4944,487.2071,463.6603,450.7379,450.345,435.7284,413.8627,412.9719,427.4203,428.2792,426.166,423.095,408.394,387.8297,368.6057,372.7782,388.4037,385.7192,400.501,407.7243,404.4672,404.3138,413.1461,375.1349,336.7792,361.4326,328.6456,295.416,371.1027,354.1192,329.9575,416.0734,406.8353,350.0569,382.1866,376.2149,380.3575,398.4074,413.649,422.788,429.6382,417.0518,398.521,396.531,397.8614,380.1978,389.4689,428.7424,446.6263,470.5963,493.3685,498.369,473.0649,346.0193,232.314,179.7998,174.1138,315.7523,390.7178,385.5749,374.754,372.5084,376.1658,398.4606,417.5128,411.8827,404.5468,401.2334,418.5792,422.0819,424.6326,446.0581,454.713,445.6918,416.9131,393.4177,392.738,398.326,382.3366,379.5683,385.3214,389.5178,404.1217,424.3069,425.1139,425.1409,420.6532,385.5765,323.8938,293.3066,307.9858,353.76,406.6343,417.4354,424.3169,399.071,377.6377,401.8769,395.0141,370.6217,402.7126,372.0763,352.2267,446.0525,441.0231,395.514,446.8903,470.1374,449.1194,445.8916,469.1082,466.9124,443.2227,413.618,385.4417
296.917,200.1915,248.5674,269.5345,212.2939,280.4416,414.6405,470.1068,462.9135,469.1892,493.7362,500.4428,491.9608,491.0687,488.3597,463.9998,449.7937,448.0741,423.915,393.705,398.5481,424.721,425.5371,419.7865,417.1434,403.983,384.2746,367.276,379.3652,399.4412,398.2974,404.6488,403.3133,402.3244,411.4148,415.5398,371.2381,335.4077,340.5889,303.437,272.1334,331.6854,330.4512,322.8516,380.6789,365.6205,347.6169,386.9362,386.3146,393.24,407.4384,417.2448,418.552,420.5233,410.9759,397.1533,392.5528,399.4045,384.4803,378.3012,403.2375,419.6666,435.3341,458.7489,473.1655,472.6847,376.6243,246.1837,176.592,177.0262,329.7027,394.3304,392.5808,395.2412,393.6376,395.2163,409.0742,416.7243,411.4305,409.4441,409.2792,420.2364,419.2761,413.3777,427.7057,431.959,440.135,434.4527,393.3133,400.4402,398.4292,381.229,373.5393,374.3589,376.1588,381.6786,388.1092,417.6113,437.304,427.8093,398.8267,352.7069,325.408,323.4597,340.3318,373.4798,428.7522,418.6945,393.7601,382.3943,400.9422,405.2046,395.177,399.6071,377.2596,367.1964,439.6757,418.7893,405.8433,443.0556,463.4294,453.6651,450.9444,456.2927,466.9522,433.0966,395.7223,387.0648
317.1348,195.8481,215.2249,273.9098,215.3497,247.6209,388.6827,454.7202,458.3227,467.1859,489.298,497.4038,488.17,487.3667,488.8903,463.5617,448.0226,445.0132,411.8272,373.8474,384.1376,421.3304,422.1173,413.0391,410.8934,398.9652,380.2104,365.5914,385.2912,409.5658,409.9624,408.1779,398.6341,399.7459,417.7701,417.0061,366.8066,333.5063,319.8886,278.8627,249.7134,293.494,307.77,316.6828,347.2846,326.9367,346.2065,392.0534,396.4528,405.8773,416.1393,420.4343,414.0198,411.3653,404.827,395.5809,388.4424,400.4426,388.209,367.1941,378.0668,393.0068,400.9109,424.9976,448.4772,471.9993,406.469,260.8647,174.9413,180.1908,343.3323,397.3031,398.741,414.2148,413.1589,412.6392,418.2723,414.9691,410.2376,414.042,417.1764,422.0055,416.7987,402.8354,410.2538,410.274,434.9017,451.2655,393.2743,407.7884,398.5551,380.143,367.711,363.9175,363.4157,360.2522,353.6007,410.3907,448.8034,434.6389,411.6724,380.6858,356.5978,338.6691,327.7339,342.0111,439.6183,413.1591,388.5469,387.1844,400.0206,415.2234,419.2744,396.7093,382.5476,382.0151,433.2381,397.5169,416.1246,439.4458,456.9279,458.2485,455.892,443.8865,466.8199,423.3772,378.5337,388.4189
301.6934,203.3575,216.9547,269.8416,236.4175,263.5204,395.6912,449.8759,453.4051,462.953,481.5104,488.1491,479.9576,475.5965,471.2517,440.4091,422.1039,418.8803,391.7246,362.7522,370.1172,397.746,398.9055,395.5459,395.9278,376.2266,361.2771,353.5383,371.9082,393.025,394.9559,393.6357,386.1213,384.4422,402.3438,391.3853,346.7614,316.1295,303.3768,272.8174,252.4901,291.1073,313.9084,337.8882,372.3106,362.1788,374.8639,407.9082,407.7191,411.3536,415.1989,411.7567,400.8363,400.9452,396.5435,388.0342,380.4708,386.7268,375.7651,357.8593,362.6546,375.103,390.9916,416.6064,438.8384,462.3968,414.1083,299.2458,218.7682,190.7193,347.5916,381.5851,380.1955,388.9747,385.7182,382.524,386.1244,384.9766,387.4135,409.8949,420.7324,427.044,423.916,413.1075,419.1076,419.8157,439.1155,446.8504,395.1443,404.7924,399.3435,379.6876,367.745,368.6954,368.6584,368.5241,368.429,411.4064,440.9185,431.932,412.7039,384.2972,361.1631,346.1534,339.3843,359.7806,437.3222,410.1633,386.19,392.9515,399.4793,420.2296,429.9962,399.8819,390.8978,392.4254,425.0257,404.3237,425.0037,442.4016,456.4605,463.9368,457.7658,443.4373,461.6637,425.5382,381.9997,381.9146
286.252,210.867,218.6845,265.7734,257.4854,279.4198,402.6996,445.0315,448.4875,458.72,473.7229,478.8945,471.7451,463.8264,453.613,417.2565,396.1851,392.7474,371.6221,351.657,356.0968,374.1616,375.6938,378.0528,380.9622,353.488,342.3438,341.4852,358.5252,376.4842,379.9493,379.0935,373.6086,369.1384,386.9174,365.7646,326.7162,298.7528,286.8651,266.7721,255.2667,288.7206,320.0468,359.0935,397.3367,397.421,403.5214,423.763,418.9854,416.8298,414.2586,403.0792,387.6528,390.525,388.2602,380.4875,372.4991,373.011,363.3211,348.5244,347.2425,357.1992,381.0723,408.2151,429.1996,452.7943,421.7476,337.6269,262.5951,201.2479,351.8509,365.8672,361.6501,363.7347,358.2775,352.4088,353.9766,354.984,364.5894,405.7477,424.2883,432.0825,431.0333,423.3796,427.9615,429.3574,443.3294,442.4353,397.0144,401.7964,400.1318,379.2323,367.7789,373.4733,373.901,376.7959,383.2572,412.4221,433.0337,429.2251,413.7354,387.9086,365.7283,353.6377,351.0347,377.55,435.0261,407.1674,383.8331,398.7187,398.9381,425.2359,440.718,403.0544,399.248,402.8357,416.8132,411.1306,433.8829,445.3574,455.9931,469.6251,459.6396,442.9881,456.5075,427.6992,385.4658,375.4102
270.8105,218.3765,220.4143,261.7052,278.5532,295.3193,409.708,440.1872,443.5698,454.4871,465.9353,469.6398,463.5327,452.0562,435.9744,394.1039,370.2663,366.6145,351.5195,340.5618,342.0764,350.5772,352.482,360.5596,365.9967,330.7494,323.4104,329.4321,345.1422,359.9435,364.9427,364.5513,361.0959,353.8347,371.4911,340.1438,306.6709,281.3761,270.3533,260.7267,258.0434,286.3338,326.1852,380.2989,422.3628,432.6631,432.1789,439.6177,430.2516,422.3061,413.3182,394.4016,374.4693,380.1049,379.9767,372.9408,364.5276,359.2953,350.8771,339.1896,331.8304,339.2953,371.153,399.8239,419.5609,443.1918,429.3868,376.008,306.422,211.7764,356.1103,350.1493,343.1046,338.4947,330.8368,322.2936,321.8287,324.9915,341.7653,401.6006,427.8442,437.121,438.1506,433.6517,436.8153,438.899,447.5432,438.0203,398.8845,398.8004,400.9202,378.7769,367.8129,378.2513,379.1437,385.0678,398.0855,413.4378,425.1488,426.5183,414.7668,391.52,370.2936,361.122,362.6851,395.3195,432.7299,404.1715,381.4761,404.4858,398.3969,430.2421,451.4399,406.227,407.5982,413.2459,408.6007,417.9374,442.762,448.3132,455.5257,475.3133,461.5134,442.539,451.3513,429.8601,388.9318,368.9059
256.5203,226.0351,222.9737,258.7116,298.8568,311.0295,416.6562,435.663,438.7036,450.1483,458.2992,460.6454,455.1908,439.9077,418.3346,371.4606,344.7984,340.8713,331.9112,329.7475,328.338,327.8805,330.2475,343.5815,351.3493,308.8863,305.0232,317.5328,332.0994,343.9395,350.3152,350.2153,348.6981,338.8406,356.2656,315.2465,286.9789,264.2476,254.201,255.1448,261.5177,284.917,332.8836,400.851,446.2049,466.7285,460.0297,454.8471,441.0732,427.5456,412.1351,385.782,361.7086,369.7321,371.5384,365.3209,356.5815,345.518,338.2479,329.7509,316.8286,321.9834,361.2782,391.166,409.6164,433.1998,435.8869,411.4204,347.0005,221.4502,359.2578,334.4025,324.6302,313.1364,302.7154,291.4341,289.5653,295.8628,320.044,397.4097,431.0169,441.6441,444.8639,443.4233,445.1393,447.8842,451.3563,433.3167,400.1987,395.2071,401.0144,377.8389,367.4439,382.4079,383.7327,392.5778,411.9241,413.8171,416.9304,423.1624,414.8577,394.1003,373.9956,368.0454,374.0618,412.4696,429.946,400.6568,379.0712,409.7733,397.6327,434.7126,460.7274,408.426,414.8817,422.4342,400.0202,424.2045,451.0739,450.7306,454.8607,480.5295,462.9908,441.8764,446.0222,431.7746,392.3505,362.813
294.4505,240.4614,263.1656,304.4662,284.4917,318.1509,420.8741,445.6575,436.1668,441.0097,457.5353,463.4576,440.9786,410.5966,400.6379,371.9194,339.7861,332.8025,334.7235,331.6735,327.3909,345.456,352.3469,349.9704,351.136,326.7373,311.4121,312.6123,334.4843,352.285,352.8838,345.2339,341.5159,337.8941,350.1533,323.1644,283.3118,258.3798,254.355,270.5829,296.6414,327.4996,364.9816,391.7737,416.3412,447.4109,451.2888,441.7043,431.7209,422.045,399.9398,379.7921,368.1297,361.5111,356.0724,354.3786,349.7966,328.9508,317.2176,315.5985,320.4369,331.5224,353.4234,370.4111,385.8046,405.5364,390.7075,312.1646,240.2249,192.349,311.969,317.3461,309.3774,282.4161,243.7194,226.8137,252.059,305.9204,348.3506,391.2359,416.8039,422.7849,433.2491,430.4942,429.4285,431.6233,436.9905,415.5276,376.2963,364.5191,369.6235,355.0065,348.7991,358.3836,358.6692,365.5276,380.87,385.3305,393.5788,390.3663,372.281,349.9037,338.5407,349.5233,373.0226,401.5275,405.0361,373.6074,374.4865,393.2991,386.7518,414.8764,404.9478,366.4614,373.7728,376.1906,374.7437,405.9883,433.6523,428.7244,445.2331,464.3306,446.4862,431.5337,432.8492,422.5078,393.6224,375.388
332.1325,255.0383,302.7136,349.5808,270.6091,324.8701,424.7569,455.5042,433.7926,432.0854,456.7089,466.2157,427.1924,381.8764,383.1729,372.4679,335.1569,324.9748,337.4914,333.6905,326.534,362.4519,373.7769,356.0217,350.6971,344.1925,317.7228,307.7265,336.7049,360.4499,355.4775,340.5381,334.6794,337.0621,344.1474,331.0704,279.9605,252.7894,254.6289,285.8079,331.278,369.4779,396.5907,382.9217,387.0617,428.3881,442.5751,428.7834,422.6211,416.539,387.7855,373.7544,374.1443,353.0852,340.5616,343.3902,342.7442,312.1138,295.929,301.1774,323.6446,340.6833,345.548,349.8854,362.1822,377.9699,345.7298,214.2326,135.2087,163.7778,265.4009,300.8093,294.8488,252.2907,185.374,163.1101,215.3092,315.9839,376.1206,385.1833,402.8224,404.0973,421.6176,417.9607,414.1873,415.8073,422.9263,398.0355,352.833,334.4049,338.7634,332.6373,330.6454,334.8665,334.0646,338.8561,350.2245,357.2705,370.5069,358.0316,330.3858,306.4781,303.6431,331.2085,371.8983,390.6362,380.4338,347.0579,369.5768,376.7182,375.628,394.7563,349.7757,324.8769,332.9818,330.6159,349.9027,387.8136,416.325,406.9196,435.381,448.1216,430.1429,421.1539,419.5274,412.9251,394.5106,387.4798
354.3533,278.9949,302.1515,354.8381,286.7837,306.5316,407.763,456.1396,441.5433,436.5107,451.9953,465.6098,439.9431,389.9692,380.1341,378.6045,354.3936,332.163,337.4845,341.3739,331.3016,343.348,353.5114,341.0563,336.2085,336.9846,319.1591,304.9998,328.6903,357.3687,359.6407,353.6331,349.3824,343.3654,344.7777,338.2299,296.2843,264.479,262.3758,287.765,335.5773,373.8204,397.7483,388.1022,394.1743,427.7183,435.5534,429.6854,429.252,410.6977,378.19,364.7398,354.84,331.8972,322.2599,329.5336,319.0319,278.472,258.5576,270.0118,301.895,326.2892,336.3877,343.6354,350.3566,356.4417,313.3122,198.7615,139.7771,168.2249,263.7234,316.6275,325.418,259.2222,167.555,156.5096,225.6752,326.4123,370.4707,386.6866,403.2558,396.0938,408.9373,430.0709,428.1925,427.7032,427.6386,399.0487,356.7188,340.0327,340.9676,339.1206,343.089,342.9388,338.0409,335.7716,345.0309,355.7752,364.8547,354.427,330.9378,311.0643,303.4611,325.7998,365.4811,382.9045,374.9943,351.6433,344.423,353.4899,349.3737,356.9485,332.4459,306.9662,311.9841,326.7035,352.1947,372.2254,404.8628,397.658,411.54,431.2797,423.8458,408.4688,396.9393,383.6738,371.4944,369.4762
376.2044,302.6597,301.6234,360.0323,302.7591,288.5668,391.1887,456.8769,449.2455,440.8588,447.3659,465.101,452.5994,398.0701,377.1515,384.6152,373.4288,339.2515,337.451,349.0832,336.2292,324.605,333.5437,326.3733,322.0155,329.929,320.6652,302.4576,320.9269,354.4207,363.8644,366.7144,364.2178,349.9662,345.7253,345.5401,312.4409,276.0873,270.123,289.9111,340.2766,378.6174,399.1827,393.3647,401.1958,427.0612,428.6709,430.6736,435.8128,404.8548,368.6376,355.7968,335.7217,310.9501,304.1393,315.7893,295.6674,245.2889,221.5465,239.1006,280.4177,312.0549,327.2359,337.2532,338.4108,334.8109,281.0044,183.3915,144.1803,172.7415,262.0616,332.2954,355.7928,266.4814,150.7557,150.7489,236.5211,337.1299,365.2056,388.5316,404.051,388.5508,396.7339,442.1835,442.2307,439.706,432.5754,400.5861,360.6074,345.8458,343.522,345.9161,355.7439,351.2811,342.3724,333.1278,340.0771,354.4956,359.2843,350.9892,331.7473,315.9689,303.6415,320.5583,358.8283,375.1462,369.2058,355.8024,319.6118,330.5399,323.5183,319.6649,315.458,289.6598,291.7969,323.8896,355.1206,357.6229,393.9744,388.9358,388.2854,414.7314,417.8363,396.4451,374.4128,354.6846,348.7472,351.6342
361.619,297.6089,304.5669,358.9618,299.0545,307.3864,415.8357,467.5579,452.118,437.6342,451.0058,474.0706,455.8914,406.9037,379.6947,378.2244,372.5848,336.6022,334.8637,359.296,356.8515,341.3912,342.9094,339.5085,336.944,337.8716,329.0344,318.0578,337.8931,364.5684,374.0164,378.4291,391.9839,385.7132,377.8407,367.6037,312.1401,279.6933,277.8677,310.5943,384.1955,427.9596,427.749,406.64,399.2944,427.712,435.5268,440.1322,435.4699,398.9092,363.4007,353.9836,335.0588,313.88,304.0211,313.2722,306.6912,257.5438,220.4378,233.5646,285.8306,313.6184,319.0587,318.0337,314.8964,303.4478,259.9144,178.4052,132.7567,184.1349,262.2409,333.2715,366.9441,305.9353,234.2701,227.5724,294.3884,375.9492,397.4615,423.9403,440.3074,426.2285,431.3677,454.4583,459.4362,462.1454,459.5228,453.4129,364.785,369.7834,380.3901,383.2802,389.0316,386.0281,381.4946,373.7089,358.6653,374.355,361.8231,363.9803,357.8547,352.072,339.378,331.7774,329.2306,364.9109,329.4344,318.3192,328.6626,335.149,337.039,334.1115,332.2234,331.8151,351.2786,428.7835,420.2008,439.7179,439.4243,433.1772,422.7266,427.1327,440.1137,449.3478,358.1842,351.594,352.4968,349.7611
353.746,304.1703,324.0509,351.8018,291.8944,313.2059,416.7201,464.0777,449.8644,438.2617,449.1514,468.9928,452.9529,406.5898,379.0099,375.8566,373.5546,346.5295,341.5674,361.8063,365.4097,348.2093,345.8193,346.7261,345.4169,343.8056,335.2253,325.3899,346.1382,369.9894,380.0652,389.1282,401.4279,394.1873,389.4247,375.7357,318.0468,285.1718,279.9228,315.7025,394.4967,436.1499,430.2048,409.8376,407.3424,436.1883,444.2316,444.4148,435.7296,399.9962,368.4536,362.4318,349.8125,331.8863,323.5965,330.1375,327.5226,295.9509,267.7183,267.8344,294.4217,318.7288,328.7058,328.4226,330.7636,326.933,293.842,229.9935,187.2837,196.8907,304.4877,353.769,371.9327,328.1321,275.3664,266.7813,305.7304,355.0552,367.0261,435.4462,443.0421,432.4803,436.3927,456.4224,463.3729,468.0384,467.6898,447.7427,371.7691,372.9852,383.8893,388.2751,392.6815,390.0486,386.2526,378.801,360.7616,375.9989,368.7568,372.7397,367.539,359.1642,346.1521,338.91,340.4425,376.3306,352.2729,338.6268,346.6675,351.5644,352.081,351.3296,351.2141,353.744,368.8388,439.9945,431.3831,445.3987,446.8615,441.3806,435.3842,438.5799,449.238,455.1101,372.0156,352.4375,350.8381,351.1589
345.873,310.7318,343.5349,344.6418,284.7343,319.0255,417.6045,460.5974,447.6107,438.8892,447.2971,463.9149,450.0146,406.2758,378.3251,373.4887,374.5243,356.4568,348.2712,364.3167,373.9678,355.0274,348.7292,353.9437,353.8899,349.7397,341.4162,332.722,354.3834,375.4104,386.1139,399.8274,410.8719,402.6615,401.0087,383.8678,323.9535,290.6505,281.9778,320.8107,404.7979,444.3402,432.6606,413.0352,415.3904,444.6646,452.9364,448.6974,435.9893,401.0832,373.5064,370.8799,364.5662,349.8927,343.1719,347.0029,348.354,334.358,314.9988,302.1043,303.0127,323.8392,338.3528,338.8115,346.6307,350.4182,327.7697,281.5817,241.8107,209.6465,346.7344,374.2666,376.9212,350.3289,316.4628,305.9903,317.0724,334.1613,336.5907,446.9521,445.7767,438.7322,441.4177,458.3864,467.3095,473.9313,475.8569,442.0725,378.7532,376.1869,387.3885,393.27,396.3313,394.0692,391.0107,383.893,362.858,377.6429,375.6905,381.499,377.2233,366.2563,352.9263,346.0427,351.6544,387.7503,375.1114,358.9344,364.6725,367.9799,367.123,368.5477,370.2049,375.6729,386.399,451.2054,442.5655,451.0795,454.2987,449.5839,448.0417,450.0271,458.3624,460.8723,385.8469,353.281,349.1794,352.5567
338.0,317.2932,363.0189,337.4818,277.5743,324.845,418.4889,457.1172,445.3571,439.5167,445.4427,458.837,447.0762,405.9619,377.6403,371.1209,375.4941,366.3841,354.975,366.827,382.526,361.8455,351.639,361.1613,362.3628,355.6737,347.6071,340.0541,362.6285,380.8314,392.1626,410.5265,420.3159,411.1357,412.5927,391.9999,329.8602,296.129,284.0329,325.9189,415.0991,452.5305,435.1164,416.2329,423.4384,453.1409,461.6411,452.98,436.249,402.1702,378.5592,379.3281,379.32,367.8991,362.7473,363.8682,369.1854,372.7651,362.2793,336.3741,311.6038,328.9496,347.9998,349.2004,362.4979,373.9034,361.6973,333.17,296.3378,222.4024,388.9812,394.7642,381.9098,372.5256,357.5591,345.1992,328.4145,313.2673,306.1553,458.458,448.5113,444.9841,446.4427,460.3505,471.2462,479.8243,484.0239,436.4023,385.7373,379.3887,390.8878,398.2649,399.9811,398.0897,395.7687,388.9851,364.9544,379.2868,382.6242,390.2584,386.9076,373.3485,359.7004,353.1753,362.8664,399.17,397.9498,379.2419,382.6774,384.3953,382.165,385.7658,389.1956,397.6017,403.9592,462.4164,453.7479,456.7602,461.7359,457.7872,460.6992,461.4743,467.4867,466.6346,399.6783,354.1245,347.5207,353.9545
339.0984,318.1601,359.95,337.3365,283.0323,335.9471,423.7639,451.8265,441.7591,439.2223,449.3167,455.8946,435.7261,395.8457,371.7352,367.7373,370.6141,363.0192,356.0643,369.1737,382.4527,361.5314,351.3284,359.3252,363.1443,356.3324,346.4899,339.8878,362.5982,384.1422,399.4455,417.0597,425.709,417.5161,416.463,400.0922,343.2535,307.7695,292.4541,331.0607,419.4316,461.799,441.5251,422.609,432.8774,460.5936,463.1968,454.3794,444.3087,412.1752,388.6767,387.7199,383.8749,374.0827,372.7365,376.0328,376.6763,373.8293,359.895,337.6452,322.366,339.5783,352.6096,350.9479,362.5441,369.1105,354.7618,318.3976,264.7111,200.3064,333.2639,364.173,386.2261,385.3958,363.9633,352.4581,340.5457,330.4779,327.1972,445.1842,448.3217,453.8801,451.1062,465.9066,475.0532,481.9247,486.5336,449.5311,395.3814,390.2876,400.2915,406.3033,408.2311,405.5712,403.5503,397.1731,375.488,393.3875,393.7205,400.9942,398.4139,388.5255,377.2056,372.8601,380.8483,409.6324,409.0704,384.89,385.4167,389.8241,392.7617,400.5316,406.3355,412.2254,417.1879,465.7234,461.4131,460.0594,467.3451,467.2858,470.7175,469.9529,473.2275,471.9647,413.6512,372.7138,363.2437,370.0029
340.2103,319.0184,356.8473,337.2017,288.5092,347.0571,429.0455,446.5331,438.1591,438.9264,453.1992,452.9553,424.3634,385.7148,365.8223,364.3522,365.7254,359.6344,357.1452,371.5202,382.3664,361.2066,351.0128,357.4754,363.9142,356.9832,345.3617,339.7103,362.5555,387.4499,406.7303,423.5866,431.0959,423.8935,420.3216,408.1844,356.6581,319.4192,300.8848,336.2027,423.7552,471.0691,447.9398,428.9899,442.3184,468.0448,464.7418,455.7744,452.3801,422.1936,398.8018,396.1116,388.4146,380.2486,382.7114,388.1904,384.1472,374.8372,357.4359,338.8666,333.1315,350.2152,357.2119,352.6824,362.5665,364.275,347.7648,303.5255,232.9548,178.158,277.3994,333.5051,390.5414,398.252,370.3152,359.6689,352.678,347.7457,348.3166,431.8732,448.1276,462.78,455.7693,471.4681,478.8599,484.0195,489.0348,462.6882,405.0295,401.198,409.704,414.3464,416.4881,413.0578,411.3365,405.3658,386.0344,407.5068,404.8231,411.733,409.923,403.7147,394.727,392.5638,398.8404,420.0934,420.1733,390.5159,388.133,395.2364,403.3517,415.2937,423.4726,426.8381,430.41,469.0185,469.073,463.3549,472.9515,476.7863,480.7318,478.4269,478.9632,477.2941,427.6244,391.3298,378.9929,386.0733
341.3221,319.8767,353.7445,337.0669,293.9862,358.1671,434.3271,441.2396,434.5591,438.6306,457.0818,450.0161,413.0007,375.5839,359.9094,360.9671,360.8366,356.2495,358.2261,373.8667,382.2801,360.8818,350.6973,355.6257,364.6841,357.6339,344.2335,339.5328,362.5127,390.7576,414.015,430.1135,436.4828,430.2708,424.1802,416.2767,370.0627,331.0689,309.3156,341.3446,428.0787,480.3392,454.3545,435.3708,451.7594,475.4959,466.2867,457.1694,460.4515,432.212,408.9269,404.5033,392.9542,386.4145,392.6862,400.3479,391.6181,375.8452,354.9769,340.088,343.8969,360.8522,361.8141,354.4169,362.5889,359.4396,340.7679,288.6534,201.1986,156.0096,221.5348,302.8371,394.8566,411.1082,376.6672,366.8797,364.8103,365.0135,369.4359,418.5621,447.9335,471.6799,460.4323,477.0296,482.6666,486.1143,491.536,475.8453,414.6776,412.1085,419.1165,422.3894,424.745,420.5444,419.1227,413.5586,396.5807,421.6262,415.9256,422.4718,421.4321,418.9039,412.2483,412.2675,416.8325,430.5543,431.2762,396.1418,390.8494,400.6486,413.9416,430.0558,440.6097,441.4507,443.6322,472.3137,476.733,466.6505,478.5579,486.2869,490.7461,486.901,484.6989,482.6235,441.5975,409.9458,394.7421,402.1437
342.434,320.735,350.6418,336.9321,299.4631,369.2771,439.6087,435.9462,430.9591,438.3348,460.9643,447.0769,401.638,365.453,353.9965,357.582,355.9479,352.8646,359.3069,376.2132,382.1938,360.557,350.3818,353.7759,365.454,358.2847,343.1053,339.3553,362.4699,394.0652,421.2997,436.6404,441.8698,436.6482,428.0389,424.369,383.4673,342.7186,317.7463,346.4865,432.4023,489.6093,460.7692,441.7517,461.2005,482.9471,467.8317,458.5644,468.5229,442.2304,419.0521,412.895,397.4939,392.5803,402.6611,412.5054,399.0889,376.8532,352.5179,341.3095,354.6624,371.4892,366.4164,356.1514,362.6112,354.6042,333.7709,273.7812,169.4424,133.8611,165.6702,272.1691,399.1719,423.9644,383.0192,374.0905,376.9427,382.2814,390.5552,405.2511,447.7394,480.5799,465.0953,482.5912,486.4734,488.2091,494.0372,489.0024,424.3257,423.019,428.5291,430.4325,433.002,428.0311,426.9088,421.7513,407.1271,435.7456,427.0282,433.2106,432.9412,434.093,429.7696,431.9713,434.8246,441.0153,442.3792,401.7678,393.5658,406.0609,424.5316,444.818,457.7468,456.0634,456.8544,475.6088,484.3929,469.946,484.1643,495.7875,500.7604,495.3751,490.4346,487.9529,455.5707,428.5619,410.4913,418.2141
349.8811,310.0152,298.4307,286.0911,281.9098,352.6059,417.3272,432.1172,431.0901,436.1601,453.7966,449.5299,409.0413,373.3067,363.647,363.0947,359.4784,355.1961,360.8321,375.1326,379.4125,365.8578,359.2467,362.3597,371.4135,367.6378,352.1015,345.2264,366.4206,396.6925,421.5055,438.9608,442.4096,439.4458,434.4846,429.2971,394.0882,351.0633,320.2034,339.0651,415.2643,475.8841,465.1825,447.2787,448.4062,470.9722,464.3126,447.2141,459.6817,444.3975,422.5718,415.6316,406.2067,398.1318,401.7005,409.0105,394.4342,365.2701,332.7499,311.5351,321.0698,340.7395,335.7849,331.8188,334.6235,341.2253,320.7296,254.4126,214.3139,132.7573,225.9859,287.9003,368.0756,409.1886,397.3871,392.299,391.0996,393.7051,405.5931,424.0558,452.6796,477.7419,471.5022,481.3705,483.3712,484.1832,488.7213,487.1196,439.8544,440.1688,444.0541,442.5324,442.7956,438.0679,437.0057,436.6679,429.62,445.2769,442.7143,448.1598,446.2955,447.5515,447.4818,451.6263,457.4135,461.5071,452.4902,429.0383,422.5439,427.5007,440.943,461.6781,480.8321,486.6897,480.5085,492.63,496.3189,482.4066,490.0953,498.9258,510.4659,513.1697,509.9114,500.3295,489.684,466.0584,454.7085,458.5223
357.4119,299.1423,245.571,234.5803,264.0523,335.5677,394.6816,428.3076,431.2704,433.9607,446.4829,452.0542,416.6924,381.3981,373.5032,368.7249,363.12,357.6032,362.3631,374.0067,376.5955,371.2328,368.2329,371.0813,377.4415,377.1059,361.2314,351.1775,370.424,399.3108,421.6178,441.2256,442.8854,442.1961,440.9645,434.1835,404.6724,359.3643,322.5815,331.4778,397.8428,461.8551,469.5694,452.7944,435.3183,458.7407,460.7267,435.6953,450.6171,446.4609,426.0044,418.2935,414.9746,403.6752,400.5954,405.3088,389.6193,353.5206,312.7534,281.3513,286.8913,309.4432,304.6881,307.142,306.2657,327.7336,307.6085,234.9845,260.1977,131.9314,287.8363,304.2445,336.5115,394.0477,411.861,410.6529,405.2834,405.0517,420.5508,443.2847,457.6875,474.7487,477.9321,480.0602,480.1776,480.0766,483.302,485.0381,455.4608,457.401,459.6598,454.6859,452.6095,448.1384,447.133,451.6734,452.2708,454.7477,458.461,463.1646,459.6741,460.9872,465.1964,471.2807,480.0632,482.1314,462.5882,456.5946,451.869,449.1522,457.4313,478.5659,503.996,517.5275,504.3004,509.8325,508.3013,494.9883,496.0305,501.9801,520.1674,531.0873,529.5696,512.7991,524.0633,503.8044,499.3017,499.1506
364.9427,288.2695,192.7112,183.0695,246.1948,318.5294,372.0361,424.498,431.4506,431.7612,439.1692,454.5785,424.3434,389.4894,383.3593,374.3552,366.7617,360.0102,363.8941,372.8808,373.7786,376.6079,377.2191,379.8029,383.4695,386.574,370.3613,357.1285,374.4273,401.9291,421.73,443.4904,443.3612,444.9464,447.4444,439.0698,415.2566,367.6654,324.9597,323.8904,380.4213,447.8261,473.9563,458.3102,422.2303,446.5092,457.1407,424.1766,441.5525,448.5242,429.4369,420.9553,423.7426,409.2186,399.4902,401.6071,384.8044,341.7711,292.7568,251.1676,252.7128,278.1469,273.5912,282.4652,277.908,314.2418,294.4873,215.5565,306.0814,131.1056,349.6867,320.5887,304.9474,378.9069,426.3349,429.0067,419.4671,416.3982,435.5083,462.5136,462.6955,471.7556,484.3619,478.7499,476.9842,475.9699,477.8828,482.9565,471.0672,474.6332,475.2656,466.8394,462.4234,458.2088,457.2604,466.6788,474.9215,464.2184,474.2076,478.1694,473.0528,474.4229,482.911,490.9352,502.7129,502.7557,472.6862,484.151,481.1941,470.8037,473.9197,495.4538,527.1599,548.3652,528.0924,527.035,520.2837,507.57,501.9657,505.0344,529.869,549.0051,549.2279,525.2688,558.4426,541.5504,543.8948,539.779
346.38,279.2707,226.5612,230.1492,255.938,274.0932,338.5017,425.3083,432.0125,432.6343,440.4059,452.3168,430.8169,403.8707,396.7465,390.5814,384.3684,371.7294,373.8362,380.1143,382.6781,385.3505,385.6218,386.4976,387.5104,396.7188,374.5258,365.4949,379.9608,399.5617,413.2237,429.1136,433.7749,441.1881,440.3618,424.6112,401.9543,363.6087,329.707,328.4498,371.0341,422.4063,443.8838,428.9319,421.5096,434.8642,432.758,404.3392,423.1927,442.7737,438.9869,429.8466,425.4521,419.68,408.6627,401.4266,384.2084,354.7037,325.8058,302.923,305.5821,338.0022,348.3308,356.5622,354.549,379.7318,366.1541,303.1362,341.7022,202.5307,371.9476,308.8481,302.6996,362.2574,403.7686,412.7179,411.4102,410.4968,422.1604,457.4457,455.9351,465.5314,475.2356,468.4862,470.2801,469.5806,466.7755,466.4785,453.3535,451.763,449.8759,439.2533,437.0472,437.8619,434.4305,441.6939,457.2471,454.9098,465.1187,468.3385,455.3998,453.2544,463.1748,471.9665,485.5115,496.5338,486.6366,490.833,473.7929,471.8316,473.9703,508.3785,527.3272,532.7635,525.6778,519.5936,512.4779,508.68,499.9733,514.0035,535.6612,542.7238,541.7007,530.452,555.5611,545.245,546.4544,540.9411
327.2389,270.3134,262.3336,279.4145,266.2931,229.0495,304.7259,426.2209,432.5828,433.5755,441.8321,449.949,437.2642,418.3914,410.2119,407.0425,402.2847,383.6551,383.9649,387.533,391.8374,394.1678,394.0115,393.1473,391.5072,406.8785,378.5803,373.9149,385.5281,397.0838,404.5263,414.368,423.9656,437.2854,432.9785,409.7238,388.1224,359.278,334.5068,333.2785,361.825,396.7341,413.0473,398.7802,421.0629,423.2323,407.9142,384.3174,404.6269,436.85,448.6726,438.8759,427.0052,430.2505,418.063,401.3242,383.7059,368.1834,360.0307,356.495,360.3812,399.8784,425.4167,432.849,433.5177,446.9726,439.7006,393.0883,377.0956,275.5576,393.3307,296.4849,301.1018,345.5744,380.3811,395.6611,402.8604,404.213,408.1849,451.8391,448.9138,459.2355,465.7643,458.0241,463.4982,463.1407,455.542,449.6814,434.901,428.0038,423.5773,410.7863,410.8908,416.8406,410.8698,415.8224,438.6788,445.1849,455.4792,457.957,437.0588,431.3187,442.6083,452.1415,467.4265,489.7168,500.6724,497.0523,465.5775,472.4022,473.6565,521.2153,526.9847,516.1321,522.6822,511.6058,504.2334,509.5356,497.8051,523.1037,541.3668,535.906,533.5709,535.4736,551.8535,548.1848,548.0821,541.2282
308.0977,261.3561,298.1059,328.6798,276.6481,184.0058,270.9501,427.1335,433.1532,434.5168,443.2584,447.5813,443.7115,432.9121,423.6773,423.5036,420.201,395.5807,394.0935,394.9517,400.9967,402.9851,402.4012,399.797,395.504,417.0383,382.6348,382.3348,391.0955,394.6058,395.8289,399.6222,414.1563,433.3827,425.5952,394.8363,374.2905,354.9474,339.3066,338.1072,352.616,371.0618,382.2108,368.6284,420.6162,411.6003,383.0704,364.2956,386.0611,430.9262,458.3583,447.9052,428.5583,440.8209,427.4633,401.2217,383.2035,381.6631,394.2557,410.067,415.1802,461.7546,502.5027,509.1357,512.4865,514.2135,513.2471,483.0403,412.4889,348.5846,414.7139,284.1217,299.504,328.8914,356.9937,378.6043,394.3105,397.9292,394.2094,446.2326,441.8925,452.9397,456.2931,447.562,456.7163,456.7008,444.3086,432.8842,416.4486,404.2446,397.2788,382.3192,384.7344,395.8193,387.3093,389.9509,420.1105,435.46,445.8396,447.5755,418.7178,409.3831,422.0419,432.3166,449.3416,482.8998,514.7082,503.2715,457.3621,472.9729,473.3427,534.0522,526.6422,499.5009,519.6866,503.6181,495.9889,510.3912,495.637,532.2039,547.0724,529.0883,525.441,540.4953,548.1458,551.1245,549.7098,541.5154
459.0475,328.9663,350.476,296.6499,272.0663,402.9593,424.6051,432.6357,432.2542,444.9969,467.0295,463.7676,439.9162,434.6719,448.7229,445.3197,414.0113,392.7772,393.3922,397.0716,392.7118,402.1575,406.3729,405.7068,421.4991,438.654,445.6447,425.6418,423.2769,414.6744,428.6552,454.8388,463.6287,456.225,447.2528,449.7162,408.1222,385.2506,367.7299,371.2638,389.7432,388.9296,383.9015,392.0044,395.2535,404.7407,398.5554,386.901,468.2244,457.6902,373.1201,401.6613,438.2018,419.4438,431.0374,416.2143,370.0459,379.3065,411.4541,418.6379,428.0219,463.1067,464.139,490.9195,505.2263,510.1681,497.4408,387.9649,372.4562,357.5925,201.8541,415.3832,313.8878,301.647,358.0999,394.7607,391.4687,379.1376,387.4701,418.2497,424.6582,421.6184,435.6667,430.808,432.0241,424.5504,415.8318,407.8913,399.872,385.0178,373.4109,364.1128,358.2166,358.9179,361.7841,360.3727,362.7042,391.1862,432.1916,412.9092,389.619,384.0756,387.6476,401.8452,419.089,442.865,456.2196,470.5194,482.6748,477.4737,484.1227,500.7514,523.3124,542.8934,534.3647,489.1826,521.8744,528.7512,514.0702,504.9212,511.3037,527.6259,545.2645,533.4141,540.5491,538.1677,537.9566,536.8572
463.5776,351.935,356.9492,358.3809,261.8047,372.9459,422.045,431.1686,439.2143,439.6878,447.7792,456.8376,447.9298,438.1516,448.4512,450.1884,422.387,397.9244,394.8902,391.0572,382.6986,390.6215,392.0233,403.2994,425.2027,437.7749,436.2198,416.5715,421.4413,409.1638,430.2914,458.8215,455.0801,451.0197,446.9759,429.1111,405.1656,388.7836,361.2996,367.2296,380.1506,375.1358,379.4486,400.9979,393.2773,378.0037,404.2118,384.4786,419.4268,454.5287,376.3653,389.5672,432.6664,401.9933,423.7131,416.5741,365.5091,384.1884,410.8604,414.5007,434.1688,462.3563,472.854,498.133,507.7642,502.3171,443.2454,379.3679,372.9607,271.7607,297.7909,376.9082,305.6584,316.1731,370.0879,393.6026,389.4021,389.6805,405.551,420.532,411.669,409.0144,425.6255,423.0517,426.64,419.5719,412.7215,404.2438,372.3511,358.4872,349.8269,344.0761,343.5607,345.8867,352.2896,352.8514,350.3328,406.933,425.075,412.106,392.986,382.7771,377.5967,381.8751,394.5739,435.2126,450.809,462.8546,474.8633,473.1181,478.4112,491.0338,513.353,536.1238,527.7141,484.3941,515.9443,530.0829,518.1381,505.1359,509.5353,526.9635,544.3817,531.6786,538.433,533.6274,530.7701,529.8741
462.893,373.2873,361.8272,423.4216,251.3639,334.0927,413.915,429.4571,446.4459,433.8259,427.0264,449.0932,456.3603,441.7042,447.2971,454.4689,431.2891,403.3606,396.4755,384.769,372.6449,378.7279,377.0488,400.6069,428.1167,436.1104,424.2421,405.6638,418.4082,402.75,430.811,460.9683,444.4738,444.8217,445.9139,405.8368,400.8936,391.3594,353.6461,361.8867,368.9026,360.2071,374.7495,409.4395,392.1315,350.5784,409.4871,381.1503,366.0204,450.3036,382.7534,378.7062,426.6007,384.712,416.0206,416.4149,361.2822,389.336,409.6736,409.9752,440.1308,461.5987,483.3111,506.3221,510.7314,494.4121,387.8268,373.9417,374.9393,182.7384,404.5916,332.4456,296.6347,332.146,382.4235,391.8138,387.3561,401.245,424.4771,423.8784,398.8366,397.0805,415.96,415.6115,421.9386,415.5549,410.5015,401.3387,344.4521,331.7007,326.25,323.9654,329.3129,333.6929,343.348,346.0921,339.5507,424.7796,418.1871,412.4926,397.4803,382.3073,368.3972,362.2773,370.2691,428.7088,447.3004,456.0939,465.8775,468.454,472.121,482.1761,503.169,527.5659,520.3115,479.9441,508.8843,530.8108,521.6902,506.3347,508.98,526.3228,542.7571,530.1399,536.5096,529.3935,523.7551,522.8165
418.235,364.7163,381.8102,387.9612,278.0146,355.1397,412.666,430.5421,439.8748,420.3567,421.9961,449.0113,455.9498,442.8307,444.6213,446.8785,425.606,401.8466,393.4954,382.1948,371.5139,372.2614,369.4203,390.8253,416.4151,425.464,415.9627,395.0132,402.9099,389.4502,406.4027,444.7119,442.7457,438.4396,442.3369,405.1501,381.863,376.9554,342.5173,339.9347,354.7267,347.999,364.9968,410.0985,385.6158,356.5017,407.2253,364.4573,363.7736,440.9796,373.8156,368.0535,406.2896,368.6805,389.7223,388.8469,354.1235,381.5553,395.9143,398.5811,428.7341,448.3767,471.9249,494.189,500.7531,486.8069,384.0187,369.6971,387.821,207.4838,364.4386,360.6006,306.9482,327.3918,372.9202,392.4818,396.981,405.3128,418.4116,415.9717,399.8142,401.4659,422.9838,426.8348,431.5685,426.3905,417.1024,407.2,363.4871,350.1209,347.7564,346.9777,354.8292,360.1116,366.9049,369.1582,369.8622,436.7962,432.0357,428.6263,417.5576,398.3803,390.9289,397.8642,411.8955,456.4993,459.0331,446.3166,461.2772,465.9414,468.5034,484.5994,503.4572,504.6977,504.8629,488.9547,496.0263,521.2174,519.5542,496.2116,507.9999,525.8056,530.3857,519.033,528.8695,524.5968,520.632,520.8159
371.7929,354.9312,402.4062,348.4232,306.1703,378.6171,411.6964,431.7405,432.7435,406.5788,417.6036,449.2404,455.1805,443.8587,441.8839,438.8065,419.3313,400.0507,390.3301,379.7712,370.7451,366.015,362.0898,380.756,404.1205,414.4532,407.8334,384.373,386.9059,375.8711,380.983,427.7088,441.3779,432.0501,438.6578,405.3799,362.2336,361.8625,331.2475,317.3088,340.4321,335.9012,355.039,410.4418,378.8821,363.7781,404.6576,347.222,363.6026,431.4488,364.256,357.4093,385.4006,352.6997,362.669,360.1668,346.8458,373.2502,381.6449,386.9084,416.6331,434.6489,459.6524,481.2314,490.2494,479.214,382.3046,365.5004,401.1451,236.8452,318.3232,391.7019,318.0463,321.7967,362.5309,393.2495,407.0795,409.0764,411.3322,407.6083,401.3521,406.5134,430.6846,438.8153,441.78,437.8288,424.0612,413.417,384.4263,370.3753,371.0919,371.7396,381.9589,388.0969,391.7803,393.4344,401.841,448.5764,446.7258,445.3988,438.2671,415.1245,414.748,435.6902,456.1971,485.6813,471.3843,436.417,456.8548,463.5161,464.9942,487.4803,504.1703,481.249,489.088,498.5115,482.9331,511.2052,517.1873,485.6291,507.0025,525.2935,517.5784,507.5379,520.9975,519.7773,517.6669,519.0206
325.3508,345.1462,423.002,308.8852,334.326,402.0945,410.7266,432.9389,425.6123,392.8009,413.2112,449.4695,454.4113,444.8867,439.1464,430.7345,413.0565,398.2547,387.1649,377.3477,369.9762,359.7686,354.7592,370.6866,391.826,403.4425,399.704,373.7328,370.9018,362.2919,355.5633,410.7058,440.0101,425.6606,434.9788,405.6096,342.6042,346.7695,319.9778,294.6829,326.1374,323.8035,345.0812,410.785,372.1485,371.0544,402.0899,329.9868,363.4316,421.9179,354.6963,346.765,364.5116,336.7189,335.6158,331.4867,339.5682,364.945,367.3754,375.2356,404.532,420.9211,447.3799,468.2738,479.7458,471.621,380.5905,361.3038,414.4692,266.2065,272.2077,422.8033,329.1444,316.2015,352.1416,394.0172,417.178,412.84,404.2527,399.2449,402.89,411.5609,438.3855,450.7959,451.9915,449.2671,431.0201,419.6341,405.3656,390.6298,394.4275,396.5016,409.0885,416.0823,416.6557,417.7106,433.8198,460.3565,461.4158,462.1714,458.9766,431.8687,438.567,473.5161,500.4986,514.8633,483.7354,426.5174,452.4325,461.0908,461.485,490.3613,504.8833,457.8002,473.313,508.0683,469.8399,501.1931,514.8205,475.0465,506.0052,524.7812,504.771,496.0428,513.1255,514.9578,514.7018,517.2252
336.219,331.7209,414.2844,325.4617,307.4676,385.4049,399.3517,414.6581,407.3421,375.2735,385.5354,428.7377,454.7414,454.2679,442.1537,427.1708,409.6599,391.2813,373.1164,361.0929,354.941,345.6949,340.5114,356.4709,377.3408,387.5508,384.2345,358.3472,345.4788,330.4221,324.963,372.2316,404.8884,400.8556,409.2425,379.6925,322.0182,321.9156,293.8799,278.7226,315.9945,312.9912,340.0761,397.1793,362.7713,377.9564,392.9101,318.4789,351.8798,403.1519,346.7323,333.7355,360.9398,345.855,330.5685,319.7177,331.9165,359.934,365.7489,368.3926,389.8414,408.1093,432.4763,458.1064,468.4313,466.2336,409.0739,355.1437,402.0907,313.823,243.6716,420.9325,324.3665,313.0743,353.9213,400.9337,424.8239,416.3529,408.1054,407.6834,413.5121,414.2799,437.0326,453.3968,452.3483,450.9462,436.4804,426.6491,414.1829,404.5909,416.1161,419.0325,426.8825,436.8107,438.7848,436.5509,448.8295,473.5888,479.1476,476.4164,468.3561,442.4044,453.3115,478.4139,494.2946,515.193,487.5832,438.2706,465.058,471.0813,468.653,496.7334,512.8231,464.6704,469.383,513.8623,476.144,490.6506,516.7047,478.7806,494.1396,520.111,496.9066,484.5323,507.0852,508.2477,503.8821,503.7712
349.9543,318.1135,404.1003,344.8455,277.8571,366.7058,387.4562,395.4028,388.5146,357.5585,356.6948,406.9574,455.1265,464.0669,445.4485,423.8328,406.4072,384.0489,358.5235,344.1462,339.1922,331.2296,325.9174,342.0477,362.7459,371.4149,368.3978,342.7242,319.5845,297.6373,294.1035,332.6832,368.0781,375.1292,382.4028,352.4673,301.3845,296.5735,267.0404,263.0957,306.0593,302.2433,335.3187,382.8758,353.2619,384.8396,383.3994,307.2575,339.7586,383.9238,338.8482,320.5867,358.2343,356.2477,326.6222,308.7945,324.2461,355.0878,364.7549,361.7913,375.0212,395.3433,417.441,448.0785,457.0763,460.9567,439.068,348.8854,388.4265,362.3527,216.015,417.4123,318.7943,310.0706,356.3098,408.1577,432.347,419.8533,412.505,416.9624,424.5886,416.8826,435.2268,455.5285,452.212,452.1371,441.8659,433.704,422.3938,418.2372,437.7223,441.4518,444.2094,457.176,460.7764,455.1192,462.9904,486.8939,497.0316,490.535,477.1687,452.6296,467.6019,481.6645,485.564,514.0793,491.0056,451.1071,478.5365,481.6929,476.3549,503.2802,521.1244,473.0573,466.0455,519.468,483.4185,480.0816,518.8015,483.2309,481.7303,515.2327,489.2896,473.021,501.1365,501.443,492.6695,489.7339
306.6188,340.6362,364.1049,238.7061,276.2756,351.6927,364.5436,349.9005,330.7217,322.5886,349.16,397.6935,438.3783,445.7962,434.1213,423.898,410.8516,378.4781,350.2102,357.9859,364.6,357.4352,347.4984,346.3816,354.675,361.9653,363.9062,337.4337,298.2706,279.7631,301.3675,347.9094,376.5636,385.5842,387.3696,349.3112,310.1669,289.3855,256.8554,280.5726,325.6227,318.4413,333.6861,390.3755,376.9805,389.3383,408.7387,334.0453,298.5939,372.3607,362.7351,330.0928,380.6957,391.6447,359.8761,353.2634,373.1023,380.8381,369.3989,378.0475,403.8034,424.9642,459.3385,464.0698,441.9617,421.4523,343.8349,348.7104,420.0248,191.4577,351.8802,385.2147,309.014,339.2401,397.9207,445.5698,459.7274,443.7776,436.8825,444.0309,444.0557,445.2957,460.2443,498.9049,491.4159,489.3051,488.332,495.1665,475.8969,492.4467,491.5349,491.7429,487.6659,491.8019,494.2738,496.9401,503.6035,528.0281,520.2636,513.9709,508.8275,494.8953,485.8625,490.8294,502.5141,500.5717,489.8918,496.0233,506.8802,502.7547,493.5351,491.5596,495.321,506.8811,523.2219,528.2737,495.3918,527.3132,538.2753,517.7364,496.8651,491.0744,508.65,524.3353,520.5864,511.1256,503.7371,508.185
298.8405,338.0672,360.9801,278.3151,264.4905,272.8319,296.106,327.5507,310.801,311.827,333.2411,366.3737,396.5286,409.5085,412.5281,409.6493,384.0731,359.7297,345.8716,352.5955,357.1536,354.913,349.1612,347.7971,350.0977,368.3999,364.3922,341.8408,310.8095,295.3325,306.3213,335.0401,357.2094,382.4272,385.5688,354.402,328.7903,308.3203,282.3495,290.5969,312.3155,315.2477,347.9646,403.6759,392.0955,405.0758,420.5341,377.311,341.312,357.4565,335.7995,349.5775,407.9811,390.332,366.1096,362.5113,377.5341,384.2157,381.5841,385.1532,390.6583,444.1526,471.2547,463.5868,442.3506,424.2487,370.429,360.0688,378.7676,263.4563,383.3925,350.7141,320.4041,351.8876,398.6483,440.4177,461.4091,460.8567,456.2875,464.8322,467.9531,472.5384,481.2406,505.6619,497.9896,494.7265,496.6295,503.0235,486.681,506.5851,505.4447,502.1522,495.862,495.3442,498.8054,502.9642,508.7103,530.7169,520.437,517.0012,509.8141,497.2873,486.6643,493.064,505.9768,502.9375,495.2419,508.6905,515.07,509.373,501.8935,496.8245,500.2162,511.792,533.6032,531.9141,498.1021,529.4142,543.1509,531.9963,510.3843,498.7431,512.3682,534.6685,528.0379,514.7628,506.115,510.6133
293.3754,333.8798,360.155,327.0409,252.0025,190.15,224.9898,306.6704,293.2707,302.5675,316.7503,333.6962,353.2391,372.2406,390.3717,394.5353,355.4062,340.1895,341.7489,345.9543,347.6088,350.5402,349.5141,348.9755,345.7067,375.7596,365.1371,346.7917,325.3525,312.8466,311.009,320.3105,336.042,378.3364,383.2572,359.9037,347.9018,328.7522,309.916,300.0652,296.9482,310.8066,363.1817,417.2488,406.5854,421.4917,431.4042,421.4316,389.1315,342.3271,305.7253,369.5811,435.4696,386.7452,370.606,369.4718,379.1257,386.1558,394.2002,391.6362,374.8654,462.576,481.1908,462.0334,443.6769,429.6837,404.7119,372.0948,333.0121,350.6828,408.1294,316.1726,333.0711,363.4413,396.8051,432.6249,461.491,477.4586,475.3286,485.1997,492.0865,499.6244,501.9067,510.0956,502.4844,498.133,502.5119,507.4998,494.7643,516.9363,516.8657,510.0887,501.8668,496.9843,501.5704,506.7747,511.6101,531.0186,519.2169,518.7828,508.8942,497.1929,486.4113,494.8652,508.5485,506.292,500.993,519.326,522.0076,515.0945,509.6937,503.1641,507.0574,514.8926,540.9894,535.2355,500.244,528.6286,547.0971,544.9472,523.7145,508.3753,515.0625,542.3455,534.6882,517.9838,507.8996,511.9764
289.0372,300.7272,332.8988,287.6489,249.7802,227.3182,270.2724,331.5464,315.0752,321.6604,333.99,347.8101,365.9637,380.7379,392.2672,395.3915,366.3014,354.1169,353.8668,351.4366,353.3698,361.2957,361.581,361.0078,355.9313,376.8794,373.4446,362.9298,343.9067,330.6535,330.8301,342.4108,358.3167,396.0084,399.8068,379.949,366.7989,341.9675,325.5668,329.1745,333.5349,339.2536,378.7983,430.9288,428.3229,423.5304,423.5378,419.4569,373.4059,340.9754,340.6688,395.5032,439.0868,409.3391,397.3575,387.0847,392.2471,400.9475,409.3963,402.0064,386.4337,458.5895,485.0939,476.7221,455.0225,436.3232,405.9439,367.4202,327.5584,353.6142,354.57,319.2313,343.3922,375.1182,407.5701,442.2979,470.6088,486.8989,484.9803,494.3314,499.5851,506.4831,507.9253,509.6332,503.7431,502.9051,507.32,510.1906,499.5597,518.1194,520.0418,511.5118,504.3168,502.0732,505.9608,509.0541,512.1931,527.4413,515.8176,513.1188,504.8314,494.2393,487.2952,492.425,503.0057,503.6217,496.0836,498.7035,500.5222,495.3484,493.1355,495.3679,497.0909,507.3516,527.6513,520.3008,501.4823,523.3727,533.2136,539.7216,522.9103,502.9753,515.9581,540.3712,530.4227,521.7166,515.1273,516.8271
284.7736,265.658,303.8936,242.4263,248.2371,272.4168,323.257,359.45,339.4824,342.6294,353.4615,365.0202,382.3947,392.2633,395.754,397.3045,379.8143,370.2588,367.0592,357.721,360.1435,373.0523,374.4231,373.7583,367.123,377.5863,382.2525,379.8083,362.7265,348.4798,351.6526,366.948,383.4658,415.1203,417.6045,400.9567,385.6819,354.7052,340.4293,359.5835,373.5594,369.8767,394.4414,444.6158,450.5401,424.6178,414.4316,414.4322,353.4755,340.5353,379.9143,421.8168,441.1245,433.6652,425.5817,405.4024,406.1314,416.5897,424.7631,412.6339,399.8125,453.1202,488.5977,492.4855,467.0311,443.0423,404.9889,361.6405,324.7715,350.9678,295.8299,324.7779,353.558,386.8033,419.1693,453.1266,480.3244,495.8654,494.0107,502.7195,505.9829,512.0034,512.9746,508.847,504.7878,507.7675,512.057,512.7633,504.1375,518.6959,522.6723,512.504,506.5316,507.3904,510.4589,511.2322,512.6229,523.6073,512.274,506.9621,500.5606,491.0965,488.2542,489.7043,496.9261,500.5528,490.4688,476.0127,477.156,473.9171,474.9656,486.6364,486.0122,499.1064,512.9419,504.1581,502.6608,517.8212,518.1503,533.2932,521.1709,496.5807,516.7346,537.7582,525.4349,525.4833,522.7151,521.9086
280.51,230.5888,274.8884,197.2036,246.6941,317.5153,376.2417,387.3537,363.8896,363.5984,372.9331,382.2302,398.8257,403.7888,399.2409,399.2174,393.3273,386.4007,380.2517,364.0055,366.9173,384.809,387.2651,386.5089,378.3148,378.2932,391.0605,396.6868,381.5462,366.3061,372.475,391.4853,408.615,434.2323,435.4021,421.9643,404.5648,367.4429,355.2917,389.9925,413.584,400.4998,410.0844,458.3028,472.7572,425.7051,405.3254,409.4074,333.5451,340.0952,419.1599,448.1304,443.1621,457.9913,453.8059,423.7202,420.0157,432.2319,440.1299,423.2614,413.1913,447.6509,492.1016,508.2489,479.0397,449.7614,404.0339,355.8608,321.9845,348.3215,237.0898,330.3246,363.7239,398.4884,430.7686,463.9552,490.0401,504.8318,503.041,511.1078,512.3808,517.5237,518.024,508.0606,505.8324,512.6299,516.794,515.336,508.7153,519.2724,525.3029,513.4961,508.7464,512.7076,514.9568,513.4103,513.0527,519.7733,508.7305,500.8054,496.2899,487.9537,489.2133,486.9835,490.8464,497.4839,484.8541,453.3219,453.7899,452.4858,456.7957,477.9049,474.9335,490.8613,498.2325,488.0153,503.8394,512.2695,503.087,526.8648,519.4315,490.1862,517.511,535.1453,520.4471,529.2501,530.3029,526.9902
276.2464,195.5196,245.8833,151.981,245.151,362.6139,429.2263,415.2574,388.2969,384.5673,392.4047,399.4402,415.2567,415.3144,402.7278,401.1304,406.8403,402.5426,393.4442,370.2899,373.691,396.5656,400.1071,399.2594,389.5065,379.0002,399.8684,413.5652,400.3659,384.1324,393.2975,416.0225,433.7641,453.3443,453.1997,442.972,423.4477,380.1807,370.1542,420.4014,453.6085,431.123,425.7275,471.9899,494.9744,426.7925,396.2192,404.3827,313.6148,339.6551,458.4055,474.444,445.1997,482.3175,482.0301,442.038,433.9001,447.8741,455.4967,433.8888,426.5701,442.1816,495.6054,524.0123,491.0483,456.4805,403.0789,350.0812,319.1976,345.6751,178.3497,335.8712,373.8898,410.1735,442.3679,474.7839,499.7558,513.7982,512.0714,519.4959,518.7786,523.044,523.0734,507.2744,506.8771,517.4924,521.531,517.9088,513.2931,519.8489,527.9333,514.4883,510.9612,518.0247,519.4548,515.5884,513.4825,515.9393,505.187,494.6487,492.0191,484.8109,490.1724,484.2628,484.7668,494.4149,479.2393,430.631,430.4237,431.0545,438.6257,469.1734,463.8548,482.6161,483.5232,471.8726,505.0179,506.718,488.0237,520.4364,517.692,483.7916,518.2876,532.5323,515.4592,533.0167,537.8907,532.0717
278.0565,194.5472,235.9341,167.2844,254.0424,368.7941,431.9948,415.6421,392.2186,389.5953,402.4763,412.4605,424.1423,421.8853,407.6595,405.9464,410.1316,404.9514,390.6519,365.9697,370.8794,392.9315,399.4699,400.5697,391.7498,389.6193,410.6309,420.7022,408.6086,395.0491,401.9709,416.4446,431.0028,455.8882,454.429,437.0168,416.1746,377.7512,376.0948,429.7809,463.2144,444.6251,435.8612,469.5454,497.7747,450.1359,393.525,405.9984,342.3443,329.9953,455.2351,484.8807,452.2632,486.376,475.3853,435.9667,434.1302,447.2137,444.2791,427.9304,430.3308,456.4512,502.3781,523.8698,506.1504,476.801,403.0083,337.1369,360.9657,284.984,263.4105,359.0319,350.4106,396.1635,453.7669,494.6899,504.1166,507.3592,510.0776,516.3049,511.7144,512.6246,516.2668,507.084,504.3351,511.3292,519.3854,519.1039,518.0565,521.254,528.0058,519.6278,514.2086,522.1519,525.3226,523.4318,519.5663,520.2087,514.9994,503.2779,486.5902,479.0745,485.2364,482.0235,483.3508,487.5861,482.1504,432.8915,428.11,433.2268,450.7956,477.8024,474.735,480.6404,485.0078,483.3266,495.1115,505.6153,484.9299,516.2512,503.6353,480.9059,519.2375,532.3779,518.6245,533.9722,537.8815,533.4075
280.3492,196.2836,227.4988,187.3963,263.7627,371.8824,430.7739,413.8405,394.5129,393.3569,411.8011,425.1479,432.4285,428.0626,412.706,410.993,412.6107,406.2692,386.5897,360.8069,367.3063,388.0749,397.7619,400.971,393.2822,401.0258,421.5487,427.0652,416.0111,405.4169,409.6791,414.951,426.0241,457.1159,454.3421,428.9195,406.8235,374.1168,381.3266,437.4896,470.4036,456.767,445.5572,465.8194,499.0324,475.2475,391.3402,408.1416,374.9395,319.6031,448.695,494.056,459.726,488.8245,465.9703,427.9579,433.2755,445.2582,430.9495,420.6543,433.3275,472.2888,509.4105,522.4636,521.4982,498.2019,403.008,323.6234,406.2735,219.6816,359.8955,383.5918,324.2586,380.1123,465.1501,515.3171,508.0521,499.6964,507.2081,512.1941,503.5806,500.9388,508.5183,506.9409,501.5082,504.2901,516.6929,520.1895,522.8347,522.7249,527.875,525.0969,517.5381,526.1844,531.2992,531.7253,526.0994,525.122,525.8729,513.0818,481.0693,473.132,479.832,479.8224,482.3053,480.4585,485.7389,437.1342,427.4687,437.2743,465.3759,487.8105,487.3597,479.1629,487.779,496.9731,484.3244,504.8662,482.787,512.2443,488.6001,478.299,520.2012,532.4188,522.4374,534.7042,537.2689,534.4456
323.0152,221.8084,247.2416,233.548,257.0048,359.1789,430.6447,419.4902,392.4286,387.9673,405.632,417.0565,420.7292,415.2449,404.802,408.8807,411.6176,397.6982,371.4172,347.4155,361.0094,383.5394,392.2665,391.2977,387.1491,403.8611,426.4115,427.1931,419.3681,413.963,420.3336,421.4135,427.1383,457.0345,463.4788,444.4966,418.5798,385.4876,380.5094,419.3955,461.5747,462.0563,449.2278,460.0085,497.7387,489.758,397.0849,406.6745,384.266,331.9126,463.7498,497.5169,462.0426,481.2345,454.0942,423.106,428.4567,435.6398,422.7983,419.2209,431.2852,472.7352,508.4771,517.6573,520.0197,505.5856,428.5356,336.0644,390.4349,294.3514,275.9634,400.3203,329.7225,361.1881,452.5298,511.6771,502.7157,493.8106,505.2825,510.0066,497.5727,498.5775,509.0921,503.1595,495.493,492.3629,493.8598,491.6567,502.0692,504.7024,509.5848,510.566,510.6772,520.623,527.2146,530.6948,529.5834,521.5383,516.8026,504.9509,479.7642,472.0242,473.1111,473.8343,479.6786,481.4912,460.3053,436.4414,429.9789,433.1615,450.6298,472.1445,483.7144,487.1061,480.4874,495.2666,494.6644,501.5223,482.6645,500.0989,494.1243,496.0605,518.7281,510.6051,527.1176,538.1947,541.4578,537.4432
369.1616,249.3839,269.4136,281.9446,248.8263,345.114,430.6095,425.7823,389.9667,381.7888,398.1271,407.1738,407.3071,400.7897,395.7817,406.1513,410.3251,388.2746,355.2868,333.3146,354.4776,379.0317,386.4445,380.7559,380.3553,405.9575,430.7524,426.7834,422.3763,422.352,431.2421,428.5619,428.7777,456.8402,473.4106,462.1145,432.1558,398.152,379.1708,399.077,451.365,466.7549,452.3789,454.0179,496.2251,503.3546,403.5131,404.8961,391.5865,346.1792,480.6663,500.4852,463.9157,472.7791,442.0059,418.5262,423.2961,425.3607,415.0934,418.2913,428.8085,471.8547,506.8569,512.5578,517.0906,511.7608,456.2638,350.7428,369.3252,381.0878,176.4781,416.3737,337.9118,342.0163,437.8403,505.9451,496.5799,488.0781,503.4383,507.9849,491.748,497.02,510.3834,499.0645,489.2031,480.0143,469.2904,460.5706,479.1017,484.9995,489.7291,494.311,502.9377,514.2346,522.2627,528.8605,532.8045,517.2222,506.0128,495.2738,478.8225,471.3332,466.2768,467.5196,476.9156,483.2274,432.3698,435.3231,432.7607,428.3452,433.3556,454.2653,478.6664,495.8615,472.3282,492.2366,506.8257,497.9548,482.7162,487.2519,501.4208,515.5781,517.0449,486.9074,531.8725,541.923,546.0607,540.6096
336.2919,255.0202,282.5761,303.9167,277.2828,329.6933,368.3611,413.165,384.0947,378.6541,390.4426,399.2086,402.4338,400.9181,400.3925,406.1298,406.4064,373.1968,345.7196,326.9219,342.5952,366.5126,380.8876,386.7266,388.4203,422.8199,437.6777,435.2623,430.9114,431.737,437.683,435.9881,437.6408,458.9948,469.1959,443.229,420.523,395.3441,381.567,394.6881,436.6105,454.8101,453.3043,445.3926,496.3622,491.1494,403.2018,393.0518,383.9369,360.268,456.3672,457.8189,439.9545,447.521,416.4904,392.8665,390.6161,387.2323,378.9597,381.638,391.084,446.9805,481.7895,487.612,493.0346,491.2474,452.3351,370.6339,369.7748,371.0089,235.8049,372.267,326.5425,338.323,418.7692,480.6336,483.2008,480.517,486.9976,498.8678,489.351,493.9496,502.9727,495.1141,480.9157,462.0759,447.4668,441.0894,457.0493,459.7799,463.792,473.4046,490.2469,500.7192,506.2076,511.9747,511.8603,494.8274,491.6273,492.7794,475.4277,457.9381,454.5771,459.8311,471.2521,486.1678,451.3923,444.4669,440.9579,440.228,445.248,469.3687,490.3213,493.2933,468.3202,486.5252,491.1066,483.7155,489.1168,480.6269,490.3511,504.4787,493.1781,474.478,517.4544,523.9721,527.61,526.97
296.0695,258.6149,294.9001,323.4298,309.1484,314.1466,300.3234,398.7881,377.9053,375.8026,382.7414,391.4219,398.356,402.4036,406.2716,406.3603,402.2434,357.5928,336.7631,321.2464,330.2149,353.2479,375.3553,394.2338,397.868,441.0564,444.8435,444.5683,439.9608,441.2147,443.7082,443.4402,447.1761,461.3679,463.6648,420.9467,406.5444,391.0963,384.3107,391.7815,421.4332,441.3166,454.0226,436.5222,496.653,476.543,402.2633,380.2709,374.8943,374.3403,428.2328,410.9062,413.5893,420.6993,389.7255,365.2453,355.3752,346.5123,340.1804,341.6606,350.0795,419.8736,454.5403,460.8195,467.0128,468.2505,445.4605,391.0099,372.2306,351.9208,309.91,322.5622,313.3531,336.0701,399.2903,453.5001,469.1476,472.7858,469.1986,489.0904,487.2729,490.7383,494.7523,491.1772,472.4425,443.6173,425.8987,422.6882,435.0821,434.047,437.289,452.0653,477.0952,486.5406,489.1193,493.6884,488.6674,470.7503,476.9072,490.9535,471.8046,443.3609,442.4247,452.0149,465.3186,489.2203,474.7844,454.5658,449.659,453.6647,459.8545,487.5414,503.5305,489.6715,464.6984,480.5643,472.7931,468.483,496.1083,474.5808,477.5723,490.5303,467.2471,463.0972,501.2522,504.0039,507.014,511.7664
255.847,262.2096,307.2242,342.9429,341.0139,298.5998,232.2858,384.4113,371.716,372.9511,375.0402,383.6353,394.2781,403.8891,412.1508,406.5907,398.0803,341.9888,327.8066,315.5709,317.8346,339.9832,369.823,401.741,407.3157,459.2929,452.0093,453.8743,449.0102,450.6924,449.7334,450.8923,456.7114,463.741,458.1337,398.6643,392.5658,386.8486,387.0544,388.8749,406.2559,427.8231,454.7409,427.6518,496.9438,461.9367,401.3248,367.4899,365.8517,388.4126,400.0984,363.9935,387.2242,393.8777,362.9606,337.624,320.1344,305.7924,301.4012,301.6831,309.075,392.7667,427.291,434.0269,440.9909,445.2536,438.5859,411.3861,374.6864,332.8327,384.015,272.8573,300.1638,333.8172,379.8115,426.3665,455.0944,465.0546,451.3997,479.313,485.1948,487.5271,486.5318,487.2403,463.9693,425.1588,404.3305,404.2869,413.1148,408.3141,410.786,430.7261,463.9436,472.3621,472.031,475.4021,465.4745,446.6733,462.187,489.1275,468.1815,428.7836,430.2723,444.1985,459.3851,492.2728,498.1765,464.6646,458.3601,467.1014,474.461,505.7141,516.7396,486.0497,461.0766,474.6034,454.4797,453.2506,503.0998,468.5347,464.7935,476.5818,441.3161,451.7164,485.05,484.0356,486.4181,496.5628
288.6802,260.1423,342.0385,246.1221,234.5708,356.3168,391.7209,392.2138,380.364,362.9879,353.3759,374.217,393.2738,392.0048,383.8474,389.5468,408.547,384.0377,360.551,349.6317,365.9272,427.7084,443.0705,441.9258,447.9931,462.7065,453.5313,447.1414,447.3731,443.82,449.9069,448.4066,431.3804,439.9102,454.2748,408.9839,370.2268,364.2581,365.1972,391.3142,407.2338,405.0631,408.0208,410.6783,433.5793,465.7605,386.1815,336.7277,379.1985,352.6428,337.4826,385.427,394.2133,384.6086,365.7229,332.936,302.551,286.5315,282.012,299.8703,316.0876,336.0701,358.7892,372.318,379.5098,379.2469,332.6655,312.4444,388.1028,209.9454,328.9803,316.3678,273.326,334.3802,399.4707,408.7715,369.4564,342.2344,365.3352,431.0789,480.6552,495.0591,499.4889,470.9699,451.0743,447.2386,407.504,404.8876,398.6449,385.1149,386.9719,395.2199,423.0786,443.8876,441.1123,441.4241,445.3843,427.7411,443.3569,475.3069,465.5927,427.1064,423.0834,446.7227,479.3804,509.0779,504.0927,455.3743,447.6203,465.957,495.6845,516.4917,502.5441,467.0956,471.5165,470.088,457.4921,501.0707,502.8233,482.0822,503.4597,492.413,458.7384,469.9603,498.4983,504.8871,499.9972,508.7859
287.8883,273.7814,349.745,262.3661,241.0256,335.5508,374.4832,399.663,388.2079,371.2097,359.2576,374.293,390.7502,391.164,386.8741,392.9804,407.4208,392.696,373.5044,363.8138,378.8895,431.5884,445.8502,444.6627,451.8453,460.5816,451.6247,447.0196,446.7727,442.3281,446.9971,444.5415,429.8131,436.1771,447.0675,399.61,365.5802,360.5312,359.7579,380.4223,394.4718,395.6679,404.144,417.6876,433.1507,463.039,392.9012,342.8288,369.2415,339.1296,328.5656,376.1701,395.8541,385.6026,374.2255,346.2596,317.6498,302.4732,295.1562,307.0715,312.4668,316.5243,337.7535,347.6528,350.2797,347.049,304.4201,284.4973,349.5087,199.3457,321.7664,314.2162,283.2743,340.7624,398.8606,406.1779,367.6701,337.1921,352.871,430.1472,479.7263,494.8495,499.0965,471.5729,455.91,454.2237,422.3997,407.5709,395.2915,382.9556,384.3682,391.1821,413.0529,433.0101,432.5931,433.9049,438.0814,425.1317,440.2589,465.0381,457.3131,424.561,419.0175,435.3776,460.7191,501.795,486.2451,443.6714,439.9319,457.9884,487.732,509.1478,500.6643,475.7771,480.1249,477.936,469.2044,511.8686,510.51,494.4663,508.9264,497.0596,473.8219,486.0874,510.1026,507.5575,505.3578,515.1847
282.6889,289.164,354.3014,291.9978,261.0937,305.5746,335.82,406.8288,395.8015,381.4562,368.2417,375.4031,388.03,391.653,393.6322,398.7968,404.8919,397.1426,383.8781,375.4286,387.4227,425.3774,440.2164,443.0302,451.4108,458.0283,449.4136,447.7829,446.4016,441.593,443.8222,440.6389,431.175,434.8851,439.4832,387.7677,362.9195,359.0262,356.348,368.0445,380.0606,387.8055,405.3773,427.3531,440.1621,459.4129,402.1179,353.0739,356.5426,328.5503,325.777,362.872,396.5531,387.5005,383.0153,361.2567,336.0506,321.9444,311.5671,314.8146,307.1762,301.2818,322.2542,327.3384,324.8936,318.9453,285.5839,265.4691,305.2275,201.9119,321.1001,306.1458,297.3105,347.7362,395.6479,405.084,375.6498,346.028,349.039,434.7032,479.211,493.6924,497.041,474.1182,462.6922,459.1444,438.2758,410.2667,393.0448,383.0197,384.0045,390.6688,406.6344,424.174,426.6241,429.3908,432.1125,424.2121,438.89,455.2823,448.4131,421.7799,415.2307,422.4338,437.6339,491.782,466.0479,431.9252,432.7853,449.4509,476.5841,499.9465,500.406,487.5856,488.3816,487.0911,481.6115,518.0062,519.1294,506.5089,510.2705,500.1794,488.175,501.6599,521.1812,507.8303,509.4604,520.6564
277.4895,304.5466,358.8578,321.6295,281.1617,275.5984,297.1568,413.9945,403.395,391.7028,377.2258,376.5132,385.3098,392.142,400.3903,404.6132,402.3631,401.5892,394.2519,387.0434,395.9558,419.1664,434.5827,441.3978,450.9763,455.475,447.2025,448.5462,446.0305,440.858,440.6473,436.7362,432.5369,433.593,431.899,375.9253,360.2587,357.5211,352.938,355.6668,365.6493,379.943,406.6106,437.0185,447.1734,455.7868,411.3347,363.319,343.8438,317.9709,322.9884,349.5739,397.2521,389.3983,391.8051,376.2538,354.4513,341.4156,327.9781,322.5577,301.8856,286.0394,306.7549,307.024,299.5075,290.8416,266.7477,246.4408,260.9463,204.4781,320.4338,298.0754,311.3466,354.71,392.4353,403.9901,383.6295,354.864,345.207,439.2593,478.6957,492.5354,494.9855,476.6635,469.4743,464.0651,454.1519,412.9624,390.798,383.0839,383.6409,390.1554,400.2159,415.3378,420.6551,424.8768,426.1436,423.2925,437.5211,445.5266,439.5131,418.9988,411.444,409.4899,414.5488,481.769,445.8507,420.1789,425.6388,440.9135,465.4361,490.7452,500.1477,499.3942,496.6383,496.2462,494.0186,524.1439,527.7488,518.5516,511.6146,503.2992,502.5281,517.2323,532.2598,508.103,513.563,526.1281
272.2902,319.9292,363.4143,351.2612,301.2298,245.6223,258.4936,421.1602,410.9885,401.9493,386.21,377.6232,382.5896,392.631,407.1484,410.4295,399.8343,406.0357,404.6256,398.6581,404.489,412.9555,428.949,439.7653,450.5418,452.9216,444.9915,449.3095,445.6593,440.1229,437.4724,432.8335,433.8987,432.3009,424.3148,364.083,357.598,356.016,349.5281,343.2891,351.2381,372.0806,407.8438,446.684,454.1848,452.1607,420.5514,373.5641,331.1449,307.3915,320.1998,336.2759,397.9511,391.2962,400.5949,391.2509,372.852,360.8868,344.389,330.3008,296.595,270.7969,291.2557,286.7097,274.1214,262.7379,247.9114,227.4125,216.6651,207.0443,319.7675,290.005,325.3827,361.6837,389.2226,402.8962,391.6093,363.7,341.375,443.8154,478.1804,491.3784,492.93,479.2087,476.2565,468.9858,470.0279,415.6581,388.5512,383.1481,383.2772,389.6421,393.7974,406.5017,414.6861,420.3627,420.1747,422.3729,436.1523,435.7708,430.6131,416.2177,407.6573,396.5461,391.4636,471.756,425.6536,408.4326,418.4923,432.376,454.2882,481.5439,499.8894,511.2027,504.895,505.4013,506.4257,530.2816,536.3681,530.5943,512.9587,506.419,516.8812,532.8047,543.3384,508.3758,517.6657,531.5999
272.9744,310.7394,355.9364,352.4241,296.0747,248.3577,272.7211,427.2788,416.5173,406.4762,391.7112,380.2371,380.6335,390.2335,404.7423,407.0818,395.5157,401.9885,398.6243,388.4402,393.0809,403.7939,420.3755,427.9352,438.2475,442.0517,435.3289,439.5699,434.7705,428.6687,426.458,424.2508,425.5378,422.9741,416.4613,363.9879,357.9789,351.6447,342.3296,341.4224,356.0302,374.9432,406.83,442.918,449.7751,447.9571,417.6612,367.1804,325.5785,309.2899,323.4923,333.8337,392.5867,387.5628,394.5198,385.8474,371.0231,360.514,345.0848,329.5413,296.368,275.3882,296.3025,293.5594,280.0153,268.7958,260.4767,239.5076,213.1019,200.4419,305.7919,287.2685,329.8722,362.5034,385.0193,393.0169,383.7419,361.3873,341.2319,439.3601,473.2393,485.3733,486.4838,474.071,472.2898,464.8518,465.6124,410.9532,387.0261,380.4146,379.5053,384.7347,388.0985,400.3294,409.494,416.5239,412.3371,417.4138,432.1198,431.2804,424.4347,408.2592,394.4936,378.2958,370.1318,465.1777,421.976,405.4828,415.2347,427.5434,446.7139,470.6949,486.5397,497.5729,494.3492,501.313,503.0793,525.6716,532.4253,528.2515,511.7056,504.7982,513.1174,523.2702,527.7964,494.8871,503.6159,516.2902
274.3725,298.5683,346.9983,350.1329,287.8593,255.062,293.3661,433.2703,421.7957,410.3091,396.7898,383.0335,378.7702,387.4858,401.2243,402.6223,390.98,396.9106,390.6362,375.5733,379.2533,394.2743,411.4455,414.8678,424.5141,430.1727,424.7621,428.5559,422.6056,415.9139,414.4924,415.1002,415.997,412.6723,408.5752,365.3181,358.7288,346.9256,334.6714,340.831,363.1523,379.1071,405.5436,437.5222,443.9797,443.6835,413.302,358.7791,320.8774,312.7021,327.5226,332.7086,386.4866,383.1462,386.6411,377.9686,366.7397,357.7334,343.8737,327.7502,296.7552,282.386,303.8421,303.7051,289.7045,278.9986,276.852,255.3789,214.4791,192.7271,290.2015,285.1792,333.2035,362.5765,380.6958,382.0717,373.9517,357.7219,341.5365,433.8114,467.7612,478.7799,479.5048,468.0011,467.0189,459.6192,458.7348,405.3503,385.5885,377.3416,375.3199,379.2942,382.487,394.4803,404.3962,412.767,404.2728,411.9646,427.7642,427.4289,418.5864,399.6725,380.1922,359.4017,349.0127,459.0162,420.3027,403.6004,412.449,423.1602,439.5732,459.646,471.6016,480.8565,481.522,495.6177,497.8215,519.7576,526.9582,524.1632,510.1373,502.6023,507.1555,510.6894,509.0245,479.7287,487.3637,498.459
275.7705,286.3971,338.0603,347.8417,279.6438,261.7664,314.011,439.2618,427.074,414.1421,401.8685,385.8299,376.9069,384.738,397.7062,398.1628,386.4442,391.8327,382.6481,362.7064,365.4257,384.7547,402.5154,401.8004,410.7808,418.2937,414.1953,417.542,410.4407,403.1591,402.5267,405.9496,406.4563,402.3705,400.689,366.6483,359.4787,342.2065,327.0132,340.2396,370.2745,383.271,404.2572,432.1265,438.1843,439.4098,408.9429,350.3779,316.1763,316.1144,331.553,331.5836,380.3865,378.7296,378.7624,370.0898,362.4563,354.9529,342.6627,325.9592,297.1425,289.3838,311.3818,313.8507,299.3936,289.2014,293.2273,271.2502,215.8564,185.0123,274.611,283.0898,336.5347,362.6495,376.3723,371.1265,364.1615,354.0564,341.841,428.2628,462.2831,472.1866,472.5258,461.9312,461.748,454.3865,451.8572,399.7474,384.1509,374.2686,371.1345,373.8537,376.8755,388.6311,399.2985,409.0101,396.2085,406.5154,423.4086,423.5774,412.7382,391.0859,365.8908,340.5076,327.8936,452.8546,418.6294,401.718,409.6633,418.7771,432.4325,448.5971,456.6635,464.1402,468.6949,489.9225,492.5637,513.8437,521.4911,520.075,508.569,500.4063,501.1936,498.1086,490.2526,464.5703,471.1114,480.6279
277.1686,274.2259,329.1222,345.5505,271.4284,268.4707,334.6559,445.2533,432.3523,417.975,406.9471,388.6262,375.0436,381.9903,394.1882,393.7032,381.9085,386.7549,374.6599,349.8395,351.5981,375.2352,393.5853,388.7331,397.0475,406.4147,403.6286,406.5281,398.2757,390.4044,390.5611,396.7991,396.9156,392.0688,392.8029,367.9785,360.2286,337.4873,319.3551,339.6482,377.3966,387.4349,402.9708,426.7308,432.3889,435.1362,404.5837,341.9766,311.4753,319.5267,335.5833,330.4586,374.2864,374.3131,370.8838,362.211,358.1729,352.1724,341.4517,324.1681,297.5298,296.3816,318.9215,323.9964,309.0828,299.4042,309.6026,287.1215,217.2336,177.2975,259.0205,281.0005,339.866,362.7226,372.0488,360.1812,354.3713,350.391,342.1456,422.7141,456.805,465.5932,465.5468,455.8614,456.4771,449.1539,444.9796,394.1445,382.7133,371.1956,366.9491,368.4132,371.264,382.782,394.2007,405.2531,388.1442,401.0661,419.053,419.7259,406.89,382.4992,351.5894,321.6135,306.7744,446.6931,416.9561,399.8356,406.8776,414.3939,425.2917,437.5482,441.7254,447.4239,455.8677,484.2273,487.3058,507.9297,516.024,515.9867,507.0007,498.2103,495.2317,485.5277,471.4807,449.4119,454.8592,462.7968
278.5667,262.0547,320.1842,343.2593,263.213,275.175,355.3008,451.2448,437.6306,421.8079,412.0258,391.4226,373.1802,379.2425,390.6702,389.2437,377.3728,381.677,366.6718,336.9726,337.7705,365.7156,384.6552,375.6657,383.3142,394.5357,393.0619,395.5141,386.1108,377.6496,378.5955,387.6485,387.3749,381.767,384.9167,369.3087,360.9786,332.7682,311.6969,339.0568,384.5188,391.5988,401.6843,421.3351,426.5935,430.8625,400.2246,333.5753,306.7742,322.9389,339.6136,329.3335,368.1863,369.8965,363.0051,354.3322,353.8895,349.3919,340.2407,322.377,297.9171,303.3794,326.4612,334.142,318.772,309.607,325.978,302.9928,218.6109,169.5827,243.43,278.9112,343.1972,362.7956,367.7253,349.236,344.5811,346.7256,342.4501,417.1654,451.3269,458.9998,458.5678,449.7915,451.2062,443.9213,438.1021,388.5416,381.2758,368.1226,362.7636,362.9727,365.6524,376.9328,389.1028,401.4962,380.0799,395.6169,414.6974,415.8744,401.0417,373.9125,337.288,302.7194,285.6553,440.5316,415.2828,397.9532,404.0919,410.0108,418.151,426.4994,426.7873,430.7075,443.0406,478.532,482.048,502.0157,510.557,511.8984,505.4324,496.0143,489.2698,472.9469,452.7087,434.2535,438.6069,444.9656
279.9648,249.8836,311.2461,340.9681,254.9975,281.8794,375.9457,457.2363,442.909,425.6408,417.1044,394.219,371.3169,376.4948,387.1522,384.7841,372.8371,376.5991,358.6837,324.1057,323.9429,356.196,375.7251,362.5983,369.5808,382.6567,382.4951,384.5002,373.9459,364.8948,366.6299,378.4979,377.8342,371.4652,377.0306,370.6389,361.7285,328.0491,304.0387,338.4654,391.6409,395.7627,400.3979,415.9393,420.7982,426.5889,395.8654,325.1741,302.0731,326.3512,343.644,328.2085,362.0863,365.4799,355.1264,346.4534,349.6061,346.6114,339.0296,320.5859,298.3044,310.3772,334.0009,344.2877,328.4612,319.8098,342.3533,318.8641,219.9881,161.8679,227.8396,276.8218,346.5285,362.8687,363.4018,338.2908,334.7909,343.0601,342.7547,411.6168,445.8488,452.4065,451.5888,443.7216,445.9353,438.6886,431.2245,382.9387,379.8382,365.0496,358.5782,357.5323,360.0409,371.0837,384.0051,397.7393,372.0156,390.1677,410.3418,412.0229,395.1935,365.3259,322.9866,283.8253,264.5362,434.37,413.6096,396.0708,401.3062,405.6276,411.0103,415.4505,411.8492,413.9911,430.2135,472.8368,476.7902,496.1017,505.0899,507.8102,503.8641,493.8183,483.308,460.3661,433.9368,419.0951,422.3547,427.1345
