0,1,2,3,4,5,6,7,8,9,10,11,12,13,14,15,16,17,18,19,20,21,22,23,24,25,26,27,28,29,30,31,32,33,34,35,36,37,38,39,40,41,42,43,44,45,46,47,48,49,50,51,52,53,54,55,56,57,58,59,60,61,62,63,64,65,66,67,68,69,70,71,72,73,74,75,76,77,78,79,80,81,82,83,84,85,86,87,88,89,90,91,92,93,94,95,96,97,98,99,100,101,102,103,104,105,106,107,108,109,110,111,112,113,114,115,116,117,118,119,120,121,122,123,124,125,126,127
578.1433,564.7726,551.2712,582.9953,538.4656,521.9578,508.9326,489.5525,530.0161,582.6066,574.1453,550.2431,531.5102,552.8599,565.3779,554.3704,554.3316,562.9283,562.5613,553.9136,533.1697,518.786,515.1852,518.1433,523.1765,527.3896,537.4862,550.2009,554.5392,555.4291,557.9352,542.8145,535.0637,516.9677,484.8747,475.5869,468.6084,503.4764,523.92,544.7144,560.3438,538.19,532.134,528.2939,549.2681,567.0004,552.132,570.2764,588.4207,704.0056,486.9466,523.9809,581.5821,601.4598,541.3543,528.5578,555.5957,557.1583,550.7404,577.6484,594.659,548.2441,538.4752,555.2538,527.0303,413.2777,385.3629,425.4431,456.6469,505.6263,519.1437,514.4485,539.5411,522.4069,485.3203,510.5472,516.1512,487.7476,525.3177,539.2426,543.051,510.2443,468.8206,500.2197,531.672,556.0637,568.1321,657.8562,672.6357,688.4355,707.9177,675.3245,720.21,763.624,722.2263,667.2339,646.2458,651.0402,657.0912,723.4771,686.6035,694.2465,707.137,719.2047,686.3101,642.1663,584.6585,543.983,553.3646,579.8304,590.7698,583.8885,559.4432,543.7166,538.4111,541.4534,548.3498,543.9708,551.3038,579.0801,586.183,581.0364,573.5063,557.2154,569.0684,574.1253,573.6001,572.9343
572.2252,564.6894,557.2134,573.6695,547.7107,511.9789,475.5891,487.7836,521.0653,563.0882,554.9547,533.8243,543.1227,553.6699,574.7134,551.9203,538.4901,540.725,527.2426,515.3981,491.6933,476.1963,478.0183,486.4233,499.4196,502.0864,502.155,510.8961,524.6399,545.621,545.1143,525.0021,539.1476,532.9578,486.9811,467.4253,473.4652,502.4656,509.5806,516.4351,521.8486,526.134,528.8529,532.2383,543.6696,563.1506,569.831,581.1858,592.5406,583.7294,495.1302,520.0255,553.8331,590.8175,539.3427,553.0937,570.0698,549.1516,519.3448,537.7253,537.3273,527.8085,545.9623,575.9142,550.621,478.1607,462.0604,486.5246,508.7301,541.8679,559.4612,558.7033,562.994,534.499,523.0699,569.4595,529.8957,447.482,460.4679,479.2072,489.3629,475.7026,464.1312,486.8757,512.3337,546.1174,581.2495,648.7927,657.7285,671.5101,723.8223,740.7505,769.1403,796.2162,747.5714,721.7085,680.9854,674.2854,669.326,699.5233,660.7001,660.1873,681.986,638.1425,599.2067,565.2194,518.1824,532.9963,579.1866,628.4031,612.6241,588.8917,564.7818,551.3848,550.2881,558.7716,572.9165,571.0117,563.4419,563.8485,558.5663,551.7333,558.4713,556.2172,546.5878,562.6641,555.5809,550.6504
503.5233,511.5936,519.9962,514.3519,549.249,526.5514,497.6375,507.6819,498.2278,501.9124,497.5129,490.0817,519.3033,560.6713,529.3782,523.8933,525.9941,519.523,515.3787,529.7957,511.0286,490.2838,493.2016,506.2642,524.679,522.6827,517.5531,530.5578,539.5402,539.1539,517.4149,488.9459,500.4019,502.4804,485.5853,484.991,503.1934,504.125,510.4862,515.3087,512.8138,513.744,527.4662,538.8571,526.6724,555.6154,569.1346,604.8448,640.5549,594.486,553.1794,584.3394,620.9659,589.0193,562.2678,584.1823,579.6111,557.2668,532.3842,530.7064,532.7104,545.7408,549.5433,546.9639,554.0082,524.3429,533.4214,553.0765,550.1964,565.8657,573.2495,576.2883,597.9677,595.6827,595.5914,625.315,591.4418,522.613,522.7018,524.3477,513.7997,486.0601,492.9319,514.7684,541.9188,579.9973,581.6848,590.8021,622.3294,658.8402,736.9287,795.9105,796.8447,797.1573,761.6489,760.1613,733.0316,717.4011,702.3875,725.1055,685.1334,626.693,630.298,585.9966,583.4386,594.5777,553.7026,579.4785,614.4904,641.0876,617.3403,595.2176,585.2458,583.5661,588.1982,589.274,588.3482,574.3363,561.6249,563.2949,580.5268,588.4847,583.84,612.9262,606.8369,566.185,566.4444,565.5326
524.0588,524.0197,524.2451,549.9526,549.7944,554.0464,558.9626,544.2789,511.0545,510.8217,513.1049,514.039,546.2023,563.4136,526.9805,527.2793,525.6848,510.9262,516.5799,527.106,517.2448,515.6825,529.4527,537.0938,534.8271,530.5016,531.6266,536.4038,533.4601,530.6516,532.2842,517.4415,516.7589,514.3994,513.7912,524.3851,526.1653,529.9069,519.4819,516.0672,540.3654,527.5098,534.441,541.0679,546.6677,587.7048,573.4572,609.717,645.9769,618.1697,481.1469,535.1431,604.0386,607.7332,593.0414,600.0513,584.6264,562.1472,539.3636,586.1155,601.4547,592.2815,588.368,587.7134,623.1561,631.0447,653.3036,635.9861,570.106,577.1108,605.2757,602.444,607.4037,601.2174,600.2819,634.6166,643.2301,593.6935,575.9985,597.5056,604.4531,582.8742,575.1531,565.9286,575.535,634.3462,607.8993,595.7745,614.1407,641.2485,740.8083,803.2333,790.939,778.427,753.364,750.9188,778.236,749.088,717.0446,759.5257,704.4843,630.7352,646.0689,618.8642,609.0163,606.7352,588.9875,673.8423,707.2966,704.3989,654.2895,619.1324,605.7712,606.7255,616.6697,633.6895,623.9728,601.9122,607.1429,625.6663,622.4664,589.5345,584.4745,624.7742,612.3213,550.9436,563.363,569.4087
485.7966,484.4991,483.1631,547.1578,586.8855,582.3286,573.4572,527.8273,516.1843,516.5403,526.1536,537.8517,550.3068,553.2782,522.7216,540.3959,546.4868,533.3497,542.093,551.0094,526.3516,510.3148,515.2573,536.5172,545.9149,538.8335,540.7422,538.2511,530.951,528.069,516.046,486.441,514.716,524.5847,498.754,495.6701,497.9692,488.0504,481.8975,484.9321,528.1018,540.8419,552.1669,562.0931,558.8722,594.6261,586.1984,603.7576,621.3167,527.5558,452.0218,510.9331,579.9547,609.7803,596.9005,567.0146,555.0859,537.6143,517.6517,583.4738,627.9823,581.8475,567.2753,580.0383,578.716,583.1849,614.3386,598.0245,538.8265,555.139,600.1089,599.8414,587.8317,585.3824,598.8495,612.0668,605.8085,576.0215,561.1937,596.1534,613.5331,598.5999,597.8593,571.813,568.6394,631.4738,615.4977,601.8729,587.1304,586.3771,702.2823,769.3279,756.8603,744.5228,739.6932,753.6144,764.1411,751.2218,737.1221,747.4553,675.3703,609.1289,647.3054,649.2955,638.2488,626.936,620.1004,675.079,668.0103,627.1703,564.1812,541.4043,548.4886,561.6046,577.8716,589.4461,560.2944,551.6179,561.3269,540.2372,518.003,503.7161,515.6221,541.1624,511.0649,452.4528,490.4673,519.1968
514.1932,509.9143,505.3043,539.7411,569.4538,559.1943,544.8978,545.4613,547.0582,534.8874,532.4863,533.2973,533.3081,546.8901,526.1682,545.9973,554.1492,543.896,550.797,558.9432,539.7349,526.5033,530.1036,542.079,541.7285,541.8674,554.8437,554.754,550.2052,548.4921,543.5837,521.1301,525.4969,524.236,509.9769,502.9662,512.618,511.6581,506.769,511.2826,556.1272,565.2591,571.2338,574.0467,543.9386,555.1716,555.2092,563.6871,572.1649,459.2816,400.3936,469.6395,548.377,591.7904,589.7615,558.5545,559.3336,541.0801,516.0571,586.8456,618.0798,568.2709,550.7064,557.6358,576.375,580.2152,570.4583,561.3178,553.0041,579.2882,614.771,627.1265,635.4044,624.0204,601.0844,579.6428,557.7368,571.4139,591.1477,615.4717,632.2163,624.2136,602.7306,595.1077,598.7899,635.2617,626.8302,593.0673,594.3165,599.8247,649.1159,769.9333,775.5065,780.606,758.409,781.3234,734.4636,719.1507,705.5286,706.4946,638.8736,619.7363,590.0251,663.4474,675.2336,665.7853,650.9313,595.1572,557.7251,533.3795,510.7489,515.7075,536.2823,555.7324,574.0267,551.1237,520.2852,539.2448,552.9211,533.6927,525.002,507.512,479.2734,475.6829,465.7354,460.5908,480.0644,491.8777
499.3951,489.9953,480.4531,528.1374,553.8081,572.3368,590.3303,555.7307,522.372,526.988,530.1301,530.9002,532.6166,548.2269,555.7166,565.9536,564.7814,556.1499,545.3427,544.2437,541.3132,531.8589,522.4195,524.5709,533.5926,547.1739,554.589,542.7501,536.7007,551.8512,560.6884,536.4634,538.2141,535.3946,517.7167,494.9124,502.2298,546.2543,560.7893,577.1219,593.7623,564.9435,566.2867,567.3604,566.0396,574.3895,573.5757,590.723,607.8704,509.9502,384.796,450.8867,531.5701,635.5814,607.9348,591.3682,580.2092,544.4696,502.5864,540.7958,547.3417,539.9635,552.4357,572.5483,597.4271,575.6204,577.6563,586.3087,574.5396,577.447,592.4503,606.5513,620.1933,609.3542,574.9526,554.9116,541.7413,534.2965,543.6646,555.0695,573.4214,593.554,583.6854,595.9642,610.7359,633.3109,636.933,584.2949,572.5306,564.9767,603.4793,743.3676,765.1385,786.3522,775.4581,764.0125,754.3246,735.7847,716.7949,701.4016,617.6817,625.1541,641.5916,704.4932,674.6965,619.1023,600.7424,556.5208,544.4019,550.719,540.3989,543.535,543.3138,539.0826,538.1505,555.9888,568.5109,562.8627,555.567,547.5985,530.5301,501.352,494.6832,514.1606,515.6255,508.7625,501.1324,498.6766
604.6677,601.1982,597.4686,648.207,607.7905,628.0897,655.3373,634.2448,585.519,593.3475,615.3342,637.5591,630.2368,604.1592,600.058,636.4585,651.619,649.4824,645.3207,636.3896,617.3813,600.6855,590.197,594.8904,614.8992,609.1587,591.5886,596.0955,612.2023,631.1165,606.7563,565.1556,560.5408,556.5545,554.5035,559.9005,588.7018,623.2855,616.0485,609.858,603.2703,570.601,581.6367,594.1669,620.0149,593.3221,628.4238,657.6764,686.929,612.8596,545.8431,563.8149,588.1915,667.463,601.4078,586.673,584.8855,564.5189,539.544,520.3784,540.0065,557.8239,564.9772,570.1014,581.1196,559.9096,576.6182,600.2286,600.8942,583.8029,581.1372,604.5124,626.1702,633.2659,598.7652,563.357,567.7043,571.514,580.1263,573.6193,564.2198,553.4949,557.9073,565.2008,579.7899,617.2339,618.7305,538.6007,505.6483,491.1188,633.5467,748.2031,749.7323,750.9892,736.5519,729.7885,720.7173,717.6484,714.8861,686.1942,629.561,646.764,624.7412,665.6547,639.5073,592.6329,565.092,556.3844,555.5709,556.1027,554.3569,567.6967,559.828,538.9051,521.1809,545.5596,570.2971,571.3315,579.606,591.2806,564.5316,525.1133,530.8301,535.0768,547.3067,564.4379,554.3386,542.0163
560.037,570.2607,580.3874,589.4766,542.9499,554.9457,573.3646,599.5713,554.7521,528.7695,543.0855,565.7772,562.2513,544.3789,549.2226,591.139,600.9781,588.8614,561.5748,574.6206,570.3602,553.7695,555.739,546.1687,544.0936,550.8045,558.0651,579.5025,597.5838,587.5927,538.9241,513.217,537.4963,546.5418,525.2589,531.2443,576.1593,609.2661,591.4324,571.5211,540.6367,511.2787,521.9562,532.7714,544.6701,550.59,590.5682,627.4775,664.3868,651.9109,613.3613,598.6918,585.9286,631.8563,579.9568,570.3325,573.6577,574.2726,574.0988,600.5885,607.9897,568.7075,555.6763,561.0421,562.4816,555.3357,562.2166,573.4075,579.2568,574.0441,561.9786,576.6781,616.1737,609.0035,577.4874,580.5244,579.8234,583.0528,577.5768,586.5392,581.5586,559.2007,569.8236,561.1618,564.1382,601.1991,597.3597,579.2178,553.4645,539.7186,634.6887,779.1738,787.7966,795.3096,738.8535,720.9725,687.6188,681.2953,676.3597,634.5476,629.9303,625.1763,588.5432,606.4322,594.226,571.2078,558.232,538.4207,539.5878,550.6685,550.9561,572.9827,582.0331,558.8184,525.3108,551.2844,581.0673,554.7117,545.7068,572.9354,587.295,582.2272,566.9749,558.0401,568.9406,568.8126,553.8297,553.647
526.7017,542.4413,557.9609,528.2741,493.6794,500.8642,512.3438,527.5798,488.6057,478.0941,489.1566,503.5201,478.9524,470.7841,500.469,518.9242,521.1772,520.3596,489.2693,496.2641,481.1625,459.8893,467.2866,469.5096,464.547,488.918,523.3157,526.8323,521.0474,497.8606,461.3593,434.0631,448.4212,456.6526,446.9095,451.4984,514.2363,529.461,502.3355,474.1514,441.9624,420.5403,424.8938,431.6502,463.1496,459.8767,489.9572,529.8293,569.7014,576.6469,594.1059,594.5756,593.7129,555.3997,525.4713,514.8187,515.1814,513.6262,511.1613,558.7626,594.7482,559.4662,540.1949,539.1758,529.8655,517.5928,528.4687,546.0521,557.9752,561.1956,551.2182,555.3893,579.4685,583.3746,571.8577,569.9036,580.8979,590.0677,565.9382,571.7925,569.4336,554.15,554.4509,552.5396,549.5558,553.7103,592.6564,570.8282,547.3013,536.5301,636.1178,734.9751,750.8595,765.5992,714.3648,690.2853,680.7573,676.3431,672.1677,628.2152,640.9579,650.8854,596.2863,561.8699,546.5844,534.3545,498.0067,493.6975,503.2436,512.5782,504.0511,497.2222,488.6434,476.2362,464.2446,487.4664,518.7651,511.2251,498.2694,500.8461,504.5919,507.5757,500.5464,511.5655,528.681,490.1066,474.0319,486.8394
426.0287,442.8992,460.1306,480.3063,454.4868,457.3692,463.5498,478.3647,440.1443,403.053,418.7432,447.1219,433.2263,437.0589,459.0811,461.9607,455.81,450.0585,447.316,459.1458,445.9425,437.8076,452.6184,465.1689,458.3971,460.9387,476.2972,470.7116,462.2869,440.7858,425.0706,436.9908,434.7639,433.7087,427.2444,424.4178,473.4339,458.5589,459.6756,457.8721,440.017,416.3911,419.1781,423.6609,445.551,441.8819,458.1444,495.0772,532.0101,505.9293,523.6275,535.8065,547.3903,513.2608,508.7446,483.3463,464.469,468.3101,477.2317,501.941,499.8794,488.751,482.0422,476.8643,480.2733,479.8752,480.7537,487.2283,494.7222,506.393,512.5959,510.6967,509.1641,507.2408,495.6808,493.3545,528.9482,550.085,532.4907,525.5413,519.0139,509.3517,491.2945,479.9882,470.1686,476.6028,526.0136,552.931,523.1717,509.0536,628.7278,730.7902,736.9677,742.3906,704.3182,668.8634,703.0947,692.3359,679.2073,607.0322,633.5743,603.6634,528.9459,513.7908,513.9178,514.2884,487.8474,473.8875,463.9345,452.523,441.6524,444.6223,448.5468,453.3213,461.1673,451.3481,452.0784,465.4835,470.7543,475.5056,484.3699,477.401,449.8535,444.6014,453.8367,447.3244,426.9025,420.1332
438.6287,458.5619,478.983,492.3459,489.233,485.9982,482.877,491.4146,474.6484,413.8957,422.1705,450.0085,478.3131,494.321,483.8023,487.5083,498.1526,507.0782,518.7155,510.5799,492.4286,485.1336,484.074,476.2511,471.46,504.5658,529.9083,507.3398,485.7188,478.7248,489.104,488.6782,479.9871,465.5798,437.126,422.6543,447.7155,453.4578,461.3293,464.9571,447.7196,435.5751,456.019,472.696,449.5989,467.8427,492.2958,516.5822,540.8686,530.3894,502.7039,498.6819,496.517,503.4229,501.6776,493.0544,491.8336,479.7265,464.4233,460.2631,450.4726,440.5068,455.844,481.9462,494.5232,502.6766,496.8226,488.024,484.5517,498.888,515.2405,511.8271,500.8885,487.9255,499.0533,512.8494,487.0931,489.5749,503.565,485.9041,468.0797,455.5987,458.1782,461.2598,463.3594,464.6043,493.7507,582.5176,558.5209,540.2061,577.8333,688.3638,723.175,756.8785,726.7433,684.752,706.4847,704.471,701.1694,600.278,577.3614,505.2982,474.235,470.9601,494.8971,524.6442,511.9247,495.3954,495.0594,499.8091,481.3584,469.1656,467.7758,473.2135,482.6651,486.9003,491.2202,492.5869,490.8307,492.0841,479.1783,441.1244,417.2058,431.5991,427.684,397.6387,391.9291,394.77
428.4173,473.1273,518.6169,530.1516,508.5317,517.6752,530.2122,540.7011,512.4555,477.9772,489.412,512.3754,516.4736,517.2581,517.3714,527.2692,528.5148,523.1275,513.4606,533.0767,544.2808,533.9059,523.2043,515.8087,517.6786,538.2269,550.9268,537.2637,544.588,569.6941,561.5459,534.2971,513.9089,491.3985,470.7048,480.6048,516.2543,508.7162,484.0355,461.8426,456.3991,475.566,484.9873,491.5116,467.2593,471.8647,481.2055,504.8936,528.5817,548.4725,519.2718,490.9524,462.8901,501.5645,495.6504,484.2794,521.8312,519.4014,504.2719,503.7094,496.5829,498.7645,506.2382,513.6588,503.8056,506.3285,516.3176,514.4096,506.5918,499.3358,505.4637,509.0569,497.7551,502.3465,508.1064,492.6986,488.1518,498.6836,509.0239,504.0486,494.3516,481.1669,492.4035,517.5076,534.5392,521.8723,520.4548,560.8569,547.8102,537.4062,559.0092,677.0941,693.9194,710.866,734.7994,731.7305,707.6113,701.2225,695.7587,600.4492,569.5824,499.6253,439.9707,436.0674,478.7343,530.2072,534.4642,487.7216,480.5583,494.5414,492.388,496.231,509.2284,518.3069,524.2089,518.3611,499.3854,494.1613,501.4817,505.3267,478.342,435.6681,437.1501,444.6561,423.5192,409.7322,418.8658,413.8817
380.54,423.1798,466.9288,498.175,482.3104,493.3343,507.4732,512.4779,477.2047,462.4912,466.9586,474.7257,467.7881,492.6111,513.3221,520.4887,516.8109,509.198,507.6426,519.8114,513.9325,504.3126,505.7446,498.2189,489.4578,501.2736,516.8848,519.1161,528.9935,531.944,513.3181,509.8568,511.5158,510.0325,499.4178,487.3034,492.3234,513.0483,493.0814,475.8166,482.3839,538.1266,510.9585,483.8196,459.3782,472.339,490.6865,506.2406,521.7947,528.4454,513.4744,476.1735,437.2627,478.9858,480.6034,486.837,523.3192,526.856,520.5839,538.3173,538.9013,529.8547,528.8555,531.572,501.4858,489.1859,510.7627,518.7155,510.9812,511.2152,518.4397,502.0278,461.3503,441.1712,454.9218,472.564,484.216,507.1362,518.6887,501.2993,479.9197,455.4508,465.3209,527.7966,581.3378,591.2057,555.6934,523.2083,523.1683,522.8934,532.5875,668.5866,687.5295,706.9094,751.4745,739.5851,703.8705,680.798,658.397,613.9185,590.4274,509.728,471.3026,453.7635,489.2686,537.4377,542.7139,483.7387,463.1575,465.3758,451.8145,468.827,508.123,522.3187,519.5216,509.9467,491.6047,486.94,491.4203,489.4158,474.0636,453.2952,451.8994,456.9096,435.6112,394.0198,395.5511,367.9292
411.0071,475.8961,541.9203,538.108,513.087,512.0071,513.5145,532.3583,512.1841,473.5013,474.5028,486.1055,484.1122,513.5698,532.7927,534.3845,543.201,557.4354,553.9297,523.6475,518.3994,530.1111,534.962,528.4415,506.9995,523.9677,553.9413,541.6552,540.3324,537.8281,519.1214,519.111,517.8956,524.7859,538.0338,520.3853,520.7593,550.0216,542.3273,532.4515,523.8104,574.2607,550.1628,524.8784,488.9671,496.0852,509.4949,521.736,533.9772,524.4543,537.52,528.895,518.5354,542.3649,508.2135,509.9457,549.8062,537.0317,509.4079,513.0858,532.2465,548.9681,563.4669,577.7632,546.9963,512.3855,512.8074,517.024,513.2994,526.7065,548.5062,530.9695,479.3065,458.9335,475.4356,474.3184,468.7094,487.7284,491.1732,482.7217,457.8853,407.9605,412.9923,477.7018,532.1044,548.9698,562.7719,550.7482,553.4651,552.3273,526.629,595.9409,638.8926,681.8289,723.872,717.5284,682.4391,669.2686,657.2453,631.5774,608.486,582.5225,535.2308,509.8327,539.19,580.8525,564.904,497.2576,471.3745,467.1318,439.14,463.3744,496.8745,497.5055,486.5947,457.0546,447.8782,459.5565,463.1955,467.2245,452.7752,440.9288,455.9437,470.9529,457.6263,399.918,398.6136,377.5515
444.3955,511.0135,578.6279,559.1916,524.3862,509.9494,497.6817,533.8752,535.3526,498.3959,507.621,530.1813,515.0284,508.6213,522.9628,532.6799,547.1525,566.2051,575.8662,536.7532,519.4133,529.7474,533.4212,543.3952,529.9971,520.6002,533.2875,526.7548,531.4725,535.2103,514.7668,508.2959,517.1711,531.6672,544.9575,520.4785,516.2447,563.2958,546.0743,524.2313,492.1872,527.2606,519.3806,511.4709,503.2012,494.9543,498.1064,507.3977,516.6891,507.2009,532.1201,523.2935,511.7728,547.3426,539.6064,539.4117,575.1448,545.2487,497.0473,498.1605,524.7426,541.0278,561.5955,586.5715,576.0392,532.0656,513.6813,517.0256,519.9312,525.8946,536.7109,527.744,496.4663,481.5528,490.0019,475.1306,446.1786,451.082,445.8714,448.4862,444.1511,434.0797,452.2299,472.9002,490.2629,503.6451,549.275,572.8377,548.7603,523.9744,508.4894,657.0333,682.5007,707.1929,687.1996,698.7321,676.6382,676.4018,677.3166,618.4966,556.749,553.0105,538.8909,517.9671,522.5297,533.6461,531.0779,498.7614,470.2657,446.9952,432.277,458.2092,488.6786,496.1996,494.6684,479.769,477.0689,484.6143,487.9457,495.6606,483.8788,470.4089,485.3298,497.7498,475.1143,427.9752,442.0092,450.1584
426.3504,480.1448,534.7972,480.0001,482.3836,484.2273,485.5235,543.1912,525.1464,489.547,487.838,494.7712,493.4766,492.7606,494.0499,525.2901,541.1796,542.8367,555.3753,548.3766,519.7681,499.3189,487.8117,487.3454,485.5517,481.8062,489.788,498.4758,512.2372,511.6849,485.7717,481.7166,488.8558,503.7006,523.278,506.8084,506.5275,551.3777,522.5984,488.5925,439.1949,450.0842,459.8795,469.2263,470.8367,432.9638,463.7675,476.6197,489.4719,479.1375,467.4615,468.2886,470.0664,508.0155,526.4852,515.1721,543.2796,529.5944,502.9796,488.6662,482.6334,500.5945,517.4576,529.7676,518.4295,511.1353,514.8577,512.5654,505.542,490.596,500.3561,511.3057,493.4201,486.7785,492.7155,464.4882,419.7706,431.5594,447.6616,447.6567,448.6743,457.8171,475.2775,473.5849,474.5459,487.2469,513.3837,558.7125,563.4725,565.5979,555.0443,652.5876,690.5761,726.5891,648.7476,683.0842,655.0032,665.61,678.259,585.3886,545.8019,523.7489,499.5585,478.0555,472.597,470.9721,461.4582,471.5355,466.9339,453.2008,449.3161,448.6236,455.8394,467.7217,479.2102,479.8883,477.9492,475.5468,471.1601,469.9401,469.6979,463.1524,451.5032,448.712,442.7438,434.8331,443.8011,463.8118
445.5508,473.6251,502.1914,448.0968,474.0348,472.8654,468.2619,516.891,502.8063,466.4426,461.8036,465.6617,451.7108,446.2931,468.5033,496.7122,507.7243,510.8861,524.8947,518.1044,487.6546,468.1005,460.3416,458.6433,455.4885,479.2401,507.375,494.3803,477.3848,475.8463,491.7134,479.7118,469.4417,472.0568,496.3741,493.4359,491.1418,523.4901,498.5562,472.5863,442.8173,424.9956,437.3874,449.8575,459.9523,422.7457,480.975,490.5713,500.1676,498.1999,470.8422,469.9264,471.1127,520.555,521.3908,470.1278,502.7861,500.2523,483.8287,473.8251,497.6666,495.4535,485.8222,479.6673,475.164,499.3172,504.097,494.0667,490.3786,477.834,480.3249,498.5935,511.3714,503.5548,485.3735,471.0296,432.2636,418.2268,446.5561,463.9167,465.1497,441.7662,446.7609,435.1855,431.4979,443.3739,421.9944,514.3529,564.8153,607.0177,582.7198,611.1833,645.0318,677.8638,652.1159,636.5235,635.438,649.4262,664.1567,561.572,543.2339,558.046,571.9081,542.476,531.6478,527.7881,491.8679,494.3868,500.1076,500.023,483.663,469.0205,445.7385,437.0037,443.2516,456.8986,485.706,503.9682,498.576,486.7249,460.2307,435.7533,432.1476,424.6553,431.8332,446.9161,448.0322,454.9351
554.9866,565.8168,576.9792,488.8212,527.563,516.4083,499.114,514.212,496.5342,482.1094,500.2484,526.0294,504.9659,481.7886,496.5353,484.2172,483.4069,497.3507,512.2499,515.4384,515.0684,503.5271,480.6254,485.5006,499.9363,525.1961,553.2796,547.2015,525.1304,513.3978,534.1138,520.209,510.4069,498.5071,477.6308,463.1426,494.4821,508.6859,503.4495,498.544,488.7646,448.2018,456.9102,467.4572,493.9975,451.6155,529.9805,533.9042,537.8278,531.124,518.8721,513.3331,508.3233,546.9079,493.1751,457.8795,552.182,550.6105,518.1877,491.0411,517.3163,508.2494,493.6809,486.4377,462.7223,481.9751,520.0409,526.3,515.5139,504.6961,506.9767,525.8558,549.1459,533.0763,495.5346,482.1046,449.546,446.8372,495.6127,525.1285,519.1243,448.1709,433.3427,444.5889,456.3816,456.149,417.8806,487.1221,566.5066,630.1828,564.4839,568.8643,618.1151,665.8904,628.6247,624.2587,612.4443,635.0253,659.3556,585.1746,547.1235,558.3105,612.4005,589.0953,594.9393,612.6537,574.2104,528.6407,533.7378,557.6447,547.5937,545.3998,522.1964,512.384,524.8018,535.2789,537.1127,533.4266,524.9125,510.9442,492.7366,486.3957,488.0987,475.7629,475.6934,483.2853,500.8983,506.3662
598.7265,621.846,645.4172,596.546,603.976,593.7203,581.1847,586.2966,579.6527,537.9925,541.1284,557.3495,544.7594,541.4201,587.6841,615.2964,599.8298,571.0085,551.2676,525.4916,500.994,489.1178,482.1626,504.522,528.7826,555.9705,594.3193,606.7415,591.1815,572.3717,585.7952,563.7591,565.4819,552.6953,516.1906,517.8154,548.2135,563.1109,567.9611,575.0024,578.1968,506.002,502.5182,498.3793,488.6419,508.8304,580.5469,574.9301,569.3134,578.3331,562.6693,555.7261,549.5416,551.7255,525.1997,495.1461,550.2591,555.0045,542.4354,503.7996,523.1761,508.4939,488.6346,476.9793,469.986,488.2175,525.2588,526.4068,499.3039,482.3201,503.6873,532.6409,541.0201,535.6946,516.9039,482.9345,435.5962,458.9173,535.7753,557.5894,535.6487,438.4268,423.4184,442.8244,468.1862,493.7141,446.2739,498.9137,566.3132,618.9802,548.436,524.3912,568.2407,611.5811,625.5842,611.517,605.8562,620.6934,636.5552,578.06,532.5163,523.9506,556.7001,545.2605,561.2599,586.8942,575.7856,537.2607,522.6711,519.9876,526.0616,550.1321,555.8367,550.503,548.0359,546.474,522.0777,493.0168,478.412,463.8381,473.056,505.0565,504.2894,488.9038,501.2867,505.379,513.0304,519.5047
552.7906,595.5132,638.6535,649.8605,592.3409,591.0242,595.9833,601.7559,580.2867,580.2103,601.7324,627.2369,606.8558,605.9068,622.9415,640.3279,627.8842,601.0478,561.5696,522.7023,506.6041,503.2126,499.976,515.2084,518.4495,528.6199,557.293,558.3682,550.6906,555.3439,576.3801,563.951,566.1547,560.0154,548.8888,568.0451,563.2227,557.0148,562.1552,569.7274,575.1458,504.7596,479.5972,458.476,482.9904,511.2595,571.2026,559.7259,548.2491,566.6337,574.7242,566.7188,557.5363,545.2446,555.907,520.3881,535.0579,521.6324,497.885,498.1328,546.1669,533.9595,521.3792,522.1629,504.4723,504.1328,530.8101,533.9186,515.1001,487.2754,503.4262,535.3307,533.9877,544.3869,551.4011,534.0552,495.8192,469.8219,502.283,502.483,487.7903,446.203,440.5156,479.1495,524.7435,577.1943,551.2816,540.6368,565.394,579.0551,507.0068,546.0884,589.6057,632.1406,618.0546,638.3948,612.892,642.4947,674.9464,588.4106,541.5264,492.7491,481.4532,478.7238,485.06,493.5919,516.811,497.0226,474.3471,457.4542,439.6533,466.7952,492.877,500.3752,505.7773,503.3976,485.1935,465.5108,459.0664,459.5992,481.9051,517.5225,497.0416,455.2591,468.2428,470.3203,452.9466,468.1008
477.138,499.0612,520.9834,519.7333,524.063,537.3538,551.5084,542.2018,514.9969,531.8213,552.8917,572.4525,565.9619,559.7277,532.2661,543.1511,558.7719,565.9807,517.8771,472.3146,450.9929,439.2996,434.7901,438.5492,429.3459,419.5623,430.9527,440.1363,458.9344,485.4956,495.3432,498.7221,512.5447,521.573,526.9148,545.0781,535.0352,505.0511,499.5837,491.0408,463.7554,420.1467,407.3582,396.9695,415.7841,467.6323,483.0267,477.5296,472.0324,501.0392,511.7734,509.7432,506.8199,515.7994,530.0306,515.2402,469.8451,456.2384,451.9946,499.4489,519.1657,501.2626,505.0037,522.3383,497.5096,469.061,484.2242,489.2317,471.8444,456.6079,477.6879,499.3715,488.7825,480.8497,478.2353,475.7164,464.0882,447.9056,430.9868,400.1744,380.3734,395.4478,435.9274,481.327,534.8735,601.0558,582.8533,526.9052,537.4312,543.4482,515.7639,545.7969,577.2242,607.6412,579.8374,586.8021,573.628,619.6743,668.7422,621.592,585.5281,527.6431,497.0884,478.7465,459.0179,438.593,465.9153,461.5817,445.6153,431.807,413.8082,415.7978,405.2841,396.8073,399.2506,411.2372,432.1431,442.3267,443.0296,445.437,470.5232,487.277,417.1467,345.059,361.518,369.1286,356.1004,387.8712
506.419,492.8533,478.8147,515.7477,500.1708,503.8293,509.8878,523.619,505.2845,474.3315,475.2152,484.4827,508.9823,507.8943,456.2966,445.9774,470.2457,498.9127,483.3329,451.9355,435.8607,427.3101,420.0103,403.4543,400.8134,416.3469,422.521,423.9975,455.1997,478.0744,443.9402,453.5986,463.2444,493.2754,536.9343,506.3956,504.8837,467.1985,474.1563,476.6591,459.2681,454.3912,452.114,448.6773,434.0249,448.0404,459.5724,463.8043,468.0362,503.5508,515.6099,515.1252,513.7841,521.9819,540.8716,552.2983,487.0808,471.5069,472.5184,514.1422,497.7444,482.9262,499.2786,524.6458,497.4909,484.549,504.1837,507.0478,494.6067,487.0734,501.3112,508.5032,491.7507,470.7228,467.2192,481.4482,470.8385,452.3331,437.7753,420.7978,416.2161,429.392,430.5541,481.7054,522.3028,532.6002,566.2377,534.8203,522.9763,509.0984,485.6652,548.7445,572.9785,596.3018,567.1403,544.7697,558.6903,593.9501,630.2389,647.5027,627.755,580.3019,583.6356,562.8745,529.4313,494.6739,511.2789,543.7838,524.6184,484.738,457.2228,460.309,446.4361,436.2872,440.4252,447.937,489.4703,517.077,514.0671,518.5895,508.9724,483.7301,439.344,388.6636,401.102,431.7425,415.2715,427.2575
562.8705,544.5666,525.559,555.0743,497.9894,501.4582,511.8207,548.3591,546.8781,506.0562,512.5433,532.7021,549.1661,557.856,518.7872,480.1609,473.5588,478.6576,480.9781,481.558,470.9413,453.8943,438.1072,417.0065,371.5273,393.0201,468.9581,493.2666,514.8755,513.8461,497.3206,502.865,502.8145,520.4417,544.7009,499.16,516.4266,533.6833,534.1694,532.6406,516.1062,478.3889,498.4075,515.3391,497.7921,485.4457,500.6703,504.783,508.8957,506.5396,528.1777,522.7676,515.2129,530.3081,540.6493,549.9987,549.6768,515.8522,474.1412,477.3942,486.7188,487.2185,489.1543,492.776,477.5654,470.1112,498.4347,521.3128,528.4954,530.651,554.3909,564.6322,536.4006,515.6832,508.625,511.5056,514.8129,485.5466,443.6421,458.3352,480.3504,504.7319,499.6043,520.2549,544.5262,576.1311,581.0926,575.9569,537.4429,494.0969,422.5634,499.4365,547.9768,596.174,624.5992,587.1531,598.1976,621.8926,646.1603,648.2587,562.9474,535.9962,587.439,520.7489,478.3586,449.1583,480.019,563.0813,569.9621,541.3828,517.4434,491.6906,482.9362,495.5722,514.6925,542.1683,557.2097,551.9424,549.7861,554.6716,542.6261,497.2603,474.3993,448.3369,406.9489,477.0552,494.1443,518.9153
524.6475,530.2874,535.5908,574.8718,502.6828,495.7361,496.3517,543.5662,530.3674,504.3656,492.9474,485.2129,491.0874,531.6931,564.389,579.5599,558.2845,521.1104,469.6627,467.7642,459.2382,430.4682,411.2144,419.9714,401.4107,414.3867,483.4239,503.4483,511.4452,496.4245,480.0806,484.6285,504.2075,515.8021,511.7074,520.6776,546.0102,567.4354,557.1465,541.126,499.8399,479.6678,484.5225,488.0103,476.4232,470.2661,480.1242,514.0427,547.9612,535.116,547.264,534.8755,520.5246,543.4175,554.0259,516.8404,469.2623,458.6888,457.5218,478.2545,476.8549,466.9358,447.518,423.4695,434.6141,453.5622,458.6117,459.584,460.9648,444.6413,497.1697,551.1061,526.3151,510.3191,518.6364,539.2937,539.2969,514.1639,476.725,434.2672,410.9748,447.4675,496.6486,469.6965,454.5293,481.4154,508.568,555.2416,514.8219,469.2189,395.7768,506.0304,550.7643,595.509,640.8823,633.6916,658.7352,659.634,659.2676,609.55,532.2086,516.3982,579.9829,530.0146,491.4442,462.603,516.43,563.1888,565.0313,553.6875,543.7032,507.1634,491.946,498.3452,504.7641,524.9603,523.6846,488.4746,462.058,450.6192,430.5616,412.236,451.5501,490.7563,443.3567,432.2811,461.6417,510.832
458.951,475.451,491.9315,496.4294,471.9603,478.353,488.1254,498.9289,485.1306,464.0032,467.5743,477.5242,453.6879,488.4698,536.4038,543.7294,513.0493,471.4616,433.0475,440.7017,439.5358,412.7959,387.4099,429.4612,435.1345,395.8726,405.0841,395.9862,400.8943,431.8975,458.0735,465.532,483.851,492.0322,474.2672,460.4452,479.748,501.0424,466.5499,438.4952,435.7785,400.1572,395.7599,393.404,413.0358,416.9218,414.335,462.1068,509.8786,493.4039,493.0938,479.1566,464.1165,489.3994,496.8313,439.0271,432.5529,429.8343,424.6143,407.3662,442.2682,463.05,445.7701,417.666,435.0454,448.3423,427.5392,419.1448,427.5882,404.4544,432.0853,476.5923,464.0632,483.1307,515.9001,504.8183,485.2291,486.9604,493.7105,479.3337,468.2108,451.7657,407.7485,381.3302,354.6224,333.8114,357.4892,440.6011,442.878,442.2732,425.9017,508.3028,552.3705,596.6976,655.9748,693.2001,712.6629,702.5346,690.9346,612.4791,526.1907,463.1915,500.0193,470.8997,455.9639,449.1369,473.6529,458.6371,454.3358,461.5695,478.1361,489.7199,482.4572,467.9582,454.0534,463.6169,451.9494,397.9891,374.8666,391.1246,394.2789,380.772,386.1084,433.4032,436.4562,367.7856,378.339,398.1407
454.1214,457.4827,460.7589,458.0713,493.1393,493.4305,489.8652,481.1829,464.8584,448.3298,446.3861,448.0621,419.0703,460.9901,488.0656,462.2581,433.987,412.2941,425.3738,418.2864,386.7747,393.8054,429.6971,461.7041,431.2022,387.3571,394.122,398.8554,403.9354,422.3834,454.443,467.0717,465.4298,459.5134,457.3079,488.2221,497.1759,461.3859,430.4581,403.4276,395.2703,385.9641,383.1373,381.6512,393.1918,374.5782,411.043,427.5567,444.0705,453.3444,407.7063,408.5578,413.1466,464.2433,458.7794,404.1695,405.2655,412.4806,417.7766,381.5328,421.537,442.3011,428.0245,407.411,413.6738,419.7934,412.0024,411.4877,418.5803,400.467,418.963,447.7358,431.4547,447.047,465.8097,438.6445,413.624,419.4589,455.6214,448.9219,427.7114,380.9729,362.7642,363.886,362.5404,347.8269,329.3543,378.3029,414.6493,449.2371,471.0836,519.7353,565.7585,610.7566,596.6777,637.1053,645.1173,649.144,653.014,626.9622,529.1039,463.7867,475.3903,427.6973,417.5199,420.6702,444.4212,404.3564,383.6757,381.0511,415.0167,441.3188,469.7949,467.9909,440.0306,412.7416,393.6601,370.0906,352.5471,351.6302,338.7037,310.2346,308.7886,370.7513,409.3024,369.6597,376.2194,384.3327
520.403,509.9149,499.2455,498.2832,552.6728,544.8373,530.2055,534.1588,537.7885,497.1685,478.1136,466.911,489.2844,519.7507,516.9039,485.8007,472.5542,471.5604,468.0562,471.3401,444.8356,450.0197,500.1297,513.0629,454.2431,409.717,431.8945,464.6128,480.7279,454.654,431.7226,449.7218,439.3654,443.6565,485.9129,516.0457,484.4095,459.5797,448.3242,437.5797,431.2451,431.344,399.6096,371.0221,377.8011,385.5816,436.3158,430.3358,424.3558,417.5974,414.9059,420.2332,426.1527,464.7621,489.1386,464.7583,477.096,453.0321,417.3382,402.2318,426.7599,441.8086,430.3847,410.9774,391.3046,355.7941,379.7145,421.3319,443.1932,423.2834,417.823,438.9979,439.4023,451.8065,457.171,433.206,414.7859,425.0806,452.9299,453.0298,436.3764,400.6184,414.8041,422.3833,423.1898,399.9944,389.2165,416.2011,439.3418,462.9198,492.8741,550.6522,588.8847,626.4014,622.666,620.6385,608.3855,609.0041,610.2875,593.5767,521.0403,490.1629,482.2422,436.7792,434.5858,445.4203,460.9779,434.2773,420.6722,418.7101,435.3977,474.4339,509.82,503.0957,473.0179,438.1486,407.3368,405.5723,414.0645,411.7583,395.6612,357.4865,328.833,346.0428,376.741,375.6472,383.7233,392.6082
589.1728,574.1725,558.95,542.1992,567.322,568.3978,566.6844,582.5759,581.156,567.433,547.7262,526.9816,539.813,567.0617,545.3727,502.2158,498.923,515.675,518.0836,523.5886,494.3537,491.4463,533.3275,497.7933,451.6868,456.9381,472.6699,517.54,511.985,464.1825,471.0953,478.5178,469.3347,471.2334,494.9255,504.1358,495.3389,466.8465,459.7851,453.1512,442.1422,396.3144,370.5644,348.598,368.42,378.2931,449.7083,465.0187,480.3291,425.0625,439.7958,432.9458,424.1799,451.6896,466.2628,443.9158,467.2407,448.4292,416.1755,409.0298,413.2621,421.698,425.0579,425.5963,419.6067,389.7719,411.7922,457.622,490.3633,474.4185,454.5805,455.9874,442.9698,441.5691,444.9309,441.3561,439.1685,428.8497,422.7728,417.3321,411.9604,428.0593,480.7522,478.7762,478.1327,478.588,468.0596,484.3537,505.7155,522.0564,498.8948,520.0418,575.1411,629.0924,616.8864,611.6131,602.9058,605.8591,609.4067,599.9285,532.3351,475.592,506.4471,485.9145,506.0857,540.0969,537.8715,527.9382,515.5948,501.7039,473.9424,482.9632,517.6742,525.0047,513.6371,475.3036,447.506,455.7831,462.245,458.3048,454.6556,440.4175,400.0497,368.8968,377.6467,377.6339,365.5029,361.4803
605.1689,606.5206,607.4697,587.5994,556.2096,584.6585,619.3118,602.9305,566.3439,592.2886,581.4846,557.8277,564.0784,614.5381,611.7481,546.9978,534.4312,555.6553,601.8361,591.1321,549.4894,550.3237,575.3063,565.8232,528.8754,500.7233,500.3398,528.553,508.4658,457.7914,461.4261,447.8539,430.8056,446.0445,511.7263,504.499,481.396,472.9225,466.7848,455.9186,423.0887,397.9644,371.1189,348.2156,370.5472,406.5053,441.0419,452.4258,463.8098,453.3966,451.9498,452.1783,452.4966,481.0445,450.4415,432.61,410.9846,394.1399,378.9362,388.5689,377.6224,393.1818,394.8392,383.5918,376.2583,373.3436,395.0979,423.2634,445.0434,457.2643,457.4852,452.9766,447.275,441.3666,445.3047,471.7517,490.5832,464.4993,429.4889,416.8587,404.878,417.1872,470.3401,470.1301,472.3181,479.2957,471.3828,478.313,501.241,520.8877,511.9852,504.0526,557.3723,609.482,591.8588,603.0823,567.7487,588.0581,611.2446,589.0592,508.3816,485.0891,506.086,490.2678,503.7668,526.9526,569.4084,554.8361,540.186,534.7043,511.9831,493.971,490.0914,482.8677,470.7381,450.7796,452.9875,469.4161,472.1648,470.4593,470.9916,468.9124,439.3354,392.01,375.8796,375.061,362.2032,358.7983
489.1967,516.8786,544.4387,525.6786,500.1994,527.9825,561.2491,575.136,525.6144,561.8626,560.3245,543.8873,552.0302,560.154,546.7092,523.7838,524.5075,537.4025,542.2851,530.7714,523.5565,520.2714,513.3187,507.7203,504.5616,482.2528,446.4431,421.8338,426.119,464.3524,469.5192,446.9632,439.0214,445.8923,481.0546,489.4949,467.5199,445.1067,440.9608,434.1143,413.677,396.0578,408.9572,421.4397,429.0474,433.0786,419.2088,408.3875,397.5663,433.8928,459.3521,478.2005,496.5951,515.3045,498.1471,457.6982,426.207,411.6971,400.7824,393.5448,419.2522,453.0298,452.6519,437.5905,421.8722,420.4388,419.4009,420.6231,427.4206,450.5985,466.9469,465.5784,466.0465,451.2314,434.4514,437.2006,450.8449,463.3777,439.4869,426.387,404.6927,386.8409,421.403,427.352,444.5267,494.5707,502.096,489.218,517.0978,539.4973,514.7297,495.1124,543.2716,590.7596,599.5667,609.743,588.9016,601.2631,615.3457,575.8219,510.1422,498.9801,521.0938,495.9885,485.8628,482.3006,542.1406,529.451,504.7984,488.8512,497.27,477.5513,431.3581,409.5671,405.5676,425.381,455.2545,462.4278,455.5762,449.0314,451.8923,454.8871,432.3165,401.3338,396.2974,405.9265,394.3379,394.0392
428.5695,451.547,474.6205,470.3859,449.1118,450.265,453.8353,494.471,456.3675,472.9643,478.1339,476.5201,483.0679,502.0437,503.757,497.7462,495.3959,494.7046,517.8031,486.5691,478.871,489.8349,476.5327,459.2946,441.7081,426.982,419.7038,422.2506,429.5602,460.3828,489.5872,471.9538,458.4122,448.5763,441.7261,433.6214,454.8525,444.2272,442.1034,435.3993,408.9104,403.6865,432.7377,457.1412,430.2296,419.3043,420.0337,427.0636,434.0936,444.4101,439.5563,444.2139,449.6518,492.1974,514.7785,486.8691,458.6295,448.2715,441.9478,455.0278,486.5067,495.952,471.3079,436.1716,402.4909,413.5072,443.4136,442.6397,423.3192,413.9778,448.7797,478.4839,469.0345,459.049,443.4307,433.0365,449.7685,457.6614,432.7966,427.5075,409.2047,375.469,383.5651,399.8308,427.7023,480.2646,457.6707,452.4526,479.097,501.855,491.4166,487.2864,528.6648,569.5977,584.8534,565.3619,615.2024,631.1016,645.1896,608.6367,506.7209,474.8987,506.5273,479.5446,453.127,430.5568,485.0333,483.201,463.6694,448.8127,490.0824,483.6177,447.2795,436.9103,439.181,437.6133,439.0792,444.2757,447.5087,450.104,450.0385,435.6424,417.2497,424.4424,440.1613,439.79,433.5275,435.2487
402.0307,415.473,428.8772,436.8189,428.6189,425.1194,422.225,402.5275,425.2151,388.0215,378.3782,379.4619,396.438,414.9532,462.651,461.5888,454.1583,457.2052,459.673,421.1302,444.047,477.9065,470.3586,444.5849,410.6335,381.8919,365.8656,370.6207,371.414,400.2966,442.0887,420.4391,414.4722,409.5152,395.9162,374.4793,402.9735,399.9127,412.9834,419.4378,402.7777,437.8285,446.9795,451.0612,399.9909,379.8884,390.1751,406.5256,422.8761,418.0173,392.268,407.2374,425.3727,471.2916,489.0529,444.1019,452.3583,447.1248,434.9931,467.0363,476.0392,455.5146,434.0465,415.0525,391.2886,397.1519,414.8317,407.8649,386.724,363.37,383.6232,419.3127,427.3369,429.2282,417.7498,404.6274,415.1005,423.5922,401.8463,406.1177,402.525,381.2899,364.6163,355.5135,362.2518,410.0815,390.3692,406.9893,434.6975,462.4279,485.1855,454.7739,493.6992,533.2007,605.9097,584.3232,582.6049,590.0436,597.9174,546.3889,479.4965,477.562,486.3442,450.1069,412.8694,377.8338,410.7739,402.8835,402.0353,413.1491,454.2572,461.5372,445.3842,439.4379,438.994,434.1482,428.5466,423.1941,432.6599,459.1525,451.8229,415.6469,400.8709,414.9528,438.0601,420.6727,406.9701,404.6103
487.0977,476.6218,465.8149,449.01,430.8797,428.5566,427.8588,447.2993,450.7645,442.2563,439.7254,439.1656,470.8029,466.7447,480.8005,467.0605,452.0307,445.7186,436.518,413.0424,438.1003,475.2618,489.7543,457.1306,409.3654,385.8972,368.5177,365.8781,375.6676,418.2288,451.0439,428.9163,412.4966,398.9715,394.1099,394.1858,392.1522,385.8011,391.0026,393.4007,388.3388,416.6021,418.8506,420.7318,414.8595,356.3405,401.7969,423.6536,445.5103,438.2084,407.5356,408.9695,412.9251,429.7794,431.0008,412.1415,437.6499,442.0738,438.5892,438.0037,417.1189,391.3914,378.7709,371.5074,361.0415,350.527,369.1884,377.1442,364.125,357.0101,371.524,387.4448,388.994,392.5235,387.5464,370.0563,372.3396,371.2381,342.0839,360.232,366.3099,350.9291,351.6715,348.0863,356.9294,397.7354,382.5555,387.6028,405.3605,425.7529,461.5844,420.3803,442.9457,467.0165,577.8544,609.1033,590.4613,576.3058,562.4449,551.0516,491.4393,448.566,461.3051,462.192,430.7462,392.3777,406.2914,413.4379,426.2274,444.7242,469.5514,457.0222,433.4538,424.4603,420.7165,423.2543,418.7438,402.3561,400.1221,413.8524,408.3968,389.1169,377.5133,378.2731,393.5189,382.5779,374.9226,371.929
553.2125,539.3452,525.3853,488.9059,481.233,482.7436,484.9591,513.2024,490.9416,534.2233,533.7281,518.0003,558.4998,566.9482,548.6157,525.6773,500.0339,473.3066,485.1327,472.3821,463.1382,480.2958,498.4304,471.4119,436.6259,424.0998,401.2383,383.5731,399.9226,454.1589,471.937,461.8267,458.6596,458.8274,467.4965,465.4594,435.5784,436.6308,448.7839,458.251,456.2331,463.5646,464.3615,467.616,494.9883,468.1787,476.6127,481.7714,486.93,462.4507,473.9747,474.9464,474.9749,487.1994,495.3074,482.0915,474.4312,475.7867,478.894,459.8965,447.9407,466.3757,461.4506,441.4865,415.4254,374.4276,374.4705,400.2397,421.8502,433.5418,436.1692,431.5919,420.2013,408.8221,400.3231,396.9963,397.6286,383.5199,351.8937,346.3643,345.9492,356.8868,369.8994,393.5477,413.1577,415.5422,403.3865,374.4431,388.4597,406.818,453.982,406.9141,390.0739,376.0124,522.0976,619.3113,630.6436,595.5782,558.2846,528.032,516.6714,451.6299,461.7122,475.809,464.144,446.6598,450.0005,481.6355,490.0009,485.8548,471.0233,456.3818,440.3386,429.9251,424.9102,430.4058,435.6227,435.812,432.6443,423.9266,427.8425,436.0084,415.4163,386.8339,385.3766,392.73,392.3358,396.2043
519.1493,530.9977,543.091,528.8704,509.0971,512.9218,519.1939,553.4845,529.7804,554.3095,542.4133,518.015,537.8213,534.2524,536.9396,543.79,545.9044,546.5435,544.338,533.2734,511.5627,503.5889,509.794,516.4653,523.0738,510.6516,486.6357,473.6609,486.021,515.1543,513.4786,513.8486,514.3261,524.0889,538.5818,530.871,562.1014,516.109,500.0078,486.4914,486.5731,490.7884,489.5921,489.7517,504.3684,505.4805,483.6523,471.7425,459.8328,486.2467,527.4003,529.6434,528.8834,561.931,598.4452,577.8668,575.4023,555.1992,528.9622,505.078,478.1183,489.4943,506.3241,518.4065,492.2283,462.0706,419.3594,408.1508,430.2691,455.0892,477.5995,488.452,491.825,480.1848,454.8964,451.7209,465.7735,454.8188,422.6398,401.3574,393.6622,415.9073,433.3988,450.9891,464.7512,463.5892,453.7472,423.4291,431.6965,445.5715,498.0362,443.1258,409.5091,377.8381,458.3065,552.3422,578.2983,588.4077,597.8094,593.4894,572.368,522.8066,502.2575,526.6037,518.3046,499.7275,514.7097,551.9542,553.6265,539.3068,502.1476,473.056,478.456,493.4657,505.3899,487.2614,472.8605,487.0445,489.1793,474.0442,467.1149,484.9502,466.1364,414.2102,445.0876,472.6673,472.884,477.0723
467.8772,494.593,521.6753,538.1706,527.4753,522.5117,518.3432,517.4989,508.6795,519.6573,498.6014,468.2819,472.9725,477.4097,503.803,521.9517,537.9424,557.0685,577.8846,549.4906,519.2849,513.7087,509.7999,552.4435,572.7973,523.7531,502.4466,517.5859,535.5914,536.9102,508.9858,495.9928,498.3894,509.9286,531.8735,543.2639,598.303,604.9938,548.4111,500.439,494.8215,487.3083,471.9489,458.3395,464.1922,465.491,443.9449,445.8923,447.8397,476.874,496.4707,496.39,494.8571,565.5701,602.2156,522.2816,502.0607,493.5496,483.5832,518.3431,503.6034,488.2826,490.1998,495.7514,481.98,496.0721,466.1478,438.3064,443.5778,466.1018,496.7839,513.2729,521.6077,525.3079,528.0195,533.1633,535.2577,517.6938,482.221,490.5072,492.0481,483.6245,488.0262,485.7731,482.0048,475.0238,476.3542,470.2846,474.2917,484.6556,537.1584,452.8461,437.0265,421.7217,436.0846,488.4664,544.0256,565.0831,584.3925,562.9571,511.9004,509.1083,512.1841,485.2854,454.8037,425.0332,444.3303,499.2439,526.2751,539.1954,511.8505,483.5716,492.0465,506.5551,514.6664,497.9008,486.4269,490.2942,485.0551,476.0925,472.213,480.9875,469.094,436.1723,439.5783,440.9521,429.8525,425.3942
472.9482,486.5856,500.1031,493.8271,473.8521,474.4159,477.1805,483.3504,469.0272,410.6793,410.5827,427.3964,460.6167,453.3785,481.3061,514.6224,517.9231,509.8015,521.1396,491.0308,467.8697,467.2868,460.7047,487.1886,495.1006,441.0038,412.6125,430.8858,440.1811,448.7448,462.727,454.5729,451.558,455.1486,469.1139,474.8999,488.0201,473.8809,453.1186,438.2935,447.1067,424.5664,412.7754,399.4893,371.1147,370.8874,392.4627,392.6573,392.8519,418.6511,400.3936,389.1086,378.5262,437.1626,490.0166,459.3409,450.589,443.609,435.0406,441.7062,424.6877,401.5458,404.0108,417.1826,396.3187,376.8811,375.6995,386.2028,402.1376,408.2542,419.4148,436.068,445.4837,458.025,476.2969,489.5148,494.3558,489.2343,467.9611,463.1769,462.1942,459.1105,431.1919,414.1686,398.2532,389.1652,398.4643,436.8495,449.0734,472.6043,578.1553,513.5472,482.4792,452.1111,462.0754,472.7571,558.7275,578.8868,595.616,554.3703,477.6925,481.1033,514.3253,498.8956,473.3763,448.1462,415.5406,426.5879,441.1153,450.3479,434.9141,437.2299,438.4457,443.6619,458.2974,459.2188,461.8301,449.1804,420.483,400.0302,398.0105,398.7234,387.1706,389.6646,385.4658,382.9646,375.854,373.5333
473.3572,476.7487,480.076,461.4274,412.176,426.3252,447.1922,485.7069,462.3984,428.0734,428.8956,438.5232,491.0589,493.8641,486.8268,495.8429,476.137,439.7885,419.3882,439.8336,456.9031,446.4553,427.9321,403.4734,369.4646,338.3195,341.0362,375.5565,393.6117,400.637,433.287,457.08,446.8481,439.3782,435.1206,436.1997,452.9504,400.1458,390.2468,377.548,351.9779,336.0204,348.9171,358.9551,340.504,379.1384,399.1278,391.2723,383.4167,382.4947,343.9598,333.6701,325.6685,345.7795,382.3422,394.2484,413.8273,393.8228,363.1775,328.2536,339.6945,362.5094,360.2207,347.7557,347.3458,344.0111,371.1875,392.1514,391.5745,380.6291,397.0631,414.5145,398.4045,387.4956,401.1113,423.4613,427.7137,427.1733,401.2605,365.3286,352.377,383.2296,385.2917,378.8536,367.2845,347.2878,367.924,367.9844,368.6708,381.9205,492.4966,480.2301,459.8421,440.7984,499.2331,523.9759,578.7968,599.4257,618.2845,564.147,481.7583,446.2275,512.4042,462.1735,448.5714,451.418,411.9229,404.3651,392.58,372.4616,376.2546,384.3891,379.908,385.6218,401.3596,414.9291,407.7151,376.633,349.9665,334.9608,334.8864,346.4832,343.8127,343.3624,349.1241,342.4732,347.0981,352.4081
467.8059,455.1169,442.3575,434.1993,431.3347,460.5849,493.0815,482.4294,458.7869,431.2946,424.5481,423.1837,441.7967,494.9856,493.1882,489.8316,480.8954,463.6406,438.2488,448.0551,469.723,470.3342,462.6083,417.9403,365.3354,373.552,398.0659,396.8925,393.9768,410.712,459.4966,480.2494,458.1338,453.9314,477.1877,462.0928,447.6047,439.5652,435.3672,430.2804,427.5116,460.4808,470.8407,477.0179,438.921,444.53,445.4142,454.6268,463.8394,431.1035,387.6545,368.3215,350.8539,426.6205,438.6938,430.9927,444.6039,451.5857,455.6522,448.0316,437.5073,448.5074,429.2112,392.4992,377.9758,392.8576,422.7831,443.3368,454.9508,442.5589,417.0877,403.0223,393.4402,369.0695,362.829,393.4898,407.0311,384.7297,330.3052,327.5815,326.19,340.7818,384.1431,413.8856,419.5146,355.1542,370.4268,373.9893,375.3288,385.2521,461.7296,454.9261,443.0917,433.0282,525.027,575.7383,599.712,607.9596,615.4486,547.0812,459.9419,418.1792,443.815,403.8197,411.6904,435.7192,450.1763,504.2943,473.895,403.2399,419.8984,428.305,417.2352,419.0386,425.9626,443.261,455.9958,426.9161,399.1765,402.1962,403.679,406.9322,420.1917,426.4595,415.6372,415.4795,416.1139,412.3163
483.1437,453.4825,423.7698,429.6547,422.7999,447.437,475.4106,462.7192,439.5261,443.0169,442.8277,440.1927,390.0972,469.3752,510.5736,490.7794,464.5432,440.5172,410.0134,431.7457,471.2867,482.5473,482.4004,488.7046,462.0998,446.633,469.5282,469.883,466.1475,469.8126,488.8565,495.5696,498.3093,500.8928,502.3083,506.0115,521.8211,524.873,488.5083,454.7079,437.7486,445.8745,459.1985,470.6174,459.6694,434.3031,412.6667,409.6553,406.6439,483.7083,432.8229,412.049,394.0638,477.1624,478.1312,446.7823,460.3008,459.4811,452.4205,455.6077,456.0558,458.809,448.0217,430.3521,433.0325,435.821,447.9996,457.1183,456.5032,457.08,433.443,422.7194,449.2445,454.3449,426.6736,416.2956,431.4211,411.989,377.6261,363.4109,361.2505,391.2527,422.2783,426.3101,416.3759,370.022,390.8309,416.3881,405.2995,399.3362,436.7538,464.008,471.326,479.7008,548.9854,572.4341,586.9405,603.4226,620.0166,547.8704,475.0742,448.0359,458.679,422.0993,407.0553,400.2803,424.1688,480.8369,457.0549,397.5419,453.6864,496.4494,504.9655,505.7081,499.7593,494.4978,480.3298,452.1251,432.9638,428.6642,429.146,435.3015,453.82,468.1627,445.3723,431.4265,440.4686,448.2202
498.5819,457.1074,415.2323,453.5161,473.2314,428.5238,377.4025,387.6701,422.1372,464.7356,467.6364,460.2238,339.0812,417.0103,457.3228,454.8951,442.7914,424.2625,391.7411,409.7861,437.9797,443.845,448.3919,450.7975,428.2787,398.2131,397.654,411.4363,422.6172,430.4195,416.854,388.1078,404.0729,421.3019,428.9286,416.6381,440.9993,457.5212,455.233,444.8279,406.5029,433.5023,424.1304,417.3918,437.5686,415.2882,399.2512,378.6236,357.996,454.4849,442.8345,421.6287,400.1313,472.8518,461.3118,432.5537,430.568,418.0805,401.4648,413.9303,433.3744,453.8571,454.9572,447.0247,464.3276,465.4352,446.6421,443.5521,452.6658,469.2862,443.836,419.3505,442.1237,464.5517,453.4042,401.0767,373.3326,369.7977,359.7645,365.262,374.4122,388.6095,395.1728,405.9763,405.8524,368.7587,361.106,411.2274,381.2986,364.1815,450.3927,456.1562,443.0533,431.6242,516.6578,557.2051,566.5515,583.5452,600.968,566.2812,469.9305,446.1376,469.4664,433.9927,411.4757,395.7501,448.2922,470.1736,438.4078,392.697,448.6977,482.1666,488.0197,476.9816,450.2044,440.2551,438.2208,428.3018,415.2592,402.2512,411.2543,439.253,452.0208,445.4992,427.6924,423.4385,419.7786,426.5902
435.4638,419.88,404.2725,426.5525,463.8476,450.7262,432.3439,424.8478,432.5544,418.3181,419.0211,424.8455,391.3763,447.7617,468.9612,491.7746,500.8756,496.2524,486.2466,434.7977,400.0709,394.5128,388.1721,380.9231,375.2542,380.1786,381.1872,366.4154,370.7202,391.1343,381.564,359.8724,353.3863,356.5208,371.8672,367.9285,384.8742,393.0204,388.6526,378.3183,341.8233,326.4515,325.4259,325.3939,336.0071,337.7012,326.1068,303.6632,281.2196,320.181,345.0404,317.704,286.4718,334.5967,367.9007,377.6432,376.8015,354.021,326.1068,338.1856,350.3095,366.0471,384.3007,402.1825,384.4715,385.5714,372.0339,357.6285,360.3058,387.134,414.5592,415.9694,410.0197,412.6559,400.6689,368.7205,375.5062,403.2787,407.6658,400.524,387.1285,362.7293,352.1216,354.2097,365.1742,390.08,343.3269,338.6873,332.6651,336.7019,422.0042,444.0149,425.4915,407.7427,434.6357,531.9169,555.974,558.0503,559.1162,566.4862,506.3637,463.1903,472.7673,465.7189,448.8247,430.8628,404.2454,390.9772,371.8314,347.9707,363.7269,401.9194,442.8733,441.0369,410.7087,396.2555,405.7025,392.0851,371.0107,373.5502,384.4517,390.8924,385.2042,383.8577,385.0698,393.8432,376.8174,376.703
472.5339,479.9311,487.4462,506.5413,529.2527,561.7861,595.3009,464.3011,479.6696,490.5526,477.6372,460.7534,469.7522,493.5958,505.0873,518.0683,523.3019,523.027,533.5414,497.6706,497.9288,481.6072,412.022,382.0411,385.0474,383.6469,380.3671,375.0288,395.3967,435.7116,424.4974,380.6643,353.9587,357.9609,428.2443,468.8363,462.3559,443.0507,428.6506,416.3341,412.0745,396.25,389.9632,382.0473,358.9388,385.186,410.9744,369.2873,327.6003,337.7752,360.5245,368.0656,374.4104,405.0446,425.3817,428.4631,444.5484,436.8841,422.3835,389.4861,364.7398,311.3742,331.2914,390.1544,385.3429,389.8196,411.0253,408.4131,393.2354,403.019,431.9168,441.5891,433.8247,420.0122,393.663,393.3308,426.2895,433.0266,430.0763,419.6123,402.6216,387.5936,407.3359,397.9373,392.8356,401.3867,387.8462,327.9146,354.7493,382.3757,417.7203,459.4847,445.8801,432.5067,432.455,496.7108,542.1635,546.3945,548.5678,555.8226,480.233,405.925,426.3059,492.6183,489.7748,468.0613,401.2791,400.2797,426.9743,453.1395,410.5957,402.8265,420.6268,421.1373,414.9401,416.6878,410.071,387.2128,379.3932,390.4561,407.5566,393.75,357.6048,361.3619,382.335,410.3959,389.9266,380.6886
530.0817,532.17,534.3195,535.7652,540.2891,598.6874,662.5737,452.5932,486.8476,489.527,499.4562,515.941,496.445,527.3138,576.8297,575.8246,559.3679,546.1601,557.7138,518.2245,545.3253,555.2123,489.1966,460.0807,475.069,483.0927,472.5894,462.1991,453.3034,464.1548,466.5169,438.9861,476.4362,482.0547,452.6125,509.8472,515.8557,505.4203,466.31,437.146,457.2805,476.0083,475.9547,473.9702,450.8284,438.2477,464.3041,442.4739,420.6437,392.8475,448.5392,467.7161,483.7997,537.6264,517.8347,497.2702,501.7636,509.5184,516.8371,493.28,462.7533,447.214,437.7872,428.5839,432.6039,465.088,493.6686,482.8427,451.5522,447.6284,437.6008,444.0902,495.6306,507.1372,465.4012,444.3691,462.4946,476.0195,477.9959,474.4844,464.6478,442.3971,428.9877,423.2802,415.1969,408.1707,424.4034,363.1482,380.2661,400.5515,445.89,463.7514,444.3868,425.4615,431.8515,509.2735,544.3565,531.4103,516.0945,562.4198,513.6831,406.3978,408.7666,445.8276,446.1192,436.5008,370.1164,402.5198,452.187,491.7745,468.7337,464.3424,453.2572,436.0944,428.1199,440.4799,439.7211,414.0392,415.3057,444.0824,457.106,434.4797,401.3619,390.8538,409.2081,439.4608,428.6077,415.4297
459.9413,479.0693,498.3748,539.3046,487.5914,475.7312,468.683,381.9694,479.7208,505.2372,512.3069,520.7593,470.6169,467.1601,547.9774,554.4661,514.7621,474.1699,434.8852,415.0317,484.5081,514.7389,470.3943,473.9668,491.7372,469.4955,447.4963,437.4597,421.9114,402.0038,393.3758,407.9904,448.9349,449.7856,417.5872,521.8676,542.6996,505.7953,466.2744,430.1987,414.0627,415.9107,424.0267,430.6805,424.2717,470.569,501.9378,463.2266,424.5153,387.6707,424.517,429.2239,431.208,438.6113,452.647,475.8926,475.311,476.3124,479.1026,469.2431,449.786,526.9362,506.4529,424.3677,445.0539,476.6523,477.4743,467.1986,450.7129,449.5209,424.26,413.7698,453.8159,465.9534,446.8006,426.1085,415.6475,418.9634,407.6303,414.879,411.7123,393.6137,397.6254,394.6362,386.2247,355.419,321.8636,324.4627,336.0166,350.0822,387.7609,442.9717,430.0435,416.913,392.1241,499.9127,514.1862,501.2165,486.9986,590.2389,584.1927,444.4718,390.7142,410.9813,416.2541,414.8036,328.6436,372.3217,437.8691,489.3647,449.3773,458.7477,458.7025,438.3617,428.5295,453.9312,470.8435,446.2839,434.7718,446.6213,444.5202,422.752,390.7587,373.3615,386.4577,388.9561,396.657,404.2682
414.5022,428.4457,442.4358,486.2137,446.0852,420.5683,397.2156,450.6395,493.2166,483.7307,490.1724,503.2716,477.5867,410.8329,442.5666,487.4045,476.5134,444.8673,425.1721,372.1839,330.0987,345.033,383.5604,410.8312,411.3029,392.6478,381.9633,384.3972,402.0457,411.692,365.5694,332.4464,350.4877,363.7522,388.3714,452.7127,463.2396,478.7275,489.0247,472.8746,349.2211,361.4185,388.7668,410.3878,375.6192,464.9163,488.5182,426.4008,364.2834,388.2589,367.1778,358.5983,351.151,341.4008,372.9466,399.9438,401.7828,391.2491,378.8723,374.0887,403.2368,494.6079,473.3936,392.5279,410.1939,435.3905,427.2442,417.7607,409.9879,412.9349,424.3145,419.6691,399.3967,377.9632,378.4539,391.1386,391.1062,393.3616,372.3469,375.908,364.7986,343.9827,376.3411,377.2793,374.8913,364.6589,365.7607,336.7383,350.5851,362.7828,373.0226,509.3798,480.1179,450.7303,414.0974,481.5244,476.4221,469.2392,462.0512,579.2277,568.0803,441.471,388.1388,449.6775,449.2547,427.9699,361.9585,381.8801,416.1348,441.5639,394.9936,429.3173,451.7557,436.0915,424.9041,430.629,455.715,452.5156,420.4529,390.8344,385.2085,383.659,362.2451,356.2278,354.175,362.787,359.1832,364.4302
404.0498,404.6021,405.0494,431.1575,421.6286,428.0338,436.3589,474.4743,477.6385,428.4919,426.1239,438.0369,437.549,375.882,402.701,441.9511,436.7515,416.586,422.4187,414.6295,358.6672,346.3755,384.8551,403.359,388.0583,373.3251,381.3831,395.4758,428.7355,458.6507,432.2013,404.4131,396.4181,404.2611,425.8309,407.5807,441.4691,445.857,461.6456,449.8427,337.122,425.2318,485.7221,521.51,298.2689,372.1948,428.5507,346.7802,265.0097,346.4851,368.4783,368.6639,367.4448,359.7985,346.5038,397.1931,418.3107,411.8001,400.631,392.2124,395.051,435.4048,390.1085,300.3191,357.7575,404.179,413.394,408.8154,386.0746,386.4178,401.346,410.4223,418.4904,380.8942,337.0894,359.8388,387.3102,399.8044,384.6618,382.1791,367.672,336.9505,340.131,351.8242,357.6991,350.6988,367.4187,330.0294,350.7069,369.7664,383.1575,481.6314,466.8503,453.285,509.7934,531.1244,526.277,529.318,532.7934,535.0198,514.3669,436.632,413.6454,436.735,455.5667,471.4658,446.619,446.535,445.8954,439.5198,416.3535,433.0459,425.2003,409.939,409.6685,417.0548,428.1076,417.1546,392.6883,373.4696,366.6533,370.2704,367.3246,351.6545,328.1303,327.0262,331.6379,346.5158
441.3016,428.0376,414.5463,419.9261,437.5901,456.4758,475.398,476.3331,437.2242,411.3296,397.0608,384.6086,443.428,408.9111,448.7207,469.666,462.0822,455.0916,455.3733,500.2537,480.72,439.0984,431.6258,412.7736,412.7755,428.7451,434.3437,446.638,459.774,469.1801,489.6034,526.5136,531.6499,519.2991,476.2798,466.8353,457.4004,404.9774,425.8156,423.8902,355.4918,529.2036,532.1069,515.9972,303.6719,370.5855,447.6595,381.5637,315.4679,401.7135,419.6599,430.9429,442.0026,462.4393,426.7741,430.2408,439.2639,435.6227,428.9872,435.7328,448.6572,446.9569,405.0873,347.9857,388.7267,417.4324,428.227,430.7821,417.3865,413.6451,424.0332,428.8597,422.4275,407.33,377.2489,379.1668,419.223,422.1219,408.1818,396.6967,385.8741,367.1959,339.8788,358.519,368.8114,361.2867,392.0879,348.1991,361.7983,373.4478,372.3987,416.3018,446.289,477.1789,560.0942,583.3893,552.5497,559.0837,567.5808,532.0338,484.6435,423.6561,412.773,464.5615,497.2476,522.2704,448.2683,410.4361,397.8245,385.4669,450.5554,471.8212,443.9198,425.3045,414.5448,415.6187,416.1707,399.9511,383.865,375.8912,379.9315,390.6078,389.3826,384.7389,368.6481,349.7512,356.3566,364.7938
446.8432,430.6861,414.4091,458.6136,458.88,462.1349,466.0642,464.9543,389.009,381.9396,387.4982,391.6675,449.764,445.0682,487.7567,477.4781,466.8419,474.7731,495.0029,522.2518,524.8975,482.8384,419.4039,405.634,430.6525,445.5376,450.8328,447.4167,419.7871,394.487,434.2344,470.1714,481.0697,479.1419,452.3612,448.0048,459.6744,434.9862,391.2291,351.8805,348.4763,409.965,348.3438,297.1194,359.6259,371.2043,393.5463,392.5897,391.6331,415.1424,416.2805,426.8911,438.3094,485.2564,489.9093,484.5846,477.4292,466.1834,453.9832,473.5224,470.2254,418.3978,368.421,325.8876,396.459,427.1509,439.381,456.7737,457.8835,451.5414,447.9033,445.2326,434.8753,430.8318,420.0768,416.9633,431.5939,423.4472,422.5919,400.4138,383.8737,388.3697,402.9439,387.5048,371.5798,364.8354,391.9135,362.2183,365.7832,370.2629,382.5531,396.0923,441.9797,487.0897,487.3895,589.6517,523.8393,545.8243,572.4789,524.2175,493.0542,441.9286,457.8115,466.5305,477.06,489.1461,443.0816,375.9346,346.1445,331.7408,401.1534,470.6094,489.9114,480.1624,462.214,467.2425,464.3167,445.1286,432.009,419.4434,434.5178,446.24,429.8708,453.5138,440.9109,376.585,387.1162,398.5912
473.5568,459.0418,444.4759,475.5124,457.2344,446.5863,437.1236,417.7985,393.4977,419.3047,414.473,399.1071,431.7207,456.4971,504.3192,493.105,475.5344,470.836,458.8389,435.3825,441.7627,433.0442,392.8854,388.0573,421.0983,435.5856,427.7759,424.6134,399.6359,370.6802,377.8687,372.6769,370.6416,371.2944,392.9684,437.7579,442.14,452.9961,437.9596,414.7299,370.317,430.0768,436.0042,439.1572,413.7989,430.7809,442.3369,429.8366,417.3364,423.9395,416.8791,428.6877,441.9819,493.6352,496.6777,486.044,472.0959,457.3204,442.4647,470.6633,453.6261,422.2315,374.9439,319.2527,372.8974,421.3437,424.1203,440.7762,470.6281,451.9019,414.6357,408.2037,411.1917,404.5394,389.6621,386.5949,378.5562,368.6619,383.9689,372.1254,355.6973,360.8199,420.0194,392.5016,368.6331,363.8156,371.5149,331.8986,329.604,332.4508,376.0319,381.8161,421.5178,458.8962,362.3731,452.7155,489.5886,527.7805,566.1136,551.4346,487.9956,438.8714,426.4649,404.5838,416.1443,436.9308,430.467,391.8339,349.4,308.8383,335.2978,404.7766,444.366,452.5475,453.9672,472.4315,461.8637,436.958,435.8362,438.1318,452.8767,454.7128,440.1579,467.1471,444.9446,364.1571,396.184,423.8636
492.6133,500.8678,509.0261,490.97,455.9939,437.6022,421.0292,416.0723,423.2706,442.3125,433.3015,416.666,423.0443,456.4684,468.3672,484.7471,481.2481,464.2878,441.0444,357.6061,364.4643,412.5338,420.7897,430.6974,441.4057,430.2003,410.6141,409.5522,407.1462,414.1642,423.0295,407.7322,400.6194,400.5464,421.7746,445.803,443.2232,443.5778,435.1136,423.0611,409.7703,479.3226,458.7703,437.7726,413.4504,417.2409,460.2356,428.9371,397.6386,416.4318,412.7759,420.5742,429.3336,454.2123,460.3503,442.7728,465.962,451.5789,425.3098,445.7865,423.2045,422.3227,403.6634,369.2932,359.0336,367.5258,379.357,402.1578,432.8481,425.8551,400.6439,396.16,399.3872,387.0845,373.8365,378.4804,361.3131,345.0096,354.9589,341.8497,323.9195,325.9421,381.8507,358.3839,338.6549,340.1263,363.1451,343.3173,349.4192,357.0257,377.2276,393.7101,417.0822,439.7257,420.3744,392.9921,470.2229,498.5714,524.3052,519.0228,458.4168,436.1786,419.327,413.1585,431.9196,456.3233,451.9344,420.7392,392.4645,367.9164,368.0388,406.385,415.9696,415.2247,424.5105,447.6584,439.2636,407.4644,402.5583,412.825,430.4053,434.5278,421.7636,429.7628,414.4883,390.4373,439.908,474.4324
466.3077,463.2649,459.8509,408.3256,388.2818,401.9973,418.9009,424.1455,407.8565,417.3369,425.3935,431.4624,428.2668,434.8816,456.935,453.9621,430.7191,403.9707,377.8026,375.152,376.8566,383.8338,401.1391,422.237,428.1066,426.4956,426.4443,412.3587,404.8593,411.254,410.0198,396.8057,409.2548,424.0086,438.4912,437.4976,429.9495,413.2454,418.7567,422.416,419.8471,429.0316,402.0755,380.4355,415.8208,409.7368,465.0739,432.5725,400.071,392.9521,389.7281,397.7637,406.6404,437.9594,428.6817,409.8552,463.9614,457.489,431.7674,427.274,422.1866,420.4444,414.4803,405.5297,347.5214,357.9442,372.3713,377.4024,400.6932,423.3588,413.4827,394.2298,395.946,378.8914,351.1902,356.0591,361.093,346.1082,353.4826,344.9038,333.946,319.1976,313.2861,319.6488,321.892,314.6172,328.442,329.2389,346.6306,361.9668,360.8902,373.2346,367.93,363.0261,381.2141,348.7942,428.0076,486.8344,544.4774,528.7289,458.3298,433.9154,427.6936,447.4276,466.1917,483.4034,466.0267,422.2903,417.0071,429.4238,435.1271,435.4778,421.5863,416.0898,421.2298,422.9313,419.2004,401.5836,391.7576,400.8174,409.2167,406.4064,395.9476,373.1842,345.4905,379.7952,437.6426,481.7279
421.3981,425.9965,430.2211,363.409,379.1946,409.8352,441.3201,438.4289,399.7402,396.1866,408.5994,422.783,414.0419,411.6693,429.486,407.0147,390.0572,386.2006,385.0821,389.465,399.9265,396.1163,379.0663,390.4344,409.5,420.5035,425.1841,406.798,397.1484,395.6929,382.2491,371.7282,382.963,395.1455,412.5534,433.2769,430.8184,400.6543,389.6363,388.5442,428.6335,421.0528,397.062,376.349,392.1642,403.0064,430.1986,407.2477,384.2968,378.6133,380.5091,390.6622,401.4136,427.6887,437.8727,414.1901,439.4997,445.4932,443.629,437.1097,424.2112,433.7321,434.7718,427.6326,367.4634,365.4305,379.218,387.8451,409.9036,438.1923,435.3119,415.2827,412.5902,395.1948,349.3596,336.977,379.0593,400.0637,411.8094,399.7906,380.6396,350.3015,339.0007,341.4992,340.4182,331.2872,339.9822,334.7086,369.6087,399.4032,386.1288,383.4104,381.9962,381.0807,408.9025,331.5922,397.5688,473.1914,549.1047,536.5724,468.5156,435.6556,444.6525,472.006,490.8876,507.0085,455.1193,434.8595,468.0225,514.9115,532.2476,497.7615,440.5879,420.2871,425.0882,426.4516,416.6432,399.3493,393.2405,398.7373,407.641,401.6386,389.3056,383.9225,363.7849,381.3812,413.2056,438.605
373.4941,388.3028,403.2125,389.5651,450.0068,467.2358,479.4516,478.6361,459.1078,441.4301,448.3707,461.2467,466.6755,472.893,462.1714,429.2868,416.2933,416.4861,429.8708,437.3292,429.8021,416.3394,401.5316,397.342,415.6282,438.3237,435.0338,411.5088,405.4207,415.0898,404.8019,397.8664,413.0686,429.6997,453.5522,479.8269,472.5165,437.9428,438.8566,444.68,464.849,430.2669,414.4365,400.7245,410.4482,414.8579,444.0241,418.9665,393.9088,384.7595,385.335,394.6152,404.5193,444.9315,473.2703,470.6072,484.3876,485.701,482.6884,455.9972,427.2353,435.429,452.9048,468.2166,420.4279,403.6802,407.3735,412.7397,428.162,463.3356,479.6124,471.9723,474.1129,461.2784,397.6765,377.8982,451.9403,470.4193,474.8323,465.9527,445.8966,406.2613,393.14,407.4713,412.5269,385.5747,370.4946,369.784,397.9148,423.4517,426.9438,433.4021,431.8192,429.3795,377.5656,363.659,379.8096,447.7408,518.2488,526.5208,455.034,455.1938,515.9541,515.4578,516.8926,522.6266,471.688,437.7478,477.3876,541.5311,562.7142,519.67,468.055,456.4351,465.2075,471.82,454.4212,419.2621,411.5747,430.587,444.601,433.8415,415.7337,413.015,405.4903,410.3655,403.3226,404.3068
474.2595,490.0366,505.8654,514.6141,544.9756,543.0222,537.5901,511.9391,485.1525,482.7265,487.6377,493.0746,502.3607,534.9481,540.8458,525.7947,518.6932,517.0759,512.0504,496.0787,489.8024,480.069,458.7966,439.7796,439.282,451.2046,452.9128,448.1026,450.9164,458.361,445.7873,431.4557,446.4391,468.579,495.6884,496.7914,499.3458,466.6128,456.405,450.9039,463.9099,448.8104,428.9352,413.3811,443.9412,436.341,461.5784,443.715,425.8516,406.9062,400.0851,416.3199,434.2555,451.2775,474.2215,512.9728,538.7832,520.222,491.3722,460.1068,429.4799,438.7627,452.0486,459.9969,454.5138,445.0054,427.6311,424.1052,435.1717,443.9471,467.8931,485.8212,481.2636,470.5891,406.7369,388.428,472.7067,468.8204,458.2886,456.4704,445.1207,421.3932,424.2445,429.4009,427.3361,405.1124,409.2804,405.4893,399.4526,398.9166,443.9476,466.6242,462.085,456.0998,366.7714,373.5811,415.9321,484.3819,554.103,552.8638,457.5299,449.4263,529.762,539.6443,535.3601,532.0999,496.9661,460.9195,463.5267,480.3398,498.8044,499.476,492.5397,488.3368,484.9408,485.8329,474.5697,443.8731,431.7694,444.4426,464.3144,457.2063,425.9005,432.3082,441.5858,426.0911,376.821,364.363
513.5023,533.1083,552.7104,544.3585,560.5414,568.3557,575.1101,542.2552,500.4229,508.005,514.8626,518.778,535.1565,571.8019,574.4105,564.1835,568.6817,579.7452,554.7317,529.3746,530.0988,526.8104,513.5365,490.1437,455.5862,453.4343,479.347,493.0795,498.7206,490.8785,466.513,439.2359,452.6441,468.6198,484.102,496.2639,532.0349,510.261,472.871,446.05,464.6064,444.1252,426.0024,411.121,431.4256,432.9947,473.0345,459.886,446.7375,426.16,413.9665,428.2351,444.4766,468.0441,476.6714,518.6235,554.424,510.4141,447.0527,470.5591,463.3348,462.4106,461.8999,456.576,463.5059,466.1675,443.0486,427.2969,425.9051,440.5638,448.3919,453.5327,475.5734,470.9888,404.5087,391.5351,458.7631,441.0981,430.8065,430.3764,428.2765,424.4085,424.7764,421.303,416.9334,414.2195,426.8539,412.1474,402.5514,398.16,438.0718,469.1912,460.3412,451.0789,418.0495,430.3387,475.619,514.5544,553.1242,569.9818,484.5526,442.1717,498.0619,525.6459,527.1369,524.541,484.4655,426.7714,422.0029,439.3557,472.7829,497.3368,510.575,509.6267,500.2379,490.3491,485.2562,476.0082,466.1377,463.7881,474.8276,464.4731,432.6101,443.7716,455.839,449.9984,418.2303,414.6871
445.172,447.7673,450.4929,458.7054,438.4721,461.761,489.728,461.0099,442.4012,444.59,453.8744,463.9968,507.294,521.1673,485.3739,460.1559,474.3306,502.5358,502.0607,494.1062,499.165,488.6745,462.2056,430.0211,415.6462,419.5367,424.4575,438.0063,443.5283,440.2455,425.496,399.0142,403.7953,414.4824,423.485,413.4712,457.4904,461.7198,424.0381,398.7637,426.9655,410.9055,400.2133,390.8452,395.9079,395.9188,452.8394,440.8403,428.8411,430.9762,416.9355,413.1323,410.1696,450.2726,442.46,443.7738,479.614,433.1244,364.2325,420.7634,444.5059,449.6023,445.9535,436.9505,430.7179,425.7505,420.3469,420.4663,424.6903,427.5926,415.4984,413.3333,434.5239,430.5097,374.9419,351.9441,394.8479,390.4831,375.1249,381.8708,386.784,378.2915,355.4346,359.7362,367.08,381.7314,376.0528,356.7003,358.8079,363.8488,396.0344,445.5459,441.429,436.8938,408.2597,463.2789,504.2588,516.034,526.3525,550.931,485.5343,433.8024,429.3675,465.0727,479.2121,486.2086,479.3232,418.9875,403.623,413.4951,444.2017,472.0625,483.1941,472.7231,451.8557,451.2255,458.3524,455.7032,455.9832,461.9572,466.1545,449.5976,422.088,422.9725,431.7339,419.7694,387.464,391.9734
387.4562,389.8885,392.554,413.2835,377.9951,396.3232,420.5834,433.3961,414.0386,423.9006,433.6872,441.5248,466.7076,462.543,425.8849,398.9289,409.815,435.5384,426.0572,426.1476,453.4184,447.2664,410.8625,388.2706,393.977,389.4527,371.2917,371.7471,380.4176,403.9763,413.1998,397.377,397.2757,397.9671,403.4026,421.2868,442.1947,423.6781,396.7697,379.8559,410.899,428.0503,403.2944,381.6207,393.0242,382.3702,451.3822,424.777,398.1719,393.2166,398.944,408.1913,417.6664,440.1329,443.0764,388.7146,379.6017,373.1737,364.3869,372.5958,398.6896,414.0025,402.8736,382.6598,390.419,377.8789,379.3335,396.2622,407.6588,408.2624,406.5887,412.4197,419.2536,416.1386,399.3866,396.4179,418.8091,425.4114,402.5688,388.6331,387.2928,398.5247,377.4113,389.9153,403.384,415.7972,402.5426,367.0353,374.6321,384.6406,413.5574,419.4222,393.0929,366.2805,311.6217,451.6721,519.4893,529.6379,536.9714,548.1255,479.716,445.8351,437.9545,445.3745,465.0253,487.0977,489.9997,418.2673,403.1555,420.8058,466.9111,495.191,483.0574,469.832,464.921,440.6215,423.9526,429.9967,437.5446,443.5777,452.9878,454.4316,438.6438,429.7342,420.0842,393.0411,381.118,386.6416
368.5242,375.4065,382.4314,402.783,372.6669,394.3907,421.8193,411.0728,414.2714,457.6675,468.4071,468.8938,449.1502,443.6989,453.5314,448.7303,445.7026,447.5181,442.4928,443.4721,451.8674,439.9089,411.5005,387.2761,386.295,398.5386,395.0932,381.4211,385.2528,416.9763,437.3095,433.2206,433.4836,432.0532,425.1301,425.5807,446.4849,424.53,396.8295,374.9266,382.307,390.9319,380.7872,370.5323,359.3708,355.3491,397.6457,364.4665,331.2873,324.6299,354.1697,364.6225,373.4905,360.8108,395.4201,386.4527,441.3098,430.2039,398.4964,340.3156,327.3125,339.3817,335.4823,323.4135,339.116,311.3564,316.69,341.3995,347.8561,348.4087,350.849,356.8332,359.8036,378.2003,388.0228,377.6085,383.3505,372.9593,357.2171,347.8049,342.481,340.921,335.1853,361.1262,384.3021,394.0601,382.9614,343.3581,348.9027,357.7605,392.294,392.1737,353.4404,314.8358,283.6531,415.2015,515.005,530.041,540.8361,552.4119,489.0596,465.9661,459.3967,464.8248,477.4049,491.2112,473.5846,386.2452,365.9367,381.2922,431.3151,440.1893,425.7299,423.1493,425.0787,391.1038,360.7498,365.9294,380.1137,395.4886,399.0031,387.6179,384.7947,386.6978,370.2918,347.9795,329.5477,324.4696
373.6827,384.6469,395.8123,394.0316,364.6835,382.4485,405.2445,398.6635,373.8777,399.1677,394.3893,379.1169,359.2184,360.3992,411.1002,448.716,440.4615,416.0855,420.5341,410.7018,399.3479,389.6255,370.2581,358.2175,369.7276,382.9462,376.2889,366.2842,364.8158,377.1155,377.0945,357.0789,347.2487,346.4523,370.036,401.1743,417.8018,393.3775,366.3773,341.5482,328.9501,325.359,323.0615,321.1364,323.5414,328.5909,344.6328,324.9149,305.197,321.0991,345.5432,347.3487,347.4086,314.5878,343.5497,338.173,392.7035,399.5766,390.7317,356.3695,309.609,323.3578,322.955,304.9846,322.3425,298.9486,287.7953,298.9401,303.3697,305.4676,310.4445,309.6289,298.2504,316.831,336.5119,325.6713,329.0378,318.6531,311.9274,308.2452,302.4215,297.6446,311.2878,332.7,350.745,354.1779,343.6378,314.6938,318.5477,326.1153,364.7202,388.5186,350.8054,313.2108,282.4461,414.4795,504.1559,530.4587,553.6168,568.296,469.9232,465.553,424.6126,402.5297,417.4883,440.1528,429.6147,393.8869,368.7049,349.8786,357.2813,348.2758,360.0738,377.56,384.3838,361.7451,347.6724,343.1447,336.9884,345.7919,348.1061,337.2046,330.698,344.4818,354.2075,343.0775,324.9504,320.5892
422.8892,438.0837,453.3093,454.8994,431.087,435.1291,442.2145,447.0454,386.1254,374.6165,362.2504,346.2588,384.0981,395.7549,405.7397,460.1125,466.18,439.6378,437.5384,416.7144,396.0609,384.8613,368.5379,366.999,382.3774,393.0161,395.2237,397.8503,382.3962,356.9733,350.672,329.1476,301.4195,295.4766,344.5278,393.116,407.1211,402.5547,373.8941,351.4987,359.8252,365.2419,358.1801,351.2492,346.6802,356.3435,371.7921,352.3831,332.9742,358.972,378.5238,378.2461,376.4949,369.3458,391.6253,411.4356,421.9218,420.8961,417.415,423.1729,415.2879,412.816,407.1465,397.9731,400.4949,378.9548,369.2339,368.5885,360.2858,352.9301,352.8283,360.42,369.7141,376.3881,370.0909,369.4959,365.8779,325.8915,320.6813,343.8113,354.3169,342.6863,351.193,362.3581,366.107,342.9159,323.7354,314.6526,313.7455,320.5296,391.9411,440.2384,418.2934,395.2047,306.1981,476.8099,506.8526,517.4358,527.2296,548.5724,488.0877,461.3896,431.8619,376.6312,377.3085,393.2795,403.7215,404.7108,375.5298,335.3145,342.825,334.8681,346.4012,373.7867,395.6217,401.0605,390.651,390.3054,388.2845,372.564,367.7643,363.4243,347.5582,359.6509,379.5281,363.616,359.6514,362.1998
436.1564,450.6001,465.0955,481.576,485.8098,493.1854,500.9792,489.4377,402.7506,361.2998,357.6453,360.2776,414.4663,463.9142,445.1728,467.7584,488.532,493.7221,469.3863,433.4895,413.7754,393.2332,365.1691,371.7247,384.2188,381.9501,388.7278,389.7336,378.2813,357.9153,365.5137,377.1837,351.988,342.7142,372.573,392.703,385.7158,411.9427,381.5022,359.2452,377.8721,395.6934,387.4265,378.9551,369.5434,381.3997,390.4564,364.9615,339.4666,391.8156,440.3355,423.3302,401.3804,401.4427,464.1588,476.6202,468.9862,457.3413,445.1796,478.0501,475.0542,449.7806,430.3414,414.2418,406.4438,387.7801,409.5042,424.8669,412.2567,391.0631,377.7098,388.1708,408.4269,415.1818,414.3967,428.1111,417.5603,366.5334,348.7553,380.0118,400.0005,398.4804,407.3476,409.7758,402.4712,371.8582,386.8193,361.3109,341.6634,334.0839,425.7895,461.7105,451.6904,440.8725,384.0774,548.0764,490.8529,499.4139,511.6053,546.087,516.9382,462.35,457.1363,423.3535,426.4926,440.9532,495.9592,491.4676,446.2571,395.2041,413.0795,399.2756,401.6039,425.738,443.8564,460.8264,448.8196,426.8234,425.5812,432.1532,428.5599,416.2193,398.7523,394.8286,424.0568,433.3867,440.7473,439.5088
366.7057,368.7665,370.8538,392.9925,431.5914,434.7819,434.2287,414.5714,387.9818,353.7895,360.3621,377.598,406.8589,445.9874,440.1261,423.4536,421.9015,426.0059,400.8864,400.4715,414.3092,392.1273,349.2863,335.474,348.0887,350.8082,347.3,348.5554,354.9573,360.3033,377.0549,404.8332,369.8805,349.1687,365.1448,372.6325,354.1953,398.2801,385.2395,375.4292,378.5109,367.319,380.2181,389.0109,354.4891,364.5815,352.5362,349.294,346.0518,357.9249,400.9384,389.7351,374.302,383.8639,455.518,468.0454,465.5767,442.6039,414.6008,401.893,421.369,440.1811,428.7887,405.7681,401.5281,397.927,433.3,458.8931,456.3604,422.5758,389.3304,394.5464,412.9287,398.7485,376.7614,404.3958,435.6306,424.2108,387.4951,405.9759,412.0009,393.3024,387.9431,388.0184,381.4756,363.5031,391.2109,369.5809,340.6613,324.7208,409.6971,374.8096,377.3126,379.5567,366.881,531.5482,505.8905,511.8906,519.7532,561.4955,515.3611,440.8561,452.6436,436.489,442.9798,457.5572,578.3664,554.6576,493.8698,444.1529,453.7485,486.7015,492.1722,482.5834,472.6236,479.6632,476.7136,456.3244,449.1815,453.1612,441.8318,423.5074,409.7355,400.3914,420.236,438.2749,460.8672,458.0743
324.665,329.9828,335.4104,357.2097,353.4286,355.1719,357.6874,366.789,380.2293,369.5324,383.4854,405.0252,420.0978,437.6798,429.0125,382.4355,348.7515,327.405,344.275,375.2256,417.4904,414.2502,365.4666,330.0736,335.6776,354.5198,359.1785,368.0976,387.7469,400.3952,409.1237,435.2574,387.19,357.0295,378.1947,402.2215,381.7034,410.3062,402.7061,395.3627,391.3746,399.5905,408.266,413.7905,385.0192,374.8649,372.8376,358.7466,344.6557,328.5508,360.5374,366.832,370.9918,379.7952,424.6151,416.9121,409.8858,399.3195,387.2318,385.7003,383.428,436.0292,445.7895,426.1458,429.7198,438.9747,446.8814,464.5259,487.8298,466.2684,428.5008,418.6007,415.9036,393.9749,357.0246,358.1609,410.0408,443.6258,426.345,433.8622,431.3069,399.4662,362.9164,355.9444,349.8959,350.7855,358.4731,330.996,330.6296,336.2771,388.3963,381.274,383.9025,386.3965,381.1436,493.5089,521.9763,514.4911,505.3041,553.9056,519.5178,454.2627,459.0961,424.5592,439.2317,469.1022,594.5198,505.8334,426.5826,386.7579,405.8276,504.6001,521.7834,485.2558,456.2495,425.1529,406.6944,397.6926,404.0972,428.7876,429.6253,408.1903,398.866,392.0556,381.8309,380.6442,395.8231,396.3372
383.7921,379.2907,374.747,383.2435,357.9979,366.554,378.8383,384.0602,406.1891,416.8873,422.3765,427.3705,425.2606,415.6699,433.2205,427.151,402.8201,377.3172,392.0963,409.6899,420.6933,394.2891,334.1981,315.5175,354.2481,380.3445,378.3909,385.2679,395.6278,401.547,389.1623,376.2634,373.016,369.3345,378.4639,412.8174,416.6265,421.0016,414.3365,404.7541,388.4112,413.1977,415.2412,416.3869,406.9111,389.5056,376.815,363.0272,349.2394,340.0654,331.696,344.8326,359.5971,399.3972,383.2469,367.3887,390.3449,394.5735,392.066,375.4001,365.3872,405.6903,427.4276,432.4734,446.1601,445.977,427.6467,427.6436,444.117,453.6465,446.1774,434.4528,428.9263,415.7806,395.0374,382.3387,387.2873,405.7834,418.575,423.8033,421.485,394.6195,361.0661,360.1764,359.6596,356.3409,335.2633,323.0656,362.9189,396.1031,377.1288,414.59,405.7112,397.3215,417.1123,445.2241,497.1416,501.2696,502.9491,545.3179,508.7603,442.4922,415.4893,393.747,419.3781,457.0083,526.2739,430.6936,359.6365,323.9205,375.8588,471.933,501.3712,479.1745,449.4171,413.633,407.1699,404.8899,398.6705,412.0987,401.4349,389.6107,400.3994,394.1759,391.6997,387.546,388.3363,380.3347
424.2064,421.4171,418.6653,431.2899,412.6709,417.0748,424.0854,427.8584,433.2975,410.2582,406.1379,408.3869,406.9448,413.3632,418.281,431.1542,441.1701,447.5583,468.1258,444.8575,423.5196,398.166,349.0179,349.9204,384.0684,384.8789,378.1712,388.5921,392.8462,392.9611,382.0038,359.0782,376.1211,380.7869,372.9341,410.2988,444.7757,443.4768,420.1545,398.8025,389.7573,394.0844,386.8486,381.6555,398.1188,391.8971,342.4055,367.8411,393.2767,369.574,354.3477,357.6235,362.2638,418.1966,380.9542,396.7079,414.0447,406.0333,392.2681,376.6764,355.3768,384.546,407.4618,418.1036,432.8303,427.9437,400.5704,386.2001,385.6074,407.0293,430.1149,441.7575,458.141,462.5037,451.0764,432.0274,407.287,389.2267,385.2611,402.2854,410.25,393.808,375.3278,375.2203,379.0046,394.9526,394.8551,371.2025,395.998,416.3537,402.2408,428.2791,419.5708,411.0552,413.6441,476.3185,506.4092,483.1524,457.2436,537.4448,527.8188,459.0665,391.4177,378.413,399.3497,425.895,474.689,383.1598,323.7249,298.6724,348.8849,439.0644,482.4908,478.7347,462.9688,437.0489,416.7693,405.3643,400.7387,405.6182,393.7589,386.3256,400.3105,393.6682,383.6481,381.4759,382.7476,378.8772
419.3437,421.2163,423.1801,437.2742,430.3206,429.0277,428.4838,422.3745,393.817,384.3758,388.4897,394.7429,392.6288,390.168,400.8884,407.9372,418.8084,433.5113,441.4549,424.9086,408.2002,392.1044,368.958,370.5882,399.9629,406.2462,398.8423,412.4138,403.4314,379.4307,380.6984,374.5067,364.1733,358.5764,365.5436,376.2993,392.6777,416.8569,401.4758,385.536,369.6298,369.0762,362.4446,357.2066,367.4016,370.9554,307.7505,341.4318,375.1131,344.7214,355.1656,357.4557,358.9619,408.6564,353.5544,378.2985,401.6622,403.1122,400.1272,365.6113,351.9253,373.7584,385.8691,389.2283,401.9287,406.6457,375.8077,348.6366,337.1769,355.07,376.3795,396.0302,434.7317,455.194,448.2798,428.5894,403.8176,395.2831,403.1159,406.1163,402.7437,385.5284,377.5404,388.3239,401.9879,419.453,404.3347,380.6302,405.7205,422.3617,371.1207,376.2759,400.4299,423.8855,407.0895,482.156,501.1649,446.9363,389.0827,512.8226,517.1127,450.4447,397.2742,386.216,397.4483,412.1908,444.4471,374.6713,337.7135,329.6372,338.1551,393.6074,437.3078,446.0717,444.7983,430.4556,405.574,390.1383,393.4236,406.5461,419.1219,407.6627,383.5276,373.8242,363.019,380.0493,391.0057,397.1285
416.9999,419.9728,422.8767,443.365,446.0471,448.9064,451.9303,424.3403,401.0047,392.6966,392.9656,394.6619,401.8147,414.9586,432.6524,416.4416,408.3192,412.0524,425.8154,425.3965,424.5884,411.3193,380.9214,365.3632,390.3427,416.1667,415.5437,418.56,400.6716,369.6978,377.8245,393.9092,386.5611,374.7102,365.3457,388.9202,403.5941,399.1886,393.264,383.3621,362.052,383.663,371.3704,359.6556,354.5611,350.3868,323.6986,344.0034,364.3081,354.6532,387.9204,380.4059,369.6296,408.307,367.0475,380.3696,390.4348,393.6524,396.0255,370.1042,359.1588,371.7141,375.3186,372.2401,374.8033,374.0255,352.5122,344.1963,353.3304,349.2179,339.2631,350.1257,376.9661,406.0822,412.0511,386.1058,372.1368,394.2633,430.4882,417.8463,397.1028,361.1143,347.9638,373.1812,395.3441,404.7241,402.274,379.5799,398.9475,414.0775,387.3279,309.3303,363.5926,416.4548,388.6213,488.1889,514.6527,435.3738,350.8502,504.5936,521.1526,448.9848,414.8958,420.7892,424.9006,426.8841,416.9813,379.3997,362.0527,356.3244,376.9724,403.943,421.9467,430.3518,434.5533,428.7585,424.1703,412.673,403.5396,410.7029,451.4043,456.9046,400.1863,376.766,350.5419,371.5974,377.4974,377.8067
450.8357,449.4606,447.9242,462.426,482.9245,493.0173,502.0051,414.1319,445.7769,431.4345,433.6228,443.9211,457.9538,483.2946,498.0981,490.1785,476.4041,463.5089,462.2227,464.9997,467.1856,440.9185,391.5053,371.6214,385.0593,400.8495,408.8857,412.1166,402.1905,376.6547,378.1791,405.5022,410.3842,413.3102,419.9952,445.4805,450.8393,424.1693,418.0988,412.0222,405.8328,397.3297,376.0084,355.6383,348.0369,372.855,397.4971,391.8509,386.2046,358.7486,403.8627,396.4527,384.7762,417.2607,392.5658,390.1979,400.2007,403.8084,405.4604,397.0094,387.5938,390.3418,386.994,378.8636,367.4218,369.0022,390.63,399.0595,392.74,389.1271,387.3262,375.2236,353.0966,357.9084,378.9941,376.5007,377.1621,396.6004,417.6022,409.2348,388.3535,360.584,381.6997,375.7544,371.1533,379.6375,413.1442,405.4321,424.795,441.1971,416.1658,230.3995,306.7133,382.0553,401.3908,497.0497,501.1699,434.5351,364.4493,526.3636,507.718,429.7646,413.6859,456.6081,469.6779,472.7446,464.4703,474.2174,454.5965,419.995,420.9446,436.2573,447.4356,445.1816,435.0695,420.642,437.7279,431.4952,399.4715,391.6578,417.1847,421.6838,379.3848,354.359,330.719,374.1727,369.9084,364.981
471.6795,470.119,468.521,458.6175,473.2356,488.8907,504.4565,429.9845,474.0496,462.4757,454.5774,452.0584,471.7337,488.5453,509.155,519.3561,512.4044,499.9324,493.3857,492.5734,494.1172,469.1214,422.7127,411.5534,415.6796,416.8943,422.9751,414.2606,397.563,390.8566,407.9158,409.9539,418.7935,428.8545,440.4283,451.7907,466.4184,459.6329,451.262,443.9463,436.3781,400.5395,388.9155,377.7656,374.1725,405.6411,440.3318,412.4162,384.5005,368.982,383.2252,388.8132,393.6308,412.7342,410.2648,381.7441,421.1943,434.7983,437.9519,429.0494,423.4088,425.0064,415.5673,400.3417,394.4904,387.6466,402.7396,412.3252,405.8802,398.5767,395.0078,385.3773,365.298,372.8043,390.3424,384.2571,391.3418,393.9321,388.2836,393.9289,389.4581,376.4201,391.551,374.4818,362.0927,373.7653,408.8693,419.5483,433.5542,443.5684,404.2266,214.6337,282.6724,350.798,423.9344,490.8211,483.6747,458.2563,432.0156,511.8969,485.7333,399.4406,423.8591,512.6385,532.4017,532.5797,501.5889,493.9761,460.1344,410.8678,424.9221,465.4932,471.5131,456.4131,439.9901,414.5503,404.177,399.0913,386.4794,379.1482,391.2837,389.0483,360.5344,342.2171,336.205,391.1525,393.2623,384.0272
434.1591,425.5882,417.0629,393.0836,398.8712,406.682,414.4604,413.5437,418.308,417.5844,425.2236,435.349,422.9168,401.5768,409.6665,468.6049,478.597,455.6494,457.7373,463.3082,454.8387,424.8717,381.6322,383.1838,402.0977,416.9299,429.3955,410.3062,392.236,371.2029,357.4314,366.5788,371.6333,376.7493,381.7321,383.3218,380.3614,386.505,387.073,390.144,397.8183,363.6002,351.3776,344.5202,394.8229,396.0382,432.7147,396.4405,360.1662,351.6859,351.7527,364.7642,378.7269,384.4743,406.222,389.7187,419.3342,423.0457,417.3001,400.4101,410.3814,424.2977,416.0845,399.2388,391.8836,395.8553,399.6982,397.3158,392.2601,390.7141,393.9111,394.7112,391.4108,389.1103,381.4586,385.0729,403.0677,374.1743,333.1665,348.1315,363.5864,381.8533,396.5752,388.4072,374.6671,356.4011,396.6588,387.3971,369.7735,349.8458,306.6915,231.9417,250.092,271.2776,467.395,499.98,487.5653,452.9049,417.1804,487.436,488.5592,414.0945,414.1059,504.727,513.1401,496.9042,485.5695,472.3837,445.8594,414.4624,426.2071,429.0387,430.053,424.2431,408.2452,389.077,375.4712,375.9559,375.186,366.293,356.528,334.5728,343.1943,371.8985,360.1382,388.471,388.7163,378.6832
423.2111,415.8303,408.4754,406.9581,402.1681,412.9328,425.3171,439.3832,406.11,409.2547,421.6896,433.9614,425.4314,409.4893,401.8345,432.9608,435.2777,415.4052,431.2038,437.8564,419.7463,404.7159,394.738,397.6732,410.9701,421.2209,425.5343,424.3323,420.4998,394.8706,370.5722,387.1295,381.669,376.1631,372.7498,372.8124,366.7783,364.4995,370.1704,376.2513,379.5206,357.1208,351.7602,350.9386,396.9505,378.2614,409.1153,379.045,348.9747,341.6006,356.0223,371.9923,387.9975,386.6204,389.7664,386.0057,426.5043,420.5184,400.3433,367.2128,376.3265,404.7638,401.7478,384.1848,388.4803,380.2149,382.7552,391.0028,391.3347,383.1282,395.8199,409.4871,397.2299,393.3832,393.187,392.8713,392.3292,368.4502,353.6108,366.7695,377.7899,381.3003,379.7845,382.6168,371.6871,334.7265,383.8467,341.9199,332.1758,321.634,297.2685,202.6815,221.8117,244.7591,487.7159,493.7864,499.4322,456.7216,411.5653,495.363,497.2201,457.3466,427.5563,481.0865,479.0072,458.6258,428.8246,394.6765,390.1291,397.6934,370.9679,389.8423,414.1264,405.7845,387.2663,363.7702,361.969,367.4306,364.1136,365.7408,374.7862,385.3598,396.037,400.0212,383.2503,383.9948,376.0653,369.9445
419.1923,420.9918,422.7556,401.9526,424.6046,426.4315,425.7781,474.8821,434.8637,435.9971,448.8106,461.2903,450.4589,437.2721,431.2678,468.5721,472.4042,450.4281,446.9301,455.8353,443.838,418.6876,395.5215,371.8431,398.863,427.0621,417.1153,430.2191,445.3856,445.332,437.6567,452.17,437.5264,426.8652,426.6252,435.5014,453.4966,438.7158,414.9547,396.6458,401.5355,385.2607,371.5987,361.3066,387.6095,393.9636,423.1712,401.3479,379.5246,376.8222,388.0304,405.1965,422.7624,429.8775,402.6879,414.8617,424.4222,422.0927,417.3746,387.3889,388.5118,399.6875,403.3227,404.3358,408.4168,389.1754,356.3598,352.4229,368.5737,385.1648,410.264,425.5017,422.9227,408.9128,401.3772,406.7661,395.6393,400.3535,417.2719,425.3791,422.6011,389.4837,359.3492,374.7409,379.2737,360.0356,397.4424,374.1302,371.7203,366.0886,322.39,173.6293,178.0753,187.2224,467.3194,449.7738,479.5301,461.0086,439.9797,464.4809,498.863,479.6737,453.2365,487.5504,464.3144,423.3816,376.1237,386.6209,392.7451,388.4093,329.1118,390.052,442.317,424.7094,396.0993,371.382,395.6077,421.7592,407.8049,388.459,381.0142,387.8763,387.4672,383.5446,379.8046,361.0346,348.6594,342.7804
389.5963,386.4677,383.2945,334.5601,394.7288,389.7007,377.1303,400.8914,380.372,389.2838,387.482,380.832,352.9165,370.5715,374.3965,412.2664,425.057,414.8206,387.226,381.2834,382.8452,370.214,354.1296,332.0076,361.8062,379.1856,355.4806,378.6143,398.8997,413.8187,418.6732,407.8528,394.1509,384.8826,381.3731,372.9621,396.83,438.8782,411.1283,389.6323,399.0273,405.0297,386.0186,369.4005,380.7855,408.2668,415.9421,415.8929,415.8437,387.5157,391.9191,403.7554,416.0251,440.9716,368.5838,405.356,414.4052,412.2365,410.0454,403.9396,417.4832,413.5372,414.1977,421.4607,421.1369,413.7354,395.8802,388.7186,393.3401,400.2148,408.759,424.5535,447.9939,436.5879,420.4166,431.991,421.8662,435.2585,451.1021,447.7909,424.3463,373.099,371.4132,367.994,364.8439,372.9449,414.7393,411.8475,428.3667,436.6485,367.2464,230.6703,209.2807,192.94,467.5947,448.4365,467.0838,470.6187,473.3359,402.2744,506.959,473.6168,489.4709,502.9469,448.5136,377.9631,369.1285,421.7682,422.5544,396.4065,331.8409,416.5149,485.7157,469.2563,438.5483,429.0995,448.3566,464.6771,461.9738,452.4857,437.9969,418.8395,409.3776,418.072,417.0726,391.8541,388.2526,391.363
404.9526,408.0227,411.1477,364.9521,416.8427,420.3321,418.0809,419.2245,387.323,378.7607,399.7059,426.4566,385.4807,398.2863,408.7911,425.006,431.5489,429.3166,398.7152,383.3634,382.8076,371.2308,354.6423,325.1038,355.4867,385.3481,356.6702,357.535,363.1946,375.2602,380.0658,373.1688,365.1304,365.0198,374.6875,366.748,384.2303,417.5934,391.9314,371.2878,378.0264,396.425,389.8647,382.4925,369.8669,415.7177,399.0744,394.575,390.0757,372.6319,366.835,372.2841,378.5391,416.4333,340.6408,408.8259,390.425,384.9496,389.1328,377.9575,384.9356,390.7164,384.6231,374.9422,390.4906,422.1247,409.8747,396.7993,404.4901,404.9583,404.8039,407.3277,407.2714,398.0681,401.8761,408.3049,391.8198,401.6912,402.3738,401.8277,394.5736,369.5231,351.8588,371.5696,379.4544,357.5718,392.2473,412.3133,431.6536,442.9391,387.5417,359.2639,276.4312,200.4448,519.0448,472.7988,480.2343,483.7306,486.9517,399.3573,509.9464,449.2437,456.3685,478.2734,445.2608,398.6957,379.7082,414.4557,434.3023,441.6229,361.6672,414.7365,491.5506,485.8036,454.176,449.0666,468.3329,468.801,456.2422,451.2009,448.7663,450.4649,451.3895,436.5901,419.8751,431.4218,436.3503,443.5913
415.826,432.8858,449.972,442.4583,462.802,468.2319,471.9076,455.4593,422.4251,455.6994,463.3262,460.6788,450.8586,448.7283,468.4121,527.1304,528.3796,494.0236,440.9243,449.2628,472.8758,449.0494,406.3563,359.6688,367.0404,398.4977,392.5766,388.7282,397.0041,400.2763,384.4175,392.7319,390.7471,395.7599,409.5616,403.1653,398.6951,397.8645,376.3578,363.6068,387.2194,373.2971,374.9738,375.5984,366.6684,392.0419,378.4292,378.1976,377.966,361.1107,374.093,384.227,394.0274,401.1071,337.2827,404.2492,422.6386,421.9189,420.513,389.6293,392.9724,415.5206,402.9995,374.1569,382.1626,402.8972,412.1044,411.6732,407.6733,409.248,404.0016,387.1331,369.4751,362.7731,380.8924,390.7518,370.7054,368.322,378.4289,375.9012,378.9532,380.1037,358.2334,382.4452,398.5493,383.3845,369.818,390.4779,414.5611,432.2955,401.0061,424.4207,309.709,202.6188,534.7852,489.1135,487.4704,485.7137,483.8885,413.9688,514.4416,454.8801,425.7724,457.0658,454.5733,440.9353,378.3588,376.81,411.174,448.8292,389.61,401.8468,440.3223,439.5503,428.194,432.7662,446.5181,433.8963,417.7585,420.4053,415.2294,411.0155,413.8355,395.2783,380.2877,397.5493,403.7373,409.5875
451.3453,467.3541,483.3288,448.5829,460.8993,453.264,443.198,451.7982,427.7475,428.4619,420.8187,409.3291,429.2015,465.2431,493.2916,527.6035,511.1145,467.0817,440.1176,462.9386,496.5768,473.1167,413.3369,375.9457,398.8926,424.4756,423.4721,441.179,453.3839,426.8067,402.0181,444.4116,445.372,445.1508,437.9622,429.505,438.194,412.6132,394.4229,384.3454,405.4146,379.0237,381.9027,386.0939,402.2179,375.1485,380.9396,395.852,410.7643,369.0603,397.3538,410.335,421.8772,430.3246,403.3649,415.8282,424.6664,433.6269,443.2769,405.0205,390.1786,422.6452,442.2724,450.134,409.8352,394.6306,413.4852,413.3877,398.1209,407.477,417.7928,410.6055,404.7816,390.6829,381.5591,390.503,380.4093,359.9222,370.7301,389.5843,405.6351,398.8774,367.0568,385.1983,392.2583,369.1167,389.1457,398.4849,425.6876,448.5405,433.8207,411.5827,286.6479,169.6312,508.9685,506.363,480.3964,486.8844,495.0429,366.2428,508.1384,467.5666,418.1669,455.9691,457.228,444.8535,389.2263,371.0319,401.0162,442.9305,427.7478,403.7495,393.8984,389.8349,388.1497,404.3898,417.6345,412.3375,409.165,411.9316,390.3106,355.2202,340.5131,327.5492,330.9135,349.9772,360.7278,367.4993
441.2985,447.1401,453.0115,422.7952,428.1589,397.018,361.8487,401.6259,380.775,376.1208,370.282,362.4977,397.5148,415.7964,403.7861,446.0254,454.0145,431.1565,418.0763,432.5511,450.9684,438.3753,407.2312,404.9451,416.6901,411.3802,413.9154,431.076,425.701,379.4321,369.2184,419.5964,421.943,419.7522,406.3602,410.7344,454.8876,445.3141,434.0136,428.1728,441.2825,412.138,412.312,412.9397,417.1501,398.6189,409.7897,421.2744,432.759,414.7065,430.2386,435.2583,439.3473,430.4396,481.0444,461.5053,431.3453,433.7638,444.1347,433.3882,421.6422,449.7501,471.8702,484.4748,442.5921,435.5421,435.1292,430.2213,437.1939,445.6559,455.3297,452.099,435.7663,428.2173,431.1805,432.9091,429.1559,423.1396,425.3939,429.893,431.7148,418.4979,394.8249,407.0787,406.312,376.9626,422.204,428.3325,455.2911,477.5136,457.5283,419.4251,339.9548,265.6173,487.1013,525.204,494.0315,485.046,477.2759,283.093,478.9845,466.1452,463.01,498.0548,493.0658,476.4894,418.3026,378.4813,399.8352,441.2039,450.5277,433.454,408.9604,401.1567,404.9359,415.8415,407.5155,394.066,398.7835,406.7134,403.9988,386.4712,371.9517,369.3593,374.5776,379.6087,378.8896,378.4623
422.7949,421.807,420.827,437.0368,402.4,389.6859,379.6201,404.2141,393.5355,391.3748,382.1775,370.3118,390.6581,388.9261,394.2476,406.5939,410.3116,409.8839,397.1075,391.7757,410.1674,405.6421,375.1761,374.6917,385.4226,379.5429,379.8927,386.9228,371.989,334.8867,337.9804,370.2094,375.7045,372.7562,360.8475,379.6394,406.3397,425.1212,403.543,387.9227,398.0329,391.3554,416.4037,438.954,433.7835,433.5699,404.2665,405.1749,406.0833,405.7525,410.6404,407.7119,404.1704,427.826,479.9044,455.3579,396.078,362.3217,336.0589,379.4573,388.2485,400.813,397.2244,381.9664,375.5653,416.3686,429.9643,420.5234,419.3416,426.0248,415.8209,402.5121,408.5781,414.5606,421.0599,433.576,435.6716,418.3159,413.9129,404.0616,397.0177,395.6705,392.1099,388.6901,385.5646,390.9789,408.9832,353.0464,409.064,457.5243,441.5551,432.3662,405.5302,380.6716,469.7798,504.9172,515.7566,529.3388,543.0927,319.7061,458.4341,439.774,442.1177,459.3871,471.1299,481.216,418.9974,382.1892,413.6939,465.6245,469.8395,441.3983,415.8428,410.8302,416.2062,436.4316,407.6791,403.8933,442.4866,451.3162,452.4077,446.6525,439.0866,432.1511,430.4391,420.7861,421.1472,413.6565
416.0138,415.2638,414.4584,442.5782,431.3796,423.8773,417.0731,440.7556,451.7992,457.2341,452.0116,444.2295,447.3326,451.8735,442.4292,444.0292,459.5329,478.28,470.6734,451.6567,473.952,471.5164,427.8433,410.2796,411.7048,413.6208,417.4312,415.2553,401.8819,365.8934,351.4617,382.3638,394.1635,400.7415,394.583,394.8261,416.3391,420.8582,375.4802,346.2504,387.299,378.1995,400.6609,420.3945,410.2596,412.0552,386.6624,373.514,360.3657,388.7608,401.1639,417.2776,433.7391,443.3824,460.7709,452.5399,419.2799,380.1332,340.6033,398.7256,406.261,389.6799,360.9564,325.7679,347.4562,399.1263,413.2686,412.9358,419.6133,412.0654,385.2771,377.6349,396.2475,405.4236,414.2866,428.4796,428.6797,422.9213,407.7577,392.9851,390.0451,406.8087,403.9794,404.4622,407.9576,417.1122,383.2306,285.2075,376.5207,453.262,408.4455,412.4883,474.7229,534.8901,475.9037,468.6791,501.1615,531.6522,561.988,386.8424,492.5101,455.0547,425.2953,449.4821,473.5201,494.9517,454.6681,437.6422,469.5371,514.8578,491.6508,469.8408,446.9612,437.489,444.7136,447.6761,420.2551,420.2721,445.2022,447.4872,437.9359,424.7912,420.7097,409.7313,403.8059,406.1752,410.558,411.215
406.2481,386.5228,366.6471,435.5661,442.9164,431.989,419.7098,463.5144,479.4871,479.8651,479.2555,478.8783,491.6087,484.6544,452.9592,444.2115,452.3217,462.2315,461.222,446.4047,462.4489,466.8384,441.8524,422.0375,429.455,445.1695,447.0335,451.8594,442.3677,420.4944,407.9823,397.0147,402.6828,402.9518,379.1573,361.4073,429.0043,423.1512,375.036,349.6975,416.3301,371.4495,376.7295,384.0467,411.9099,402.4836,394.8735,399.6244,404.3753,427.7567,414.175,430.2793,448.7799,437.6878,416.4612,414.5453,412.2993,402.2985,390.5749,423.0843,416.3963,401.107,387.4811,372.6482,383.1801,387.2342,402.1285,419.2906,427.2283,408.6778,383.5309,388.0971,407.6079,414.6745,420.8184,432.2148,423.233,419.5393,418.6863,401.9345,398.506,418.8692,420.2348,422.0975,430.0735,442.6601,365.3317,260.9468,382.6249,480.3218,382.6252,414.5371,499.2642,581.8729,542.3902,473.1028,476.5184,509.6161,544.1145,373.4088,495.4323,469.537,424.631,449.1053,466.0605,477.4649,441.9178,452.8116,480.4655,505.9126,520.746,515.4128,460.7044,433.9194,441.5638,431.4334,415.9489,416.4815,427.804,441.8532,436.9559,413.2883,398.3424,391.7265,391.5706,391.5833,390.0231,395.0948
427.5759,394.2922,360.8051,417.8969,447.0263,449.6215,449.7575,440.7347,456.6568,484.2063,489.5812,488.9932,484.7736,486.4136,473.3806,444.6639,440.5385,450.5663,458.9874,444.9896,420.6904,413.9794,418.9449,394.3886,393.1487,421.5733,427.4888,436.5432,437.8161,440.1691,452.3226,442.5461,423.9817,415.8581,417.2907,406.7382,452.7188,426.7704,403.0128,395.3056,447.3955,392.319,376.5197,366.2123,413.699,399.6577,422.0927,436.4503,450.808,432.1449,387.2011,400.4109,418.1282,425.3589,396.677,381.3599,397.3673,415.8476,433.4244,433.163,402.4671,395.5914,399.5457,402.4228,398.3834,380.8636,385.6649,400.455,409.1485,386.9543,385.334,409.8845,416.2475,419.1938,425.2137,424.6489,407.1318,402.9486,403.1642,401.7206,402.3996,412.5427,425.2431,411.3793,401.3058,399.4747,354.3493,254.2243,367.906,459.35,371.5366,421.7209,462.6975,504.3659,585.8976,476.9496,453.5235,478.0522,504.8869,389.6671,514.2131,476.9441,417.4509,397.4301,427.3329,467.6675,441.4439,428.1762,446.1172,471.6226,494.2709,490.2425,446.308,423.8006,425.563,424.6443,422.9303,411.8349,407.8463,421.0535,412.4393,391.183,392.6895,388.832,373.9013,375.2627,381.9849,387.6649
441.2622,431.1463,420.9721,418.6678,450.4456,457.0125,460.7361,443.692,446.1147,449.5469,446.7703,442.6074,434.4649,457.6072,489.249,427.3934,391.7194,389.61,406.0868,425.8283,395.0581,364.1668,358.8689,349.4929,369.8553,396.4579,395.3619,398.6885,406.9137,418.1868,434.5591,450.4839,426.6564,413.0579,412.2038,400.424,431.5868,429.8098,436.9117,443.1481,439.2852,402.4117,371.6036,348.8839,411.9415,394.2056,416.6088,429.1629,441.7169,429.2004,356.2456,373.9401,398.7392,397.2006,397.8826,396.7829,390.5687,401.1985,416.314,426.5232,400.4334,408.5425,417.4357,418.2122,410.403,382.0925,386.4399,403.2691,409.1894,387.2561,387.6367,412.4046,417.9864,421.3176,419.7475,407.1219,390.3787,397.8867,413.0422,402.9564,397.5092,415.9132,448.0865,422.0401,397.0914,381.7299,370.8896,294.2912,374.011,438.9427,383.8972,412.4674,442.0298,472.6989,567.1476,511.4644,480.5328,491.8203,505.2072,428.6817,527.7523,497.1693,433.0523,349.0011,391.0508,465.6523,423.7229,409.1575,424.1984,441.7202,469.8453,472.344,441.6476,424.1468,421.7085,410.1397,415.8775,429.1731,432.4833,438.3073,425.8125,404.9702,411.6183,411.2832,390.0958,386.3925,378.831,366.5527
394.958,419.6573,444.445,436.1232,454.6454,452.5052,448.0273,418.9702,405.8455,420.3541,409.8258,391.6597,385.1075,410.0805,447.2473,417.8902,388.1029,373.1385,362.1949,413.7262,415.1577,363.1398,319.8717,319.0339,364.9224,398.3495,403.9589,402.275,407.6956,412.8671,406.0457,407.2923,407.7549,411.3383,413.4613,401.5884,413.8878,422.2635,438.0483,447.6881,426.1072,397.8029,359.0143,328.9257,391.9005,379.9298,395.806,392.1484,388.4908,387.5713,353.8332,368.1357,386.2081,417.8412,429.0116,418.7606,395.9115,401.3665,414.4413,404.0137,397.7129,410.2863,414.6356,412.6517,427.6373,400.6136,388.3806,399.813,406.7835,387.3018,386.9647,406.9886,407.8887,400.9017,393.1573,396.087,392.9813,389.2674,393.5496,391.0869,399.6066,430.3794,440.9272,418.6632,393.7843,370.2383,382.1404,351.2107,392.6775,426.5275,399.2565,422.6342,447.4826,472.5779,511.8975,500.537,496.3938,506.5463,517.4113,487.0049,538.7384,497.7873,437.1081,370.1483,414.0479,486.003,418.9231,388.7053,395.1277,404.4274,445.7431,455.6814,437.7025,435.5368,444.6089,438.5533,424.7382,418.7634,422.5251,432.0688,422.9697,401.6163,400.1607,398.7986,402.1643,419.4231,400.6404,385.3712
380.9228,404.8559,428.7745,437.5922,429.2033,418.9935,408.726,411.4709,403.4005,403.9883,397.746,389.1687,398.6176,424.3988,392.541,401.5643,417.0927,421.1707,396.885,424.4508,439.444,388.9484,319.746,333.6095,396.4608,424.0534,432.5661,425.6085,420.9911,408.6071,380.0552,366.7822,377.4388,388.9994,400.2598,393.4387,369.0545,396.3012,411.413,427.2964,437.3075,393.282,364.8234,339.7048,352.066,363.0657,381.4646,366.1016,350.7386,339.808,370.2262,384.2382,396.8461,413.2804,429.3786,427.213,405.9071,394.8874,387.3161,410.4915,412.068,418.8058,415.1718,403.8867,408.0558,392.0446,381.4408,390.6017,403.3272,372.9508,366.8388,388.737,380.8153,379.1257,389.5959,397.5358,392.2785,388.6304,382.5488,362.7439,369.035,410.6623,388.6364,375.8549,360.6881,346.3071,370.8975,387.584,410.1753,426.0143,387.6986,396.2628,431.6106,466.5909,480.3886,488.7291,483.3928,491.5399,500.3874,532.4933,547.4517,489.4364,446.5337,416.5681,449.0282,496.6748,439.2917,412.9672,409.2294,405.1471,419.5419,435.1331,426.5941,422.1836,428.2312,415.3416,408.9063,414.0241,415.919,420.8413,427.2287,420.9239,401.2657,388.7727,381.2512,385.0509,387.631,390.4828
356.4162,358.8298,361.2033,399.405,376.5117,371.025,367.8123,385.9421,404.8903,389.1942,387.008,390.1185,393.5403,405.2659,340.6995,341.3899,375.8798,405.4211,383.5653,391.025,405.8237,364.3695,296.9419,309.9642,357.3466,381.6372,404.3757,399.5446,393.6711,383.5201,373.6047,372.5637,373.025,374.7745,378.6166,373.3994,362.4529,388.7151,387.36,396.7393,441.226,388.6028,382.8968,372.1299,311.433,359.6718,373.9338,372.7366,371.5393,348.9629,383.2293,390.1495,394.7733,405.2973,405.999,426.4606,394.5712,384.7808,383.6332,409.4663,397.7731,421.9838,419.7721,396.1862,388.7143,393.8689,386.0208,386.5797,400.3971,374.7014,375.7472,400.0565,390.275,386.0479,384.2331,382.695,385.1651,392.5094,399.0225,362.5972,355.088,392.0792,369.1145,346.7327,330.5633,337.199,348.6251,387.0839,420.9856,443.703,377.2034,391.9837,423.8487,455.5932,480.3935,484.6881,479.0784,478.4201,478.0255,532.2875,531.4936,482.5852,455.0049,462.334,479.6856,497.9268,408.6937,405.3588,422.4611,430.2605,441.4325,454.6601,435.7213,418.9464,416.2575,411.4976,413.4733,416.4473,418.2975,424.8393,432.602,438.1747,425.0102,395.1088,380.0179,382.9616,388.7818,388.1383
389.4706,356.2345,322.7147,393.2385,367.5427,357.0002,348.8041,357.641,389.7799,391.2099,398.4975,409.1739,392.9288,385.4017,313.6295,314.713,329.7175,328.992,335.6226,374.8421,397.5206,365.9436,311.5544,309.1428,331.6082,359.2351,386.9166,374.5147,371.1576,372.2116,362.7571,361.2976,363.7596,363.6221,358.7159,359.144,363.9898,364.0942,359.0495,362.2146,397.1682,383.0697,380.4856,372.7138,312.5782,347.2268,389.1915,385.5334,381.8752,356.4315,362.2389,365.1078,367.6303,404.3972,388.1956,383.3022,366.4465,376.5622,394.3192,393.8419,382.1004,395.428,391.7402,375.5369,364.303,365.0953,371.0186,375.5458,379.2824,363.1521,358.0425,373.6689,383.6894,383.7653,371.763,366.4708,368.4066,378.3133,387.1201,353.9369,345.8228,380.9787,374.7635,364.443,350.4235,327.1232,328.2173,360.4991,412.5511,452.5053,394.4602,406.8958,426.0981,445.633,484.3396,441.0394,496.0792,495.5221,492.019,530.5121,531.1954,493.7084,448.6751,468.4557,472.9024,469.9618,412.1512,385.3297,410.1808,448.7618,474.4475,471.5363,438.1301,418.9341,416.2455,420.571,420.1149,413.7927,417.8361,429.6575,423.924,415.2613,416.3903,397.0055,382.4918,380.7948,389.615,390.6387
418.0591,368.3199,318.2479,426.3882,412.7089,394.3697,376.5721,374.763,382.7426,386.7711,380.8029,372.6066,374.2119,388.9838,322.8075,359.58,388.028,381.7184,357.9701,392.0297,400.8219,363.2985,329.1302,320.2751,324.1001,347.3048,373.0322,360.1519,373.9286,399.0607,388.8604,391.4514,390.7504,388.1193,381.1022,374.3895,370.8565,372.5432,352.5551,343.8204,384.6242,387.5266,368.8596,351.5288,350.4157,368.4547,401.8719,395.4531,389.0342,374.9625,375.6344,377.0761,378.518,419.0941,397.7903,386.8046,386.808,401.1191,418.6362,381.9148,344.0493,350.0775,366.5483,380.828,399.3004,383.9701,376.2211,381.5832,382.5899,378.3309,379.0526,392.9301,411.1706,411.0404,394.1694,388.0185,383.2205,383.4463,390.8324,376.7312,372.0285,383.3423,378.5727,372.1526,362.2757,342.4126,338.3903,356.6959,393.4164,425.6086,417.6549,399.6425,418.7238,438.5712,502.5722,421.5998,506.2223,503.5099,496.1544,500.2794,531.6253,496.3417,425.2451,466.9373,465.1301,446.0492,406.4547,376.0327,409.6138,466.6749,502.5669,480.5149,437.7868,423.9745,427.0823,427.7478,420.2509,404.4305,403.5846,420.8055,396.487,372.9856,401.1066,399.1523,384.6019,374.8528,379.9529,378.0484
437.1748,376.0135,314.2332,432.2964,416.3932,404.5102,394.1607,398.4486,402.4037,408.1923,396.5066,380.2839,370.3407,384.3778,336.8955,376.4811,399.6149,388.8636,381.5284,402.454,392.4987,371.3618,368.7131,358.9295,350.0198,375.5974,390.4215,355.812,372.0727,421.0518,402.7338,389.3909,391.0383,391.7875,389.1038,389.5929,400.5007,385.5582,383.1505,383.2709,392.941,382.8231,353.2361,330.8913,385.4076,368.7205,393.643,380.3832,367.1233,376.5727,376.9485,378.8378,380.8794,420.4582,405.5281,401.9042,399.3785,403.4473,409.3241,377.2901,340.4035,354.6657,376.2002,392.22,408.2005,368.491,363.468,380.875,382.3023,384.8737,388.5127,398.2621,414.1624,407.2759,391.9547,401.7137,397.7116,379.3038,382.9475,407.3678,420.7727,411.1122,407.9034,403.0432,391.9968,365.2739,368.7066,370.8118,380.2317,393.4628,433.0414,402.7996,415.4001,428.771,486.5413,433.4677,497.9727,498.3185,495.2589,486.0406,515.0366,500.2101,412.9049,463.4901,480.4268,480.7867,394.2857,385.062,417.4555,451.2961,477.1032,470.8062,436.0446,417.7555,415.4035,414.1955,409.4584,391.0667,387.1087,407.2091,398.6853,373.5127,382.4931,394.6702,383.2692,369.7674,368.9875,368.3334
442.2283,380.4531,318.0077,408.3088,428.7385,431.0265,432.0676,420.4836,405.8853,413.5756,409.7741,401.8311,388.8394,399.7885,356.6464,394.321,418.0875,411.1793,411.1364,422.7461,406.4097,385.8132,380.5174,374.2678,373.0244,388.8929,383.8141,338.1823,355.3284,425.8147,417.358,391.5882,394.7492,399.2722,400.5886,397.2231,415.7652,398.5858,408.5951,417.7681,418.4431,394.4675,375.8036,360.8364,385.1786,374.5903,389.9796,371.2595,352.5393,380.4069,380.9142,388.1542,396.0159,398.8251,415.1971,388.6901,387.8488,385.4794,380.857,378.2743,373.0052,399.3466,414.3769,418.3966,391.1609,363.9979,363.4824,369.8199,373.3478,373.3412,381.2376,393.2097,398.9097,387.6216,374.1673,381.7793,379.7827,367.3593,367.048,400.1687,422.9749,417.8218,406.3581,405.5181,398.53,377.9994,391.9415,381.9265,365.6963,353.7607,375.091,357.8925,392.2731,426.6128,458.5933,454.9803,473.6908,476.1056,477.6657,482.9324,487.5081,470.1504,405.574,453.6194,498.0519,535.0128,444.8141,406.9215,406.1437,406.744,424.135,443.3648,407.8977,381.8615,382.0298,381.3358,383.7453,379.7001,376.7309,384.0507,367.0059,348.4429,364.4225,372.9755,368.8334,359.7104,363.1907,371.5323
410.521,366.0789,321.3078,413.9213,447.7968,448.2265,445.7501,416.0594,408.4496,429.024,420.6716,403.7376,393.3683,399.9186,347.8629,395.5727,423.4857,413.5173,411.7257,421.7224,419.0611,392.6883,357.3953,356.4063,371.3366,378.1918,374.1678,345.303,355.3919,397.2561,390.9631,379.8652,388.2846,394.2101,391.166,386.3596,404.1805,428.1078,425.3601,420.5406,405.591,392.3752,387.5135,381.6867,365.9489,365.7724,382.0341,380.4749,378.9157,376.0706,375.1306,381.4303,388.2713,370.5482,390.0176,378.2986,358.0976,359.8734,367.2525,362.9782,380.3051,382.8929,387.87,398.2503,361.8448,352.6885,362.7032,365.3581,368.5926,371.6749,360.6374,358.4666,378.6872,381.4319,358.5675,351.828,369.8146,370.8023,369.004,381.0048,392.6461,394.6805,379.0827,378.4828,371.0713,353.2029,389.3983,383.1103,374.4707,359.9925,302.8226,331.7748,375.1858,418.6463,464.9666,482.8253,441.6635,454.4894,470.1254,476.4622,486.2265,460.5297,403.4053,445.1971,482.8854,513.9067,480.3499,426.3419,404.5422,395.6623,422.2926,452.9308,416.9101,385.2846,379.7407,382.7429,396.9152,398.6492,389.6989,385.3179,389.8635,397.4754,386.7433,370.3419,372.5336,383.9636,383.0639,389.7805
387.0573,356.5591,325.8204,420.0652,419.9849,420.8328,422.5651,399.5689,387.6234,409.4265,405.6218,393.6468,400.355,392.5404,331.5028,382.9536,406.4873,386.9177,390.7468,393.792,399.5049,374.0422,316.9908,312.5404,346.9797,361.6371,356.6824,340.2368,339.737,340.9368,334.3142,361.3394,364.4371,370.5237,375.0322,366.0173,386.0893,408.7778,402.2814,394.1128,380.1723,380.5423,380.1814,378.6255,363.7585,352.4345,376.2691,397.3901,418.511,381.251,368.2826,368.9685,370.5889,370.348,372.98,362.6494,347.7396,358.3689,375.5293,357.6846,407.887,385.1345,372.0913,381.8121,348.0472,331.1736,358.0614,376.0074,378.3606,377.0103,341.7719,323.9669,353.2485,352.7797,332.7373,342.2985,360.8069,361.9242,348.4791,353.8802,359.353,365.2274,368.9441,364.624,355.9413,344.5901,380.912,373.7423,385.5042,382.8191,272.6777,349.517,371.9277,395.3114,474.7778,498.227,431.4446,436.0746,444.4381,467.4415,488.095,460.9251,415.7392,430.295,437.3814,439.2419,484.8086,446.4203,407.18,381.8589,421.3736,447.4273,428.3286,411.3237,403.6797,399.0556,401.0551,395.892,388.0259,387.6646,443.3065,476.0812,407.2807,377.2361,375.129,382.7043,379.5246,377.3339
387.86,375.2614,362.5078,396.3978,406.5358,411.4924,416.1239,401.9236,377.5696,393.3931,391.8709,383.6778,405.3965,389.863,316.2454,371.3562,402.1716,388.485,390.097,375.3488,379.0456,368.6129,327.0662,312.9021,349.1246,380.8992,371.7919,353.2833,342.9236,304.2522,292.422,387.8513,384.6372,389.3365,402.5908,394.2621,397.5741,395.5326,392.5599,392.1808,400.9616,389.9493,388.3889,384.5173,356.2455,354.8435,393.463,416.4434,439.4238,386.1018,377.0067,383.1143,390.1945,391.958,388.0593,362.8529,372.9217,393.9209,415.5226,396.2251,433.9973,418.4323,406.3749,410.156,384.0794,370.1011,384.1292,395.1668,398.8648,394.245,387.8852,383.2093,375.1094,347.9071,343.6732,378.9819,377.1656,372.7109,376.2867,374.0676,362.3418,346.5805,368.0059,359.9654,349.7053,342.6527,376.0066,373.6844,393.6981,399.5416,298.086,359.5982,380.2094,401.4006,456.0273,480.1145,441.0752,443.157,447.4039,461.8535,484.2561,477.9579,439.1081,430.7572,418.0641,402.3432,436.3667,421.35,396.1313,376.2699,390.1949,422.3554,426.6906,422.0851,422.842,411.057,398.9632,392.3948,385.8912,381.929,435.275,475.7001,417.9179,392.9086,390.8518,381.8512,373.9909,366.6511
393.9319,391.8492,389.5212,378.7719,375.0188,376.5458,378.5547,357.1567,372.7889,397.0598,393.9079,383.7831,400.9675,402.3012,350.1127,395.53,420.9472,410.6223,395.8,364.7425,363.9108,375.0893,373.5337,363.111,383.334,421.7848,420.4553,400.0516,372.6069,288.4423,260.1943,388.0304,379.6573,378.2544,391.6211,399.5723,397.2894,379.2697,381.7526,386.9837,399.6879,378.2379,365.3978,352.1074,336.3138,361.3716,400.3315,400.871,401.4106,363.3616,394.7875,391.4562,385.2157,403.4319,397.0977,380.1509,397.0047,409.8835,419.8463,397.5254,400.1783,382.7519,371.9201,370.0011,344.5527,344.9666,370.4951,382.7761,384.6266,375.9356,362.3463,365.3692,381.392,380.5335,368.1493,377.6141,370.2891,340.7121,356.4921,368.0152,369.5098,358.7826,369.9242,359.7233,346.5626,337.2359,377.8227,361.1548,377.5694,389.0458,366.0655,428.6975,415.5849,403.221,434.0152,445.9514,453.2122,459.3914,465.5221,482.5419,494.924,508.2327,442.4535,434.4931,432.3128,427.633,404.1646,411.7632,401.1962,377.9131,366.5239,409.1268,418.0335,409.1303,411.9877,405.6473,390.0231,378.9536,373.6132,368.0901,392.6881,412.8081,390.8917,383.0452,367.8524,353.4678,346.4474,337.6419
343.2957,352.3679,361.0521,358.4348,384.126,379.0659,370.6331,364.5043,359.4421,372.8755,375.4522,374.2751,383.1835,401.0302,358.7032,376.634,393.0026,389.5197,367.6685,332.1066,341.7644,362.4262,365.1133,346.0349,354.7278,387.9976,385.5857,373.2718,346.3762,255.636,225.7345,355.6136,360.3884,366.0203,369.3563,362.146,357.7869,354.8449,346.8109,340.2704,337.2082,313.4354,302.9956,292.0371,278.9188,322.5858,341.0665,323.545,306.0235,322.4811,338.5124,330.0434,319.7222,326.5217,345.7904,367.9909,401.3718,412.8251,418.1688,366.6045,334.6089,349.9639,378.8477,407.713,370.2176,333.8685,344.5043,363.8994,377.9745,382.1243,344.5443,307.7093,303.3297,310.7923,298.7953,291.9185,331.462,339.0401,356.9908,363.1138,357.015,338.7992,353.0057,336.9831,321.4067,321.961,369.8234,354.0153,369.6812,386.9872,420.9904,477.4057,437.8869,399.2633,412.2359,449.4282,452.9432,457.0301,461.1923,498.0927,483.0742,493.7001,426.6367,421.2918,435.096,449.5002,422.6923,404.8283,388.3994,369.3157,383.5821,432.894,423.1665,402.1066,400.6791,388.6729,367.0264,352.7903,348.5405,346.3177,345.4247,363.5047,382.0883,367.8448,347.2533,325.7456,321.8459,313.4949
333.5011,359.4175,385.8216,447.3661,483.2182,477.1931,467.0986,450.792,414.1,404.2977,397.8671,390.5996,396.1133,440.2722,436.296,438.2858,441.6162,438.7939,407.5195,417.5556,478.8986,478.5014,422.2178,369.9229,353.6788,355.4014,342.1433,331.1263,326.584,279.1865,258.563,373.4956,379.6634,387.7536,398.1422,391.4344,380.78,445.0221,433.2095,423.9924,419.3237,373.6849,377.2863,378.195,350.754,354.4849,370.0949,357.3727,344.6506,362.7568,395.0754,389.7029,381.4211,358.5725,350.7578,371.7953,373.8824,386.2562,402.5221,376.6628,356.2997,342.7747,376.0419,430.2939,435.8514,410.5557,382.5702,369.6182,367.5215,366.6178,362.2104,364.562,378.127,361.2313,322.355,348.4602,415.112,433.5621,429.5003,411.6781,388.9486,381.9482,420.9821,388.2137,352.8933,323.4921,349.5552,333.1903,347.1773,363.0414,397.8298,457.4494,427.0201,397.1445,399.1833,452.5521,458.2148,450.3095,441.7841,495.8421,480.0219,487.5846,434.622,429.1083,454.8895,485.2597,463.5208,374.6426,339.625,333.6238,383.9595,430.3079,431.4636,414.1555,395.6699,394.159,396.8717,382.6385,370.6279,369.6046,387.5523,410.0375,391.6352,361.7446,346.646,335.9245,349.4313,340.0764
445.2858,436.0561,426.9537,490.5873,504.5525,494.3471,482.0872,474.6085,440.6997,427.3563,423.9222,421.5694,414.5222,453.3888,500.8344,502.5514,496.7843,496.7226,470.0838,467.2099,509.1765,521.9539,501.1627,464.9154,426.4289,403.1943,392.6621,393.898,408.6841,392.0699,363.5044,424.4351,424.3218,430.5945,442.5365,432.1205,442.5482,486.5197,469.7224,460.185,474.1407,425.6024,441.2659,455.0939,446.7906,416.7034,420.7237,420.9621,421.2004,422.7262,444.494,437.6209,428.4979,430.3304,440.7268,423.4374,399.0873,400.5061,408.4925,447.8242,396.8504,360.6838,391.1628,442.238,438.8293,429.8285,412.7656,389.0645,371.214,355.0504,405.5005,450.9698,429.186,409.1094,386.8252,394.0836,436.9328,440.6911,421.5508,406.9084,404.9207,437.5693,465.6402,442.3532,411.5884,374.09,403.4768,336.3168,335.54,335.3551,349.04,452.499,430.3981,408.5121,399.0152,459.3607,479.5262,464.7171,448.1953,511.5561,498.5839,495.9055,460.2716,437.6257,462.419,498.0143,477.819,386.5601,353.6555,351.9758,384.8588,395.6898,405.205,402.112,382.9525,400.8323,423.6075,411.3588,397.3283,395.1638,396.3651,406.8654,401.0674,370.3392,362.4626,376.7405,402.9153,399.938
453.2983,436.752,420.1013,442.2675,397.5673,388.541,383.7043,384.2871,380.5702,398.4494,400.6989,397.7583,403.127,434.6001,463.2863,469.7269,458.4437,442.3025,420.5763,403.2384,395.1063,402.5579,419.9462,422.8107,410.7712,414.4602,418.3228,399.243,409.4539,406.1017,365.2393,395.3629,387.6723,396.4908,418.8966,391.6192,408.3922,413.3369,402.3424,398.5464,423.8189,413.5167,416.6997,419.3988,417.1325,421.8563,412.787,421.0065,429.2259,409.5972,396.9576,397.2642,398.5222,414.193,449.661,436.7874,397.2083,393.2133,399.1004,452.2561,392.1393,347.2461,336.3987,329.6187,349.8341,374.9491,374.1512,356.8066,337.0222,289.2157,297.8679,334.2126,322.0304,344.8948,377.0424,371.7046,368.8379,357.4427,344.4929,318.924,307.9166,334.3053,360.254,359.7158,362.3293,383.4904,416.2158,369.7476,364.6196,358.0397,347.0198,420.2753,402.6921,385.7004,402.7953,484.0165,469.632,474.6952,480.873,528.7581,511.3609,472.6211,442.3554,431.0913,442.6389,458.9685,434.4395,367.113,342.314,338.9532,394.1121,393.1588,378.0953,376.1238,370.1573,382.9526,406.1728,400.151,384.5349,383.4505,383.4519,392.7819,392.1057,373.0939,370.7245,375.4033,398.6396,400.053
413.0064,395.9238,378.1754,346.8175,306.436,314.5383,327.6665,326.4487,344.3879,367.5189,364.3148,354.4025,372.2088,370.5438,400.5565,381.1235,365.8051,367.3651,328.6658,308.986,268.9099,258.0938,297.9951,324.1531,347.6428,381.122,392.8138,378.6005,366.8489,358.2618,344.3031,329.3022,328.1102,330.9663,317.965,283.5476,348.3193,318.5905,317.533,320.2079,335.8982,320.621,308.381,296.7391,294.8189,338.7141,354.3934,367.1746,379.9558,370.7264,357.8012,344.381,330.9353,353.9724,402.135,376.8565,361.6923,364.6625,370.8504,385.6189,343.3261,305.7658,305.7779,317.8453,293.4416,296.5409,326.0164,334.5129,328.8877,301.3367,273.7925,256.8171,232.6877,262.3939,329.2056,336.9943,299.3871,265.8125,266.1667,242.816,231.781,268.8979,333.4117,331.3726,330.6606,342.7008,379.7084,376.728,377.0631,377.238,377.2288,387.4622,349.0815,312.6601,389.1677,488.9128,475.1734,493.7986,514.2158,482.0435,482.4952,436.9029,422.7443,435.6355,456.074,477.3287,435.4703,385.9828,369.6261,364.764,433.3417,439.0848,379.1433,354.5663,357.7615,365.0597,377.2198,372.7727,362.0806,362.1365,362.654,366.9893,369.2591,365.6017,362.6073,354.4513,351.5724,345.3377
392.0613,380.0781,367.8559,363.4539,368.7542,370.5042,371.8181,370.6494,377.6777,374.2991,369.4994,365.0055,359.1478,367.8181,387.251,359.0896,346.4966,352.7374,352.8305,379.407,330.6798,283.2583,290.8194,297.1237,321.8938,362.6143,373.6733,354.2399,332.8423,325.8402,328.4373,312.2733,320.0408,325.865,301.5881,264.3343,352.8221,344.9711,352.5809,358.8751,357.8283,349.6336,325.9901,302.6313,287.6532,352.0806,370.0987,381.3801,392.6615,372.0616,386.43,384.6681,381.5439,387.7834,399.2694,366.9023,380.5171,381.8458,377.1106,358.6373,352.1961,346.8458,358.6767,379.0902,342.5576,330.3617,360.6482,380.3912,388.1726,380.4223,356.471,337.0403,324.9767,322.1574,336.9163,344.3162,312.5887,289.534,314.515,316.4993,331.808,369.3461,372.2838,342.2048,317.9844,315.1194,317.9919,352.3135,363.9973,377.8113,405.3097,379.3521,333.8816,290.1139,344.4883,462.7166,452.0866,464.7054,478.6765,449.9444,440.9971,453.5131,455.9296,480.7985,494.5921,504.2614,444.6789,410.3401,416.9291,433.0827,461.1024,471.3255,404.9879,363.7787,363.9475,351.0452,342.5177,348.4693,355.3799,361.3801,374.6026,384.5325,377.0604,371.644,371.4044,361.8013,339.1056,321.9926
411.6313,414.4302,417.1542,423.2891,431.8419,417.8083,401.446,406.5759,401.6589,410.0879,407.5898,401.4581,397.4832,431.4798,450.5705,444.4784,438.6981,436.1196,479.7619,511.5826,394.7725,309.3304,318.0684,338.3838,370.5501,407.6407,421.6048,402.1056,383.119,362.4713,365.2563,396.7979,392.079,380.4614,335.5904,300.062,388.9039,379.343,402.0436,418.6531,408.7515,417.2087,409.9505,398.3584,345.1239,402.6222,429.04,419.5529,410.0658,405.9571,425.4064,424.905,422.8,417.5619,424.2638,407.9388,420.4514,433.89,445.7245,431.664,397.9437,409.3031,409.4318,395.6265,388.4292,381.8713,392.8261,399.086,392.8737,407.2892,416.5965,401.3824,382.8943,385.8256,398.3588,386.8633,358.2656,328.7293,348.5728,392.8618,416.0328,406.1997,416.6799,362.3365,323.5545,338.996,340.7747,348.7538,369.2672,389.9321,410.0522,406.9962,364.684,322.7487,302.5375,462.6079,460.7056,473.5413,487.3452,457.7194,432.9025,491.6384,499.5254,513.2328,516.3152,515.7773,464.0559,419.5825,421.9922,439.8299,429.6521,462.272,430.9785,394.6775,392.1558,370.7404,355.605,344.7544,338.5326,350.0587,372.827,394.3786,390.5616,387.3648,379.9626,354.1892,354.193,354.4082
403.0618,405.6011,408.073,424.0287,422.226,402.5934,381.2809,402.9431,371.1651,400.2696,400.7665,390.0569,380.5208,421.6993,447.2795,437.8047,437.0164,445.2994,443.1607,407.8409,350.7758,319.9721,312.1193,330.565,364.6537,392.7101,403.2456,388.1208,375.2032,365.538,372.8956,399.63,406.6865,397.273,338.1346,298.1752,377.1693,387.3072,400.5699,408.5288,393.3982,394.6175,384.8977,373.1511,340.542,339.5067,363.4177,366.5367,369.6557,369.5087,389.3697,377.8365,363.845,380.3376,398.7723,403.1616,436.9135,442.5068,439.2736,427.5209,395.0242,418.9557,420.7569,401.2459,402.9151,392.8023,366.2538,353.1876,350.9674,372.9119,385.2123,367.5601,348.3129,345.0047,352.6112,352.8864,368.1484,380.2094,372.2098,386.165,380.9594,346.075,344.9806,327.6868,323.4418,368.9725,395.9249,318.1991,336.7332,356.3491,389.7332,465.5763,430.6335,395.0851,324.6383,453.9513,447.7189,455.2822,463.7301,473.215,425.3249,478.3513,513.9321,518.9542,511.849,503.0228,468.0819,406.2864,387.4889,388.6909,382.0989,429.1544,426.875,398.1247,383.5772,365.7297,347.2467,332.8528,332.7444,344.8727,361.8346,376.6405,372.8467,359.7108,339.5324,322.1111,345.0613,365.0496
410.4734,405.1919,399.7193,423.0857,407.9997,397.3995,387.5712,404.0625,368.1224,380.0552,380.5807,374.9956,353.4567,390.4489,417.1807,403.0056,406.2122,424.1573,409.3742,317.5416,319.772,357.4818,348.3693,338.6729,333.0389,339.9454,347.4724,345.1241,341.6402,342.1925,355.9096,368.9389,366.8552,363.7895,338.8099,299.6835,357.4773,375.8412,381.1346,387.5408,396.4442,386.7406,368.6152,350.011,326.5134,312.0363,329.0946,346.2633,363.432,362.8469,376.9576,360.3116,341.2749,353.7902,375.3384,359.6463,389.1899,388.6411,377.6608,388.8823,370.2469,375.5689,371.5648,356.615,356.0085,352.838,327.3927,314.5051,318.2123,327.8252,346.7126,346.9214,324.0565,320.3489,333.1575,337.5962,356.2985,386.0531,388.3271,372.174,364.7132,377.7135,379.9474,349.9171,329.8471,348.5492,365.1569,337.8716,342.5634,345.4678,341.8284,430.1325,410.3097,390.054,344.8502,474.8057,410.9439,415.3964,423.5692,484.0998,443.8517,458.6345,471.6525,470.412,479.1113,490.948,464.6718,421.3553,374.2916,326.4117,379.6868,428.6561,414.2996,389.7975,371.8832,357.7974,344.0085,334.0008,338.5454,352.1166,362.2105,369.1286,368.6331,360.8668,352.7184,338.681,343.252,356.2552
387.6865,384.0984,380.3356,401.2199,387.5916,374.4995,361.7426,377.5253,356.1805,341.4624,339.6056,340.1952,332.2841,351.5614,374.1903,362.0442,364.8743,382.2206,354.7647,279.264,292.5188,330.8353,330.6708,321.8785,312.1414,314.5132,321.0358,326.0883,323.8442,325.2593,327.7193,309.4886,324.2534,340.4854,346.23,322.7915,325.3987,342.2936,348.8604,358.6689,376.6351,354.4382,369.9948,378.6978,316.843,356.0466,342.4033,352.8486,363.2939,360.8918,363.4977,349.6866,334.6099,363.008,379.5505,347.8417,367.0733,364.4277,353.0256,369.5921,334.9726,329.4288,331.424,327.5833,342.9467,330.7352,313.2056,316.1594,325.5862,319.7142,320.2265,328.4859,326.0475,337.0653,344.0457,328.4014,330.8044,358.3285,385.925,391.5832,386.1783,366.0024,368.6786,353.844,339.737,332.5438,337.6651,319.6824,326.3577,327.0919,289.1713,384.4196,372.0194,360.1878,381.1244,426.772,375.7223,394.3242,416.5801,484.3029,461.9352,473.4115,467.5265,458.9579,466.7928,478.6317,482.8894,449.2233,394.6703,336.8675,399.6662,433.0355,405.0387,384.9964,375.2392,359.7467,350.9258,351.3366,350.8579,349.7704,351.4542,362.8601,364.4209,357.507,360.8965,344.6585,351.0932,356.2056
386.1363,381.7517,377.2145,388.8083,402.9602,377.1763,347.2927,355.8709,362.0318,385.7943,374.2216,352.674,344.6068,360.323,376.9952,371.6194,375.0999,387.3471,354.6016,329.1388,336.2448,340.0756,335.6686,319.8363,324.9892,346.8958,348.2607,345.8898,341.0916,342.5092,343.9733,321.1647,303.6462,309.0998,359.6633,363.534,319.8701,342.5155,345.8903,350.9649,362.5437,366.1053,390.1917,403.2876,303.9512,378.5531,383.6709,385.529,387.3871,357.0545,331.3081,331.5744,333.7915,360.2263,366.4085,337.6757,363.8375,370.8951,369.8225,371.6671,320.6548,312.0923,324.6967,335.5729,346.5702,345.6967,345.6124,338.4876,322.5589,323.9655,329.5937,324.1057,317.4256,329.2988,336.0084,315.4395,319.9215,345.1129,368.2606,378.4317,379.0587,360.6355,351.5408,344.8163,336.5586,326.8414,339.4191,368.8363,370.4065,364.3417,305.0778,380.1483,355.6923,332.0759,356.8511,453.937,384.5022,397.1549,414.1863,487.9899,475.0663,485.8851,465.8608,461.6793,470.3347,480.9741,482.0314,444.2498,408.0589,377.7099,395.849,441.6563,441.4381,424.8559,416.3582,398.3294,368.309,363.6419,368.6011,355.6142,352.2469,364.933,368.9543,360.6231,343.265,305.9948,305.8798,301.431
399.9948,393.9417,387.7057,401.7598,418.0654,388.5782,354.3962,354.8226,353.1328,389.0247,381.5407,360.9586,370.3847,390.0398,402.099,403.5206,410.5394,422.0084,383.1945,373.0123,392.2548,399.8732,403.619,371.5639,363.943,404.9342,416.8443,407.884,403.7223,391.5129,370.5928,369.9332,357.1387,346.8397,355.8113,394.0254,417.8074,438.265,417.9012,398.1867,384.51,386.5494,383.3133,375.1676,319.3297,380.1136,389.0955,388.7312,388.367,388.4774,363.9114,364.3188,366.7154,363.9027,383.6713,342.4332,353.3096,364.9866,373.3455,379.7656,343.1266,342.7975,355.0092,363.4843,367.726,372.9157,381.4828,375.2563,357.7284,353.4797,355.8128,353.3304,350.5147,345.2825,344.0929,356.5185,358.6447,340.2871,341.0108,358.5518,370.3371,371.9086,375.2865,359.3663,349.9235,361.3058,360.9753,368.1725,370.1942,371.3926,368.9667,401.55,375.8698,350.5336,345.0242,514.2653,425.8412,419.5221,417.7081,472.3278,463.8311,475.8673,493.0757,484.5232,483.1306,484.937,468.2041,445.5946,427.4142,411.0034,382.7321,456.9072,471.438,443.6678,434.5793,409.6403,375.3174,369.0818,372.9549,362.9102,366.2097,392.612,399.1607,365.8964,332.8865,307.2784,306.4431,305.1689
401.0183,404.3897,407.7736,427.9734,418.0125,413.8622,410.5493,395.072,382.9336,409.4572,397.2085,373.0964,388.6386,406.6318,439.554,432.3042,430.4423,441.9134,420.8724,405.2122,417.4048,425.1667,422.9474,401.451,388.5977,418.6689,431.957,403.616,388.9894,386.7909,370.6198,360.9974,370.7012,376.4532,376.0303,390.8148,433.2107,479.1416,455.0663,428.9016,398.3322,397.5355,364.8654,332.8637,312.6126,358.0895,386.351,386.8877,387.4245,382.4154,401.7061,398.5124,393.5191,381.8795,362.6265,355.8066,380.003,387.7027,389.6945,378.0335,369.3558,379.8736,385.7346,386.5194,388.0487,386.3099,383.1229,369.8619,349.0083,362.5114,379.1111,372.412,367.0849,354.4391,354.3095,374.6682,368.9811,349.5154,348.0055,349.5912,352.0397,362.9044,377.0404,352.342,337.7003,354.8917,350.6502,356.0343,373.5664,383.8257,342.3374,416.2301,386.0309,355.9503,332.7082,437.063,418.4357,411.9998,406.3497,454.4027,450.1358,469.9066,480.7783,493.0342,499.3654,503.9988,465.9449,448.2423,448.4956,451.0189,420.2279,472.9001,478.3355,431.9047,391.2511,366.9579,358.6862,367.0277,373.6745,365.4311,375.5365,398.7128,396.8546,377.0504,373.7089,382.4309,363.4398,354.4376
413.5068,397.2092,380.6306,413.6076,392.4769,400.5777,412.1133,403.5323,390.6688,384.5414,390.7299,399.6414,387.8022,425.3822,435.7078,423.6951,422.9135,428.3836,403.5134,396.5966,406.8136,404.3541,395.7053,382.9395,388.6705,410.8178,410.436,391.3814,369.7929,351.2146,343.7789,344.9219,360.9269,378.9622,394.464,393.6222,414.4839,461.896,438.9235,420.9752,419.2184,371.1114,348.4687,328.2159,335.7839,357.6848,373.8615,372.4161,370.9706,367.661,371.7233,368.1765,364.024,368.2372,363.3374,363.9573,392.04,401.2335,404.2476,373.0332,366.9133,408.3939,415.8335,401.7737,400.0097,388.1134,370.6118,343.9161,308.5008,350.4371,401.1951,388.3866,365.5671,366.1277,386.8822,383.3062,368.1685,368.0596,369.3847,365.4163,357.5217,354.2502,375.0636,361.5437,354.7853,366.0236,349.9108,349.0649,364.6768,378.315,376.679,392.0207,369.6679,347.6321,343.8676,410.634,369.8579,382.5549,398.1031,450.2899,472.2018,471.8967,476.3908,492.1718,492.1578,487.6531,462.0997,448.2385,444.4591,442.0524,406.0824,422.5469,429.9195,391.2911,340.7794,352.7973,385.1869,391.321,392.3387,389.8651,394.0528,409.0047,415.8308,426.1263,464.1416,476.6876,455.7119,430.9552
392.7308,379.5606,366.1677,403.1731,399.6258,391.6983,383.6608,381.0185,382.1624,405.2681,410.2341,409.4406,369.7123,409.6293,421.9035,425.3461,420.4903,407.9514,377.8964,377.2588,384.6934,375.4192,363.3234,362.5997,393.818,417.1164,405.497,391.6836,372.8422,356.5735,346.423,332.1559,342.2647,363.9583,395.4174,380.581,374.6149,400.0702,403.0096,408.5834,416.9924,371.1862,359.4164,350.0322,365.9182,357.3547,357.0712,360.9738,364.8765,364.0509,369.7169,371.9764,373.9519,387.3839,414.0176,393.9127,406.6586,414.9056,419.7235,409.2053,391.9509,429.6178,425.4756,392.5389,387.0701,382.5901,362.4526,332.6729,299.3981,338.5455,394.1768,391.6413,373.2621,386.6375,412.3323,383.2296,351.6809,361.4788,366.7356,365.9353,357.9398,347.194,365.6693,362.6713,362.4858,364.9342,337.8669,330.7306,339.8501,347.7958,349.1255,385.4746,358.7755,333.5864,395.4224,436.8654,355.235,372.5777,395.0926,452.622,478.1109,492.8272,492.9633,507.0704,496.6667,479.2303,463.9856,452.463,436.56,418.4542,396.2117,404.9493,398.3303,362.5457,320.6967,336.5932,376.048,375.9438,366.9432,368.8604,360.9872,365.5376,388.3624,393.095,404.2645,415.4177,415.4285,397.9575
338.5528,342.5884,346.7052,366.9558,374.9604,377.4289,379.4333,369.5117,381.0038,372.5313,389.7319,414.754,383.1211,338.0494,374.9814,401.2096,407.1829,412.7401,393.4496,366.0403,363.5907,366.5209,362.075,356.9402,357.0195,372.1992,382.8734,375.6902,359.7917,339.2287,338.2457,342.0136,331.9866,318.1364,301.4781,310.9903,348.0389,373.4769,379.0014,383.4017,380.0771,367.2679,376.6525,382.6651,353.333,364.6858,371.0628,370.037,369.0112,382.088,386.9706,389.2313,391.3265,394.124,388.8931,444.4188,418.9509,416.8971,425.8028,421.6443,406.7161,407.6492,408.7262,406.5668,387.8391,382.6283,386.671,377.4284,360.649,324.2984,337.4454,378.2758,384.1217,386.0057,408.5611,432.8856,406.7604,390.2556,397.0671,395.269,393.4581,386.3809,373.7701,384.644,388.4772,374.4953,388.3194,368.8852,362.46,356.3516,353.4797,357.4639,380.39,401.9753,346.2778,380.0213,479.5444,460.1158,434.5842,401.7472,383.3429,456.5831,475.5455,490.8044,483.7664,470.6583,472.7544,445.9984,430.8254,425.2272,406.8742,412.9935,425.0709,417.5884,401.513,346.0154,325.4708,348.9408,361.3844,374.2491,377.5379,366.8474,370.6698,399.6632,394.7118,350.6978,342.7664,338.1127
323.7143,322.7922,322.0763,365.4209,377.9152,373.2563,367.1018,355.9539,362.0682,343.1916,354.4811,374.9492,341.5614,327.455,360.5646,374.9702,376.4263,378.6877,370.2386,349.416,343.9085,345.0236,340.4514,328.3986,326.5425,348.9321,363.3321,358.9774,347.1089,332.2676,329.8813,330.2752,336.71,327.0451,294.0618,308.166,346.4077,368.9788,372.84,377.241,382.664,379.4008,382.1161,381.2181,343.896,371.882,368.7836,374.0096,379.2356,381.6035,377.3627,383.4591,390.3646,390.8329,380.0686,404.4842,401.3156,400.474,402.1063,381.7171,391.7112,413.4048,404.9353,383.2911,369.8245,367.8066,364.8672,354.6006,341.4795,321.0937,332.2247,345.4345,324.7568,327.3792,358.9785,370.9967,372.6531,395.325,397.2631,391.8563,393.0414,404.1274,402.9428,407.7925,404.9113,380.0305,383.6818,388.1531,385.9691,382.454,367.9862,361.2495,384.4812,406.8304,378.3199,382.0282,467.0785,469.2447,467.1093,453.5402,331.7593,437.7585,465.1648,468.6759,469.6689,470.1556,458.6364,467.9297,450.419,418.5231,406.1366,440.9398,483.5827,477.5776,444.6383,349.4296,324.2482,354.5735,353.414,363.9357,363.5461,355.8977,358.5028,376.3118,378.4091,339.8051,337.5288,338.1332
321.9832,339.6159,357.5134,342.4189,375.1268,367.3365,355.0147,364.2587,369.1015,344.3931,350.7301,366.4514,335.3247,328.0381,345.5885,349.2956,341.3515,331.674,345.0832,346.6454,341.1095,340.8315,339.119,326.4962,321.5643,331.4258,339.6469,350.669,345.2167,327.2872,332.8719,346.7324,358.9078,348.8825,302.2609,308.0726,346.9917,372.3785,371.6734,369.9882,363.7671,361.1208,371.2922,378.2032,349.2109,333.2672,333.9988,356.4239,378.849,352.7799,340.4544,348.7437,358.5372,367.3265,352.4821,354.654,360.2879,364.7233,368.8799,331.1038,375.7294,401.062,388.4396,368.5961,357.1649,357.9139,338.3423,303.0272,268.1327,293.1999,332.2767,348.2982,376.4662,371.2153,349.1746,352.5536,359.9931,374.9587,366.2102,355.6877,351.6461,361.25,367.747,376.6535,378.9099,364.9166,380.9589,370.0785,359.7999,349.9008,346.4805,377.2562,383.26,388.6924,361.1878,378.2335,464.972,490.5442,512.9289,458.9588,384.0133,414.2903,461.2433,434.925,450.7801,481.1763,436.5218,456.2164,450.1109,420.736,403.4608,438.9235,458.1459,442.9742,421.5839,366.064,345.847,350.9726,347.1771,360.5898,356.0134,345.9668,364.2638,388.3104,386.0092,358.9049,350.7912,346.8769
337.9196,344.9384,352.0766,319.1856,372.7184,378.9142,379.5734,381.8545,391.5748,357.013,355.1446,364.0459,365.0846,337.8672,352.6398,357.9868,354.7589,354.0188,351.0466,342.3855,343.8105,349.6829,351.7148,349.7169,342.6498,337.528,342.9051,356.6291,365.3549,363.6111,358.7187,358.4529,360.5321,354.6237,336.1306,337.3468,352.214,372.1376,374.4214,377.5764,378.2442,347.1677,369.9703,392.0352,400.7374,333.3843,350.7185,346.6249,342.5313,346.872,331.4113,345.8388,362.6101,345.5514,342.9464,352.4481,349.2326,349.8352,352.1881,336.2387,366.2843,376.9149,369.4049,360.6855,367.9738,371.7204,348.6883,324.1026,307.5655,366.0592,405.1349,400.5549,431.3194,408.0175,362.5932,364.0959,364.4992,368.1677,347.5171,346.8015,349.3105,354.54,351.9651,363.1442,366.8308,349.9777,360.622,355.6275,347.6939,340.6972,344.1015,371.5202,368.6948,365.9386,367.1679,383.094,466.4561,489.1858,508.7578,497.161,480.563,422.8232,425.7755,428.8294,457.6968,493.6981,490.1929,460.2643,430.2909,402.2921,383.9396,373.1402,375.3098,376.9399,373.7363,354.2678,345.0475,323.4829,311.0943,338.4163,352.6706,357.2632,384.8858,416.6806,395.873,348.5718,334.1345,328.6141
373.7204,372.2778,370.8341,339.2834,415.3271,420.3481,417.2472,401.3394,419.4606,398.3144,392.6724,393.4859,404.2904,371.2896,401.433,424.8686,416.8131,401.8739,388.2451,365.5476,372.79,390.2521,395.1055,402.2485,392.6935,372.501,372.4984,385.3495,393.5895,387.9223,371.6692,362.0048,362.0392,356.784,346.5104,354.0357,359.5279,369.2801,367.0612,368.4445,383.3306,376.6954,393.2477,411.144,436.8351,350.6391,345.1224,347.344,349.5656,354.548,362.3389,376.4213,390.9701,382.3944,390.901,384.3434,365.1868,362.625,364.7376,364.6418,389.3419,396.1106,390.7802,384.9473,377.0576,382.0394,373.6032,359.2477,350.9236,408.4573,425.0805,390.3354,396.0702,398.7191,420.3628,424.1546,380.0309,363.9961,354.5627,379.1887,389.0671,366.449,356.4122,367.8347,369.5879,344.3941,353.5742,347.8571,347.5678,347.9339,355.9773,384.8279,384.9767,384.9151,372.7318,386.6838,449.578,462.5533,472.9381,471.4348,537.5444,439.2761,430.3075,442.4631,465.1043,490.3975,535.1946,471.4607,435.7554,428.0415,403.4932,408.9142,416.9806,410.4607,401.4997,388.3853,362.837,308.5869,295.6124,344.4337,375.8564,384.7504,404.679,431.3195,409.5361,359.4818,352.9303,344.4728
342.0947,348.2119,354.3126,331.2489,364.9357,354.0346,338.115,344.3646,385.7772,373.5923,369.0345,369.6918,361.1536,370.0601,388.1229,403.7514,399.9632,387.2331,384.7181,359.8574,364.1524,381.5809,382.1871,384.2365,368.3322,344.0238,345.3537,362.4951,373.6598,372.5671,369.7104,366.4656,349.3316,335.9771,342.4153,364.9911,360.0518,376.7968,370.3151,371.1959,403.797,407.3055,394.6831,384.3523,396.6208,359.7427,345.9379,348.0999,350.2619,359.3405,336.2006,341.3241,348.7162,350.4124,364.1552,375.7807,366.5714,371.3021,380.6357,392.7657,380.4251,406.1229,408.2208,391.1926,363.1492,347.6864,355.0947,355.7843,346.1105,358.0662,351.8481,332.6885,335.3519,361.4613,416.6447,415.2304,373.8542,389.9516,394.0169,412.5683,402.0806,347.5861,358.1339,376.9731,383.7455,352.7391,355.6111,376.8845,375.1212,374.5609,385.6125,409.0991,410.2604,410.3914,351.1382,397.124,413.6088,424.7771,435.7178,426.0615,507.1788,463.9334,437.3805,441.8204,458.9274,477.9035,514.429,459.1103,443.1168,457.1446,439.696,455.4509,462.1933,447.8362,433.5607,404.6336,371.4261,312.4376,292.6123,342.9504,360.3916,358.3028,379.4209,397.5851,391.7991,353.3816,344.6018,343.1152
327.3965,341.2719,355.2075,332.3432,319.7704,302.453,284.5546,297.1661,341.921,356.9968,359.7665,361.3557,341.0392,376.4314,384.3672,386.1415,386.8602,383.882,394.0385,357.2878,325.7222,329.462,337.5991,339.3828,321.3086,297.1375,289.0749,289.5953,283.8719,285.3255,314.7588,334.0555,326.8413,315.2673,304.6173,318.1345,326.9453,357.3063,350.2325,351.7575,389.9382,391.3347,370.2243,350.3692,344.5587,338.3167,353.3298,351.3393,349.3488,329.2704,329.4032,334.6817,340.2698,337.7076,362.4847,348.1382,325.0485,312.5486,302.743,335.5779,332.5193,333.578,328.1096,315.7119,302.385,280.1139,325.0831,350.0311,326.4906,309.0852,285.57,276.8875,294.1819,314.5677,342.4522,350.6881,349.3374,351.7667,320.8567,351.8766,363.8107,344.8779,362.0211,379.9081,386.5182,356.6211,357.0546,388.6282,372.4089,357.8187,360.9802,403.1466,408.0554,412.8967,413.8474,417.3164,460.9155,465.1775,467.3958,436.3611,447.3209,488.5909,467.2262,440.725,458.9583,487.9969,498.4631,474.2844,466.4695,469.4147,439.3437,447.8145,460.5369,453.1308,442.5502,411.5514,380.1236,330.2974,306.9365,340.6008,347.2159,333.2504,348.7141,370.0827,363.7335,349.0729,340.4121,339.4439
305.705,323.4851,341.4363,314.9733,282.2682,283.9123,289.1018,336.2825,305.0295,330.0614,336.4618,334.1689,332.8459,361.8375,375.2036,390.995,396.4262,393.7726,397.1454,357.7396,335.2764,333.1335,320.0618,301.5891,292.6181,286.33,280.43,291.5927,273.789,249.6194,280.9461,300.0204,300.354,293.9484,280.5488,289.0525,292.2221,288.1828,283.5102,286.8605,323.8634,325.3823,320.0356,314.6571,309.7052,316.9697,322.0183,326.1695,330.3206,308.9973,289.3598,292.1169,296.5624,267.1995,265.9455,287.0574,291.4232,309.0852,331.1834,337.1507,305.5366,334.2359,351.0862,349.5849,356.4669,316.8543,319.1659,342.6974,347.2662,307.7871,269.9727,285.3009,317.2349,331.3741,348.5644,349.7346,310.019,322.7535,329.8969,309.1827,287.5281,288.0621,341.9579,366.645,380.2988,358.5785,362.9533,374.0386,344.229,320.4991,349.8063,383.8967,382.3966,380.4848,354.8514,382.4736,499.821,501.7658,497.7538,452.4509,433.6106,446.0146,479.8321,434.5667,451.1806,487.7575,493.8609,469.6321,454.6991,446.4946,429.5923,439.3655,449.0001,428.3765,394.582,355.8432,332.784,314.9446,304.8945,313.6837,307.1056,290.004,308.1448,351.3255,362.1198,349.4933,344.6877,346.0211
314.091,325.4766,336.9045,326.3608,351.7825,355.8966,357.54,378.0876,292.8584,320.1141,324.9695,316.8285,322.5871,350.0235,385.4319,428.4491,433.6137,418.4404,398.9384,389.6683,374.6683,346.3803,315.6712,293.7467,286.6333,310.574,351.5331,380.1641,377.0825,343.4344,334.8236,329.377,329.0484,324.3387,303.5798,269.6221,252.2919,267.8232,268.7281,276.1723,307.0796,288.4492,281.2942,276.3578,289.4574,199.7888,262.6942,298.7019,334.7096,372.0123,309.3223,306.6609,308.939,280.0704,330.1385,363.4195,383.5185,405.4143,428.1791,382.0702,310.8457,351.6507,396.67,423.1106,438.8458,389.3007,368.9257,359.8731,328.3963,279.9467,280.7457,323.2141,347.3271,347.6719,363.5197,368.7879,322.2927,349.3758,368.371,385.6697,349.0683,254.1001,320.4382,343.9198,360.2102,353.1973,354.6403,330.9081,322.815,315.8698,320.587,343.9454,350.2068,356.8476,385.3549,345.4849,437.8183,410.841,377.6504,367.2275,478.6206,446.8757,479.0976,422.7352,422.2127,441.3815,471.0475,431.7721,416.7697,422.0646,422.7749,416.0475,387.1077,340.163,289.0171,276.3916,283.5049,297.2254,314.5214,320.721,321.9861,319.8686,341.0946,365.4636,351.6266,346.2326,348.8986,358.537
388.9474,399.3626,409.7278,364.3529,400.9456,402.1551,399.0797,364.8427,304.3122,350.9915,358.1702,349.2365,326.5864,369.4955,396.1024,430.5267,446.5178,447.8351,425.956,441.4864,442.806,414.1054,388.9951,389.6925,363.7009,339.739,374.0619,405.904,430.989,413.8272,361.2136,346.4167,349.9998,354.9253,365.8978,379.8075,380.89,383.0134,381.1104,387.5415,423.9754,397.8365,386.1671,377.5387,400.4323,380.3667,347.1736,374.3945,401.6154,376.8008,271.2344,325.1923,391.5525,349.1656,391.4726,385.7668,359.5909,351.0707,347.4593,309.4577,352.4568,361.8209,355.0107,353.0842,364.4988,351.7641,312.8242,321.8174,368.7299,393.9617,361.4264,320.4157,308.1416,290.3999,305.4842,304.5247,265.1477,316.8298,347.111,354.5906,312.1462,215.6483,268.4608,281.2413,289.3088,291.4922,324.9495,281.6181,299.5629,318.5307,339.7767,292.6056,316.1937,339.9184,371.5176,327.6552,387.8634,395.1743,399.6679,257.7828,383.584,430.297,441.6283,464.3689,445.2135,414.7748,440.9335,417.3201,390.3719,371.9741,367.1919,372.0819,341.5885,331.4331,349.0691,378.7682,333.2902,307.1706,346.1637,364.3579,367.1225,347.9264,343.7315,363.8019,366.1935,353.6071,351.693,357.1509
336.5659,343.0325,349.432,308.2779,351.4962,363.9685,372.6148,334.4638,326.9799,339.8357,350.4928,359.8657,358.2206,380.9844,372.3368,392.3135,411.2844,419.607,399.9017,397.739,392.2065,381.4641,381.3622,353.6028,397.5782,396.3282,295.6873,271.1415,285.7992,325.5923,317.8008,327.4755,360.1081,374.0945,356.5988,377.8101,414.5585,431.7016,425.437,416.9284,401.2338,408.0339,414.1317,418.9112,411.4401,442.5153,422.0721,401.9452,381.8183,307.3008,367.3121,400.3542,430.8232,402.4817,411.858,392.1338,346.6478,306.0629,267.7512,323.5193,404.2881,382.8488,334.4775,292.1845,304.7141,281.274,286.4248,348.6286,419.7209,464.9674,440.4068,391.0111,361.7439,337.9618,333.1897,308.8682,290.0612,313.4344,282.1245,310.7,322.5919,310.9734,334.7238,344.0388,346.5588,335.8982,363.7358,339.051,360.8602,379.4682,358.0934,213.5065,303.0372,389.6455,307.8224,291.7951,437.6791,457.8801,471.5056,266.2435,303.2251,352.5488,356.6118,458.2854,459.3563,429.5132,455.7315,432.5284,415.9796,411.9283,385.812,383.6202,393.6407,399.7302,405.8768,408.4178,352.4627,335.8601,370.1544,373.7011,362.2799,354.1092,360.4406,366.8875,381.8669,358.7714,340.0963,327.4909
282.2069,289.9766,298.0552,284.8352,359.5562,364.6549,361.9324,293.0481,312.1213,318.2718,316.3672,314.1655,338.61,339.4217,326.3322,354.2448,370.7441,372.2294,363.6309,341.6472,320.4662,327.5243,353.6191,368.5359,414.4662,396.7245,307.7612,276.2147,287.0075,332.5874,342.9707,360.8401,368.1281,369.1861,361.2524,362.071,349.8567,354.8025,372.1645,382.3119,363.4412,380.95,385.3027,385.5676,344.9511,382.6655,367.7819,364.8253,361.8687,294.1314,401.1325,419.2682,429.9807,327.0862,343.0035,353.4844,344.1981,331.3791,318.4861,362.8115,376.4295,290.6571,279.5118,316.5732,324.4349,257.1983,327.8633,382.9669,345.1147,313.5832,321.4222,333.9062,318.7368,327.8738,346.2676,307.0697,301.8823,318.8347,227.6678,271.8634,302.5648,305.4429,317.0942,325.9772,331.4891,329.6693,341.8181,319.9815,325.5725,330.2877,326.022,310.7211,372.2002,431.2173,348.3352,344.0999,450.9525,454.6312,452.9422,301.5264,307.9084,300.5097,323.9067,453.0562,449.3116,406.9187,462.8403,475.3183,462.6297,450.7337,386.484,407.4763,441.9042,442.1574,438.4135,401.823,339.0656,326.438,338.5991,328.0373,310.0835,314.6871,327.9163,339.7033,380.1781,350.6902,336.233,318.0006
265.2589,283.3481,302.0125,280.6342,359.2883,337.261,304.1324,268.968,294.5683,318.1954,313.2555,301.8516,352.5959,324.0884,309.108,333.5416,357.2073,376.187,372.6503,330.5512,314.3444,342.2098,380.7396,350.6147,308.3617,296.5482,273.037,266.5046,279.737,298.8638,301.4289,322.4876,312.579,314.2989,320.7462,272.6369,251.6926,275.0979,283.9345,291.0297,290.5647,294.7245,289.252,283.8952,278.498,253.2867,259.6275,280.8433,302.0591,321.2881,326.4512,290.3956,251.2694,233.5646,291.116,323.6062,332.1702,334.8746,337.0451,342.6992,345.7443,301.4058,297.7485,320.6542,302.2237,224.4525,256.9565,288.0509,255.713,215.3654,231.0543,278.1523,297.2818,312.0238,313.461,295.4939,312.6461,310.3613,212.2793,249.551,264.5209,245.075,271.8392,298.7745,317.9878,309.8864,303.0502,279.696,279.8895,279.1722,277.0705,345.1791,382.9804,417.9333,288.7216,414.6871,413.1846,385.0005,355.6438,402.086,444.2609,289.081,313.9924,445.6517,461.3963,444.4503,485.8738,485.0619,466.1884,448.9211,421.3326,460.2921,452.2529,413.1763,387.409,344.374,317.056,309.4424,300.7152,295.8809,298.3544,306.8772,299.0755,312.2392,351.1702,334.1197,330.759,324.6362
293.2066,294.9382,296.9915,296.4477,286.066,275.6006,265.2026,258.3779,300.656,274.4574,277.1443,291.4064,317.475,318.1751,300.0368,335.8645,350.9209,342.8753,336.5628,322.145,296.1391,312.1237,364.3148,326.7366,248.9065,234.1973,249.6796,277.1802,284.286,270.1304,265.1565,260.0274,268.6408,270.543,247.6768,217.2638,240.5993,273.5298,255.1553,245.1993,273.2169,278.6353,270.9899,266.0383,290.0428,292.2434,282.917,293.0446,303.1722,310.8402,247.3103,210.6827,176.371,239.8734,278.7319,300.3923,297.5622,307.5267,321.9327,297.8648,323.644,303.3721,285.1075,280.1649,267.1148,259.1792,237.8127,193.6657,142.1827,160.827,240.3204,274.673,262.2687,258.7692,262.2951,262.1995,308.1824,322.3795,217.5426,224.2108,229.5981,233.7003,248.4163,281.0476,305.7975,299.7399,285.7878,270.8864,280.311,285.3941,264.6894,367.1706,366.2952,363.1758,230.7233,426.4907,418.696,403.7808,388.7868,345.5401,274.2998,286.035,376.183,409.5933,419.3269,426.876,477.3781,468.4326,443.3695,422.477,403.2993,425.2817,419.7729,386.1424,353.4304,312.4571,302.44,320.7265,337.5364,356.3508,349.8436,334.01,328.4804,324.9168,347.695,342.1126,341.7089,342.8709
273.3612,300.4732,328.1209,272.5726,232.1521,240.617,253.9315,302.6994,305.8297,287.2952,317.5911,360.8715,306.0171,296.2662,297.1501,339.0759,336.1674,300.2688,271.0169,282.7779,290.2964,297.9397,321.9033,299.2377,257.6909,239.6718,240.5666,267.0327,275.0255,272.8669,274.3766,251.5313,258.8816,257.2304,242.6165,255.1808,283.7269,299.3671,282.184,272.9598,299.6112,305.2098,301.6636,298.8045,304.2239,316.4171,283.4249,290.2987,297.1726,291.3759,256.5287,257.0093,260.2798,266.7113,276.3705,303.4705,308.9931,316.775,326.4816,291.3228,301.4815,301.8773,283.7049,262.9032,273.1296,318.6808,296.0334,238.3918,192.9811,221.9364,292.7718,307.8377,286.867,283.0953,279.2853,266.2878,302.8858,308.017,241.233,261.8391,279.2284,283.4744,275.4203,274.0804,274.0042,279.3214,281.0174,257.6004,277.6787,297.2197,315.6654,367.2387,320.44,274.8429,298.5057,433.0773,424.5382,416.1608,407.9883,387.2242,347.9057,408.5229,438.6591,409.8666,415.2426,431.9066,476.2412,456.8125,413.6073,371.3999,350.4278,373.8494,406.2604,385.3383,333.1873,320.926,325.104,341.2431,369.4241,386.4937,359.1612,322.0432,322.636,321.2509,343.1107,331.2116,323.2637,321.5373
264.6425,293.9453,323.5431,230.3484,233.3548,245.4067,257.5807,297.9902,307.7254,282.7243,300.3203,330.2179,289.4426,272.9067,284.3033,338.3809,333.1092,289.8167,236.6501,261.1207,284.5572,278.055,279.7644,253.1969,209.1149,198.955,210.6946,215.5165,221.1743,248.6141,287.4649,281.9588,262.8459,251.8951,258.7997,265.8506,282.4458,292.3129,285.8387,284.6688,307.2379,313.698,306.4726,297.8029,274.3168,273.6558,279.6058,289.7993,299.9928,289.3541,256.0865,284.7401,318.1738,308.8893,313.5415,345.6552,311.4285,305.0135,309.4745,326.5365,303.7347,296.7135,288.1345,273.1181,307.1673,353.6058,318.787,281.0496,275.4866,297.9276,337.8968,348.4343,335.1245,326.8165,307.3772,285.5876,314.7126,321.4464,264.7492,273.7743,293.4115,320.9772,307.6674,303.2275,296.1176,284.3919,291.4229,287.5796,323.1763,358.0031,379.7698,331.7264,313.1014,295.7938,354.4122,475.2631,445.4498,414.6418,383.9904,401.0826,447.44,445.9174,442.6128,417.6263,413.2781,415.3374,477.7652,453.5932,407.7116,368.5149,333.5783,358.1309,405.2669,399.5152,362.5033,368.5653,367.4077,346.3872,353.1694,373.8629,369.4156,346.4114,346.5123,368.7497,376.7451,344.3776,342.5867,342.018
218.5542,228.0967,237.9951,273.4698,262.0803,278.9047,298.9934,307.5237,303.6297,254.1783,264.1297,291.4748,241.9196,284.4314,329.8982,376.5347,363.756,317.6332,269.6432,294.097,343.1037,334.1002,292.9742,281.9821,257.0742,236.0994,259.9904,274.5865,265.8676,257.2145,286.3289,281.4656,266.0853,254.9224,253.7213,252.7868,260.4588,284.3633,266.9117,258.7495,289.5131,280.2967,272.4651,264.9019,260.1364,252.6778,265.5371,270.7256,275.9141,270.6556,198.6281,243.8308,298.1794,289.2964,326.0765,352.3073,292.8849,290.8983,307.8461,350.483,329.0512,313.4417,299.2466,279.8836,314.9854,311.1248,296.8252,308.5578,324.5132,334.5346,350.9778,361.6218,355.371,349.0799,334.3522,329.6102,348.0403,331.1308,295.839,303.8264,319.4262,340.6744,335.9191,347.46,358.1454,361.3493,349.2807,354.3616,373.0629,394.0828,425.0501,346.183,301.2235,258.479,343.4008,486.7025,442.9099,408.9753,375.796,415.6359,456.1453,441.7013,420.4096,465.1688,452.1736,421.146,456.8004,428.9793,400.3319,383.7115,359.1438,401.8969,413.1497,389.1324,369.5034,354.3085,342.205,312.3394,301.9057,327.7975,345.3572,351.4205,359.6361,384.9977,391.3926,348.4421,333.8493,332.5841
302.136,314.2942,326.7401,340.3545,311.492,331.8272,357.5294,352.4159,341.1214,318.4914,316.1475,319.5339,301.5235,350.6493,369.4115,387.4629,379.0009,352.3508,360.2109,383.5551,400.2895,387.5377,353.3673,345.3589,320.3665,310.5259,346.9533,361.4644,346.3415,311.0517,312.6122,315.3272,319.0787,321.9104,326.09,328.3985,314.873,343.5444,330.654,323.1559,336.5491,319.8449,325.046,331.1861,346.306,336.2202,320.187,322.4802,324.7734,286.3171,202.4524,238.0779,282.9344,310.8781,320.5571,324.3261,273.1758,279.4239,303.072,342.1545,368.757,326.6194,307.3221,309.5575,313.6307,278.784,288.1266,317.4466,328.9919,327.5837,332.3722,338.5211,329.5539,318.7629,319.2353,339.7574,353.7708,342.8461,325.6204,328.3714,335.3686,339.8328,324.4459,345.5565,364.4456,369.9163,358.1124,369.2401,378.6761,390.0195,407.5768,314.2153,270.7689,230.1293,351.2621,462.1024,433.737,409.5461,385.7569,437.1093,483.1237,452.8083,383.9106,398.201,410.1683,416.7581,451.8157,449.7586,410.596,363.2237,352.4267,400.3497,405.196,380.8937,363.0094,337.3022,318.2414,307.0622,309.8958,329.873,350.3659,355.9388,359.3651,395.3231,409.3877,378.6667,366.0079,357.2173
