0,1,2,3,4,5,6,7,8,9,10,11,12,13,14,15,16,17,18,19,20,21,22,23,24,25,26,27,28,29,30,31,32,33,34,35,36,37,38,39,40,41,42,43,44,45,46,47,48,49,50,51,52,53,54,55,56,57,58,59,60,61,62,63,64,65,66,67,68,69,70,71,72,73,74,75,76,77,78,79,80,81,82,83,84,85,86,87,88,89,90,91,92,93,94,95,96,97,98,99,100,101,102,103,104,105,106,107,108,109,110,111,112,113,114,115,116,117,118,119,120,121,122,123,124,125,126,127
508.3656,522.7056,508.3829,472.483,469.6862,429.7974,414.1132,537.1261,542.7343,527.7483,489.7484,498.7985,501.8191,484.1594,466.8386,488.2404,498.6383,468.4745,430.0074,502.5435,494.607,492.7751,507.1732,490.9935,511.8768,510.4903,501.37,495.4258,490.5847,494.5551,503.0189,469.8064,503.6469,507.2897,508.3033,482.4818,512.3967,381.8625,525.3182,510.5279,514.8874,519.2071,520.5229,522.9235,533.0091,509.5992,500.5051,518.2842,536.952,525.4418,522.2158,515.9781,535.4874,526.7261,521.9089,545.8453,527.3584,536.0422,549.3778,546.0236,545.0079,572.0232,512.1866,522.521,552.0796,573.5964,572.7251,597.5792,584.9098,557.2531,549.6753,548.6613,511.4768,515.3024,520.6606,513.2039,505.7961,514.7816,507.2107,527.5943,528.5563,510.6545,507.1937,526.606,509.8314,494.0751,499.4822,508.7427,518.5854,526.6791,512.0361,484.2403,503.9612,526.0165,531.6655,546.8334,557.2874,581.4995,561.1125,510.1855,501.9319,513.7892,525.3114,525.1278,526.7394,533.1525,551.1639,560.6846,556.0646,570.0112,566.9688,557.6724,552.4485,550.9699,549.5923,545.2498,556.3109,558.886,551.8915,559.0912,561.1788,551.5595,541.3125,538.6415,558.1472,563.4356,541.4465,522.0208
451.4023,451.5545,436.4369,403.0935,424.3585,415.149,413.3058,501.9097,509.1146,523.6138,503.6268,488.5206,489.9533,528.7548,540.6982,536.0407,550.8804,482.2755,432.1743,519.2326,504.0143,494.3768,500.3258,484.0366,512.5815,518.7883,515.9472,506.9897,498.4602,496.0066,511.1879,484.2851,479.6229,494.0184,503.9339,465.8146,501.6367,422.1086,500.7903,508.1918,510.0804,512.0023,516.3825,506.0318,510.3999,472.548,463.1555,477.0888,491.7803,507.26,492.9571,504.9877,518.0424,479.6643,479.4269,486.8681,494.0218,514.5114,536.889,540.4334,528.2409,518.9223,450.3074,462.3804,494.5586,504.9891,557.39,593.0191,573.9601,546.291,539.4592,538.7951,520.0798,517.1964,526.0164,520.8042,526.6032,528.1498,558.699,545.5007,510.244,478.1242,412.4164,447.8034,480.226,481.3206,483.9056,495.5975,515.0417,516.1151,537.9722,521.3386,545.7828,522.3187,470.0061,475.8348,461.9635,553.9168,609.3677,530.8006,515.902,542.6956,556.0408,540.2582,522.8511,535.483,549.735,561.1724,568.8859,578.0616,590.2022,598.0513,581.4691,565.8941,549.9539,544.9993,576.171,602.6693,591.8812,593.9788,592.9962,584.9603,574.7771,570.6042,595.6244,610.0066,592.7454,566.705
466.3412,458.1516,428.1245,417.8821,450.6902,447.6074,423.0768,453.4813,433.4765,475.5102,467.9225,464.5576,459.4437,449.8712,448.7588,477.7394,508.1191,468.016,425.6941,486.8107,487.6197,489.2429,489.5893,475.9518,491.9295,506.7967,513.8786,506.2224,498.5463,494.2365,510.8625,499.7988,530.7039,524.775,514.8519,463.9798,508.0871,495.3373,531.3246,520.6561,530.3834,540.045,544.6338,524.2444,520.3655,456.2198,480.7128,500.7552,520.5769,534.4459,550.3121,549.8813,583.055,558.3985,534.864,518.5083,531.0164,546.6776,562.2723,554.1177,528.1742,494.6885,440.1493,441.6882,456.2425,484.5816,514.7885,472.295,448.9732,494.5278,520.6658,535.059,535.9997,530.3091,528.598,507.4868,503.7933,532.8713,561.4972,529.696,513.3776,518.0502,474.7016,524.5782,560.0409,529.6837,510.0438,510.5103,515.126,517.6337,555.0118,525.3431,501.7565,467.4901,414.9229,396.9872,359.6323,431.4574,542.3622,560.2155,559.219,566.6922,586.4783,577.6246,561.2523,571.2083,586.3887,598.5422,595.1899,593.5179,579.2424,549.812,542.9268,536.9534,541.8312,555.9093,572.1865,600.0949,586.6686,568.5977,559.5813,571.3003,580.7734,588.7287,603.6451,606.565,598.7288,575.1334
505.9428,519.888,514.156,485.5823,479.1411,461.4134,460.235,498.5395,478.301,486.1874,464.962,480.4391,493.519,492.6394,476.8421,485.4732,501.2333,477.4458,474.1282,500.2212,491.1966,483.1929,477.0599,469.3463,497.6284,503.2195,508.1801,507.0338,505.3054,501.9168,512.7011,511.3314,513.8036,517.543,517.1704,474.0077,520.1864,510.1397,513.1219,513.241,518.438,523.8591,546.0124,509.9591,507.7076,499.418,522.179,523.6416,524.3657,519.2441,527.9294,521.8865,557.1545,520.1982,518.9526,542.099,560.3979,533.7261,500.8582,495.1164,501.488,481.4469,464.7112,454.8765,446.1579,454.8454,433.2892,458.1569,465.588,510.1267,526.1649,528.6491,523.3943,590.5532,635.915,645.0555,615.7079,596.5284,530.1085,495.2026,466.174,426.3013,415.2033,449.8997,485.8659,518.6409,541.5773,545.932,543.6819,538.5635,584.5907,595.4401,592.7526,551.5485,450.7847,349.9455,370.7007,471.2073,581.918,638.5093,642.5262,648.0151,605.9376,571.1755,558.7722,564.4823,566.5733,574.1133,583.7477,570.2672,572.853,594.7067,585.6943,579.9691,583.909,585.8864,584.5183,598.3655,585.8279,565.6978,554.8452,565.2385,578.0709,596.144,605.2496,597.361,593.0702,588.9258
495.3098,508.0846,528.3334,501.7571,484.3806,465.5997,479.749,537.6498,535.1102,517.0575,479.4359,467.7814,466.6242,492.1837,511.9625,519.649,507.7162,461.6864,469.9825,477.125,478.2573,478.3965,471.0915,458.8357,485.8162,484.5954,488.4585,481.9897,478.6082,490.618,474.5492,518.6376,525.2166,529.3252,530.8298,505.0986,535.588,553.4375,539.4974,516.2259,527.6882,539.0234,540.691,529.4633,499.8514,513.96,499.9866,510.5665,521.9921,506.5434,508.9537,496.6985,535.6526,543.2507,551.7262,580.8566,629.0331,609.2488,579.6014,544.959,514.8101,462.1308,480.9232,487.4377,487.9599,500.8856,548.4417,504.7198,500.0357,570.9504,596.0629,601.1368,632.4558,657.9608,672.2996,725.2734,679.9148,643.9221,573.7289,595.3893,600.1742,568.214,605.2405,636.1328,670.3075,678.4359,675.3452,670.9714,659.7901,642.6525,656.0208,636.1249,628.8683,562.5005,444.1193,354.3949,331.5522,449.727,587.2596,633.678,651.4293,655.832,648.6424,642.3845,627.2726,619.7176,612.6326,615.9319,622.2765,618.5614,606.4397,590.39,605.1929,624.4703,646.7375,640.9476,613.735,612.2299,602.3287,590.1636,583.0565,587.5324,593.4428,605.734,618.5036,613.102,609.1165,609.3322
575.0106,556.2895,502.3296,470.1113,497.8749,520.6568,531.2032,528.5385,539.2564,591.3159,592.2347,607.756,612.7716,592.0736,585.3478,613.8412,652.892,647.2285,637.4498,552.6478,528.0443,509.2016,513.0367,514.3292,526.5863,536.8617,539.3461,525.6987,511.3153,493.8342,495.7123,536.4808,472.5338,472.6643,475.842,512.9403,512.8929,529.8209,508.3898,503.0676,510.1331,517.1881,523.3368,499.6424,498.1566,516.26,543.0991,562.2886,581.2151,535.4365,530.7798,530.5854,539.9265,583.9815,590.1384,578.9274,583.5154,535.7225,480.2463,491.2355,585.0273,602.9684,625.2246,626.4805,622.2635,638.7517,650.535,551.9359,524.8393,591.6356,600.7448,585.2313,619.5678,558.5397,546.8297,606.554,607.7549,595.7803,499.3795,455.932,480.1812,515.4926,518.9556,546.9304,548.0665,534.8515,564.0223,585.579,588.3727,572.0592,573.8771,593.3,589.8174,525.8559,457.2376,416.587,349.2405,423.2808,539.7183,543.1108,558.6708,576.6627,592.4503,590.3751,571.087,571.5377,568.5189,578.1368,596.1812,593.4996,584.0396,576.4337,591.1497,609.8073,636.4583,645.7905,628.3405,628.478,625.3294,618.8194,613.4623,610.7457,608.2159,618.1131,645.7634,633.217,618.1597,624.7559
465.7526,436.503,532.3067,567.8259,524.4485,449.5222,378.8736,452.0846,544.2833,582.4353,538.3773,525.2366,512.2959,498.3767,477.1645,468.6626,512.0223,506.1997,481.7781,466.9666,498.7048,513.4233,467.8914,465.0165,457.4854,462.5668,469.1764,463.709,460.3739,472.0103,496.811,557.9756,463.9447,433.4775,413.3679,511.1472,514.0003,509.508,508.0984,502.3926,515.8443,529.3416,546.094,512.4731,540.2239,589.2529,537.4203,553.3253,571.5808,582.963,579.1649,582.6985,557.6363,581.1531,534.3662,520.0141,534.9301,495.4164,447.8009,480.3463,571.2759,591.6635,612.6159,611.4443,604.8053,592.3497,580.2255,525.7799,498.178,507.099,511.3188,511.5879,536.9042,445.0068,414.4843,393.6268,488.5501,541.6381,450.8318,383.5419,397.048,434.0945,467.1804,505.9835,525.9262,518.0484,516.2001,532.0504,553.4349,540.5974,535.8475,556.1318,572.7186,532.2415,490.1941,484.0298,469.5386,523.6953,564.4201,538.7529,549.4043,568.4645,581.6309,578.9305,563.3761,564.3018,559.236,575.4394,602.1188,594.8325,587.9572,577.7443,589.6523,605.4381,627.3436,634.5345,623.1434,632.3832,649.034,651.0948,649.3661,638.959,634.5123,642.0825,641.4326,639.5485,640.8494,645.9482
887.0424,859.6074,849.2496,819.0504,852.2822,850.0988,730.8891,519.4882,355.376,301.5247,313.181,307.3551,306.3646,329.5998,359.4905,326.0118,309.7926,279.8788,304.4059,373.3843,444.8772,507.7622,528.0453,522.1784,529.7703,500.9063,495.4502,471.4562,452.2831,467.6729,490.6451,431.1322,436.0923,470.469,503.7098,522.2747,527.7574,542.9634,539.743,554.0421,564.8279,575.846,604.1973,567.6733,589.9202,599.2842,575.6099,579.187,583.7036,600.0212,622.1736,612.9411,594.2756,592.0086,555.0421,467.4088,492.0455,467.8311,434.6078,464.4439,533.141,516.1934,537.4053,549.116,556.3373,550.4738,552.1939,513.0245,467.0526,459.9554,474.399,492.095,519.2963,420.2446,301.8271,249.3967,354.1786,459.974,470.4143,453.7958,459.7208,475.5837,496.8367,511.8394,514.6969,478.4719,461.8905,479.4537,502.4788,521.7957,528.1384,539.0773,569.2216,560.6965,534.4682,525.6301,529.3127,552.696,560.9504,528.7711,525.5049,553.1479,561.2054,553.3313,540.613,547.0739,551.5416,565.4766,580.0328,580.4422,603.72,625.6198,620.1335,624.7924,643.2786,642.1071,628.0648,631.356,630.3062,642.3958,651.8727,655.3665,649.5977,636.1257,657.9841,666.3828,664.0105,637.8793
786.2291,1054.6425,888.4366,728.5928,777.6213,809.0551,745.0923,598.2911,516.418,381.351,273.7716,268.7537,278.4425,317.0224,330.7621,345.5325,343.0086,321.8638,340.9016,382.0013,402.8814,422.4451,433.5508,433.4802,444.899,465.4952,482.0424,484.9179,487.7948,488.5168,471.758,446.0637,469.2612,451.653,452.647,656.8871,581.0019,610.5543,636.1957,643.3174,638.942,634.7726,646.0288,613.321,625.6141,595.4167,601.7301,594.979,587.7604,603.927,623.3681,619.8446,601.9975,587.7846,590.1519,509.3647,561.2667,532.5638,489.9331,539.1769,584.8401,556.47,553.5566,562.0336,571.2662,585.2115,576.3677,577.5104,586.9315,590.5484,583.8441,574.5204,591.7603,533.9871,394.1152,383.9414,477.6797,582.8098,601.6301,579.3317,573.145,575.691,572.5161,561.8033,591.1308,567.8959,578.4744,605.7346,610.4736,618.7304,656.3195,676.088,672.6436,680.6148,687.0661,687.2247,675.4882,666.4774,685.0964,694.2349,693.2097,705.398,714.1183,698.0452,670.0694,661.142,660.3772,680.1541,691.7656,676.2386,680.7068,689.7928,669.974,657.8766,656.2942,650.8198,651.6526,651.4544,640.1719,645.5829,652.6606,663.5551,667.1336,665.0908,679.3558,666.5477,690.5564,667.806
434.9286,529.4529,340.776,195.6182,205.3393,264.6799,459.0919,694.0646,812.1273,814.1331,731.8921,638.4997,527.8091,423.2388,468.0267,525.5642,532.348,509.8954,527.1812,526.0978,456.6446,405.2653,428.1275,452.6033,486.3521,485.1167,485.6452,460.1355,436.1873,441.7043,562.4515,499.011,367.4933,374.5619,399.5237,623.8964,624.9764,604.9174,638.7339,618.0657,621.4865,624.7009,612.2853,600.4417,605.4884,586.9146,591.9398,592.165,592.2102,634.4541,636.8896,618.9041,604.9894,621.603,640.7711,580.5867,628.9599,632.0206,626.5681,631.4225,605.7958,551.4821,555.6063,574.7452,594.3736,631.8215,634.2821,627.1516,617.9936,592.4869,610.6367,644.2028,657.3649,670.2096,560.3338,509.9335,558.0629,620.7661,761.0594,807.4369,792.9175,779.293,684.7405,648.3259,709.6272,714.1121,681.2867,680.2068,695.1531,688.4733,703.9562,684.9559,650.6951,659.3263,670.4285,671.3329,662.0837,674.2202,698.1876,717.2048,718.6923,705.6541,698.3485,680.5941,675.4006,679.2806,678.196,676.2899,672.5316,676.2358,692.1072,681.1548,674.2635,670.0593,663.7484,654.6573,662.6477,664.5479,660.289,667.5876,672.4433,671.7048,671.3521,654.0784,613.0951,635.5469,656.544,667.9426
243.0216,317.9277,107.368,112.425,165.4042,204.8617,219.7594,349.9844,698.9633,930.9169,977.2972,1017.4457,989.6256,779.5784,610.9447,599.7706,594.0068,586.9829,623.437,656.3545,595.9074,551.4468,573.2663,591.2701,582.2162,561.8372,602.8124,624.5547,662.8083,785.7521,704.776,444.3291,454.8057,479.2837,507.9013,598.9968,838.724,676.4997,689.5104,647.682,613.404,579.6573,586.0317,564.8939,571.3364,593.6113,585.1567,599.2815,614.1876,670.4352,677.4747,645.1373,648.2872,661.2527,649.5597,609.5922,623.3341,640.4279,656.9642,659.019,636.313,668.6403,680.3052,667.6046,651.0326,666.9964,673.7102,629.8652,638.6065,635.0303,635.8014,640.9506,656.436,698.3045,667.9723,651.5599,767.2871,890.9589,744.2079,601.9217,586.3305,605.1976,655.4468,656.0396,656.495,665.8407,647.0576,644.0108,659.6871,657.1973,668.5748,652.1821,629.746,633.2167,635.3582,634.8701,617.887,597.5956,580.8941,573.3768,590.4774,626.6315,661.2828,665.825,649.9837,630.3624,624.6218,635.2589,634.5752,641.6023,669.7957,675.7218,666.7094,665.2902,671.1537,669.8983,672.4307,668.7804,666.0999,673.4631,677.4576,673.7374,672.0455,657.2177,623.8817,655.4645,652.3192,665.8478
219.764,289.8739,201.8862,225.0528,215.2291,209.1457,221.4001,275.2969,375.501,517.8008,688.7594,767.2607,840.9835,857.7839,730.2034,606.0566,672.8989,682.4503,664.8614,642.2965,652.6951,668.0585,702.8969,716.0003,660.8472,678.6406,762.8587,789.6736,810.6504,768.171,529.2092,197.5279,298.9931,412.5936,521.7958,582.5046,689.0801,548.2681,571.0916,653.9219,712.6058,769.4974,690.8842,664.1841,657.7463,628.5081,599.4882,614.1335,630.2415,613.5071,662.1172,629.4355,638.7119,648.9423,585.4519,632.6671,616.6732,640.1503,670.5797,671.3916,677.0084,651.8834,635.6555,646.8174,663.2437,669.0447,664.3499,620.4259,658.8345,670.3292,658.916,645.3671,648.7266,693.4404,704.0734,697.5846,686.7164,602.4083,438.3879,420.8812,442.815,444.2578,498.0417,603.7627,636.3043,644.509,651.5989,652.7212,656.9759,649.3505,650.8095,650.5784,618.7031,580.5269,563.5427,557.634,549.6827,529.7838,506.3243,486.7053,476.0621,494.8776,550.5312,622.1982,657.2422,652.8882,650.6362,636.3541,620.1052,636.2199,668.3309,689.2682,676.2873,677.3207,683.6877,669.5897,680.1974,686.0624,680.9253,674.8032,671.4489,674.4326,677.9475,668.77,635.6188,640.1015,654.9534,673.0557
147.0682,226.5481,213.2934,164.3426,180.3232,194.6998,258.0549,338.2434,253.5223,264.8958,362.1303,390.8095,480.2416,756.014,985.6857,839.7775,670.1317,704.0299,762.3874,700.2025,665.5597,634.8622,615.3037,585.619,614.755,646.5134,669.4616,643.803,603.1494,454.1105,277.1929,366.2695,226.2717,262.6098,308.5522,456.6949,419.9489,396.4549,357.5205,403.1233,502.9427,603.9281,792.3611,769.2867,690.0042,760.5972,666.3422,659.4957,655.7117,630.2253,666.5782,671.0319,664.822,671.9799,555.7324,637.8621,646.8554,659.5099,674.4575,679.8765,641.5138,582.0723,584.4891,621.4887,663.1393,691.251,701.4318,639.9724,714.0967,730.1954,708.7853,685.2982,671.7685,665.6964,707.5417,643.767,572.4816,401.7202,270.8661,282.4021,322.3148,352.4424,434.6391,554.2753,611.9455,646.6735,683.7567,691.8943,684.1791,676.4378,668.0054,678.5635,658.4038,617.2758,595.6962,580.2465,567.7982,548.6826,518.2311,480.2709,432.6549,404.9461,416.1964,468.9287,533.0731,570.9255,624.2311,673.2603,668.7521,659.6939,687.889,701.3805,685.3846,680.7056,692.6931,694.844,686.7119,682.5762,690.9139,697.7377,697.8671,682.6658,676.2918,683.0948,658.9896,640.3299,686.2333,689.9728
71.9133,81.7617,75.2829,86.3169,143.4041,183.1123,161.8009,137.0957,186.5441,201.8334,317.1702,440.186,451.9162,376.8837,847.7173,1129.1052,956.9297,833.8023,796.5051,668.9437,660.5877,633.7047,543.9041,524.861,548.7477,528.9238,491.0894,438.4107,393.9595,398.4788,351.3249,234.6657,334.4433,403.3766,453.2791,291.3285,374.1594,528.8789,332.7016,289.9099,352.7712,418.1172,670.7031,694.787,653.55,665.0618,649.3192,642.3399,635.6766,630.6968,654.2888,676.4747,634.5632,670.2654,538.414,624.5128,627.724,642.5153,660.944,672.5497,622.0212,650.0435,631.5173,646.3412,671.1718,705.3445,690.4396,656.123,667.6492,689.2522,710.6344,732.2923,781.0374,844.2425,809.3489,680.3679,467.5164,266.9187,290.5739,357.765,390.2791,417.7921,455.8306,512.6135,595.9029,668.2227,683.3091,685.3168,696.8652,710.775,694.6946,685.006,679.0624,668.7518,665.7815,661.7156,656.9649,638.9598,616.6084,592.7275,548.7686,495.2474,451.781,429.339,431.2296,445.6147,497.2619,607.4659,692.8714,715.0046,699.3234,664.1295,655.1093,667.3518,688.6863,681.8532,706.2827,709.7189,703.9106,702.898,701.9712,701.241,699.2236,697.381,707.2623,717.3422,702.7043,686.2399
228.7254,68.5317,66.6231,69.5729,68.9966,87.6831,106.8225,77.7579,99.7838,161.5368,302.4961,364.602,374.9204,278.2111,321.3815,604.0113,964.5869,955.4482,862.5488,852.3655,667.2212,534.2975,603.5021,590.6602,481.9879,409.6842,341.0891,336.4723,348.862,444.6171,320.0037,149.3694,271.7473,388.0933,473.348,212.5205,348.6638,575.79,733.5717,597.5911,497.3538,398.6045,413.5294,678.6513,828.824,680.386,687.5978,662.1129,635.4045,635.8714,662.9517,692.6946,637.7054,664.294,560.5987,668.735,683.0266,689.3369,696.71,694.7172,663.2468,648.5826,689.1697,715.764,737.0851,724.5234,743.0806,851.4126,759.0446,683.3561,735.9633,821.6471,721.6968,790.658,754.1581,549.064,310.2183,243.38,419.6428,590.5485,615.6493,587.7801,532.6815,500.5403,561.877,610.7156,618.6663,638.1876,668.4561,676.5941,674.7769,659.8661,661.0831,675.2137,672.6104,662.9152,669.7894,692.011,700.4821,692.2806,677.8235,644.361,595.6541,536.9559,487.3366,466.3803,460.1884,502.7406,577.1601,652.0742,710.0528,712.65,712.1382,726.5103,744.0035,722.2426,706.1009,691.7797,675.127,677.0327,679.1526,681.763,685.196,694.6675,708.3386,697.6065,675.2174,679.3679
218.6131,166.6177,326.4038,282.6669,153.8841,77.4069,172.106,255.5466,124.4383,198.2189,211.8903,229.5369,241.3107,259.2214,362.848,488.515,490.993,621.7353,788.7386,1054.9513,938.073,832.8765,786.682,812.5083,929.8494,880.8928,638.1083,578.1337,515.6125,435.0485,343.0409,249.1816,333.9432,373.5229,395.9195,236.7408,424.4021,570.4517,848.9936,807.6881,685.3344,561.9634,363.1755,569.9728,753.1128,692.0715,751.9897,703.3065,650.8848,648.8939,701.6153,696.0275,691.9384,648.2607,539.3908,554.1264,613.1379,604.6205,586.0774,555.4361,598.0425,679.043,750.4255,812.2297,872.5934,905.8468,896.425,765.5189,616.7515,605.8461,575.6193,526.3015,569.3277,559.9084,342.5071,307.0493,175.5065,284.1114,567.6553,712.5779,699.8527,645.2239,577.0336,535.9375,556.1235,561.4536,577.8685,598.2954,606.8679,622.5389,658.8792,701.2297,716.4804,689.9545,667.6426,665.42,677.0713,695.6562,699.3625,699.3282,706.8505,715.3802,697.5363,627.6041,556.4021,517.4199,476.0746,463.6047,501.9136,579.5916,612.3389,558.4825,582.3956,628.1083,695.916,735.8831,771.35,773.7034,739.3793,735.5743,731.8523,728.3198,722.6974,705.6336,679.4915,677.5986,680.2911,666.6133
216.2913,155.9374,310.4079,313.1275,321.98,326.651,319.1635,231.1777,73.3609,102.9113,142.0784,167.8598,190.9565,181.0117,177.1121,328.0161,309.2676,388.0694,437.2614,453.3381,628.5453,734.8115,558.7847,472.6566,737.0901,875.5103,773.1862,757.3351,744.5479,716.669,453.8471,341.5152,231.1887,265.2155,290.9478,234.3336,410.7939,449.0877,598.2812,589.5975,516.0312,443.4943,448.4964,348.6796,505.1032,618.7963,632.7519,683.5302,735.6215,710.1618,643.6631,595.2261,586.976,535.76,426.0189,391.7541,435.0177,530.025,631.0779,738.3811,804.3432,760.8152,704.3248,690.5612,685.76,683.9849,604.2728,455.1117,403.2945,398.1952,360.2078,310.3145,367.7169,325.4206,193.6667,174.9551,220.6626,306.0543,578.351,821.2572,808.3641,693.8271,594.598,611.0219,635.7489,609.3289,587.5659,567.5861,541.6301,545.7058,572.5124,663.6621,727.8434,731.6741,750.8867,783.8411,816.4406,836.483,846.0483,825.6367,774.8372,754.0367,766.8052,778.1418,769.0594,740.6628,710.3246,660.1315,578.3917,509.1689,447.8115,389.9218,403.7101,423.7536,453.4786,497.0746,561.5331,590.4593,585.1042,588.0429,615.0703,697.2616,751.3585,744.1485,737.369,685.9669,683.7183,676.4438
331.7961,320.7888,312.4459,316.7466,313.1207,310.9808,310.5252,314.7771,245.7717,63.8842,66.2131,66.661,67.1389,77.0737,104.2058,115.5849,156.265,188.693,169.1496,213.3192,327.7163,421.381,430.1021,411.4686,291.4095,387.69,542.7272,630.8177,758.5686,1046.5105,599.2852,197.8814,132.9597,128.7688,125.5795,141.6189,248.3719,234.7761,425.1584,386.56,357.9613,327.5493,160.4241,143.7016,301.4523,342.4821,501.5619,713.903,927.9327,765.0566,714.3058,574.7294,604.3403,522.3524,471.6916,601.6177,581.6846,611.6208,651.6666,761.1801,714.9926,606.6873,486.8169,448.1911,427.38,393.1896,317.6594,289.9779,275.9546,273.6345,270.4756,265.8639,218.7904,158.8779,131.3299,156.4784,237.6518,315.2844,539.9418,747.1452,784.9458,759.5446,688.2488,726.4822,733.756,683.6495,610.5544,551.2271,511.6475,620.7802,736.0659,754.0795,751.7988,742.8116,755.4353,790.2639,829.2324,870.748,905.3656,929.2849,1001.6375,1060.1053,992.6216,867.1504,783.7318,755.9892,730.269,679.0851,584.2719,495.9404,419.3375,362.4774,357.9666,340.6573,323.009,317.8471,291.2,337.261,392.1329,383.1469,393.7159,449.0664,510.2608,596.4193,696.0641,736.8007,720.8499,717.33
159.0433,317.0327,329.5498,330.3315,317.2185,309.0695,317.5704,325.1846,313.579,326.4198,293.787,168.8122,78.342,76.0695,69.4718,66.7106,71.0654,98.9638,120.208,92.156,194.1083,255.1313,183.9122,272.6927,315.7238,205.4594,283.3596,365.2016,500.229,898.2009,633.237,234.0933,153.5746,126.5534,102.3169,112.8664,148.2052,319.556,740.5199,472.9629,337.2803,206.3915,436.5719,178.9066,412.6832,453.0464,294.8014,494.7989,706.9564,701.7401,615.9557,616.1092,656.3378,706.0533,862.1313,697.8658,511.6542,485.0403,480.5697,498.556,453.397,381.4814,315.3339,307.0035,310.8046,321.1761,332.403,326.0089,385.4428,407.5823,431.2432,460.9408,249.384,269.3162,238.5782,196.9805,273.3284,375.0936,505.0562,625.8386,678.8644,704.1354,685.1942,749.048,774.174,747.7239,727.8251,739.3209,770.2155,801.7732,673.262,492.5345,549.0014,690.8393,699.655,638.986,560.7601,502.6159,519.4778,556.2265,592.1253,613.6132,561.2391,507.5981,506.916,515.118,506.5287,486.0757,476.3306,450.202,444.8965,465.8484,436.0505,389.664,335.8116,315.3725,325.8631,400.3428,442.037,463.5229,451.214,361.514,315.6033,384.5176,483.7487,597.889,627.069,657.2695
166.2444,234.1581,115.2109,163.3982,262.7853,328.8232,243.9179,145.4603,311.9654,314.7138,276.8947,159.0818,142.8976,326.6908,267.1117,84.2224,83.2358,88.4057,81.6178,137.3645,157.6669,167.022,138.5497,147.3899,179.6659,240.4196,395.1321,357.5732,334.7619,429.178,582.7078,149.3483,173.5542,134.5454,101.1162,136.1126,183.8438,174.1891,374.7731,556.2359,444.0202,331.9641,233.1777,433.7068,282.6468,355.6435,327.2462,290.6618,253.8869,361.5837,447.7996,575.7556,797.0184,929.4725,841.9406,425.1492,238.6662,273.5441,334.7299,368.2908,332.9082,408.2891,556.02,602.8433,625.676,650.6248,715.7469,771.5166,761.9715,691.1675,722.8043,791.3026,400.0826,363.4486,325.8314,276.4901,374.139,494.3652,609.4614,645.2332,658.335,679.8419,670.6316,700.2982,731.6553,757.8013,785.0662,806.4085,826.4214,660.72,442.4296,432.8227,529.4762,596.2656,615.3193,609.8061,588.3328,498.7865,333.5033,254.2967,286.5898,329.5992,364.8844,379.8596,393.8005,400.9269,420.4686,446.3905,457.8286,461.6252,507.3675,569.2682,531.1216,493.8494,470.0948,472.6644,509.0262,587.2073,639.888,665.5208,654.4993,559.5386,465.682,398.624,426.1256,518.4609,543.4277,560.7963
326.5056,228.93,64.9599,70.3005,87.009,88.7322,69.5851,150.5295,321.7692,310.0082,311.9789,320.4274,322.0495,312.3008,252.7267,63.7874,72.6181,85.7627,86.3659,141.9986,221.2833,249.4734,110.7283,153.0238,142.5538,166.3891,194.5193,157.6182,138.3223,225.2927,238.313,258.5698,315.9437,183.9128,82.0461,311.5866,116.2251,157.2894,200.7415,137.7153,153.4336,169.4862,210.6282,196.7304,206.5895,202.771,130.6698,240.9522,357.4,350.8837,400.5204,615.3265,914.7051,867.2605,419.1657,237.9708,447.0281,530.0956,589.0107,654.0513,676.4268,698.6934,784.0306,820.5355,843.7679,871.2875,917.5619,985.03,972.8012,958.6524,1018.1682,1098.9894,608.2953,416.6443,441.735,401.751,431.0847,534.2061,660.5632,633.4862,617.6125,644.8504,705.0679,731.3057,710.0663,727.5766,663.0424,568.4919,500.6624,355.6231,329.6086,406.6233,440.987,450.85,450.5977,445.5737,455.1333,444.0584,471.6809,519.2252,473.7303,352.4797,332.4974,435.1738,481.5898,504.8929,528.2361,538.9567,532.4507,536.4912,585.5833,632.5426,603.5043,577.8767,575.3034,566.1958,534.1064,604.4113,712.0656,845.8311,894.5615,748.5591,621.2676,573.9186,606.4279,616.9203,625.3127,650.6304
277.2631,255.4288,244.4279,95.2693,86.1822,76.9409,154.2551,254.2228,172.4094,331.0089,332.2889,318.6405,311.9807,318.7315,317.4566,262.2228,75.9164,167.1566,279.2058,124.2401,193.3693,225.546,123.4005,97.8076,73.8084,136.2337,127.2959,115.9338,110.036,127.2822,60.0729,91.9088,327.2947,328.2037,328.8216,309.2166,76.1776,126.5414,287.3036,235.6651,159.8371,87.5793,284.4175,167.2735,143.1243,173.7399,152.9497,143.1248,133.7091,377.8839,341.6148,585.5511,828.3663,542.6472,186.5503,201.0033,468.8495,639.7758,793.2647,922.6534,899.7446,925.897,1064.1011,1101.3099,1112.3741,1085.762,987.5891,895.4455,874.7595,897.6023,932.6823,969.2757,575.061,366.0908,422.4879,266.9908,285.0795,522.0452,693.4435,620.4986,535.2238,489.9716,538.9175,571.6389,562.7909,598.887,495.1944,423.8773,443.5266,296.4131,219.1455,271.1835,299.9464,327.922,334.987,315.5595,341.7298,392.6563,405.9716,490.0848,667.068,755.9974,671.0019,562.7138,569.1444,620.6287,650.0324,649.289,649.6722,656.2305,673.8525,685.5571,670.1459,653.2616,646.7898,608.7123,477.0609,373.1511,414.5993,713.3782,883.2274,757.8238,675.402,715.1207,760.4765,717.4406,692.6204,703.5837
235.3542,184.1014,314.4161,327.067,327.5958,327.0781,322.351,250.5383,153.87,204.8365,130.3345,233.9063,314.1101,328.0906,322.9432,313.0987,328.3579,324.3414,312.9817,303.1708,202.6893,161.828,288.4018,103.3722,122.0292,279.6778,63.8903,75.0426,84.9208,83.193,62.0032,93.2879,327.1826,322.2482,318.5724,329.0959,326.5966,323.9786,246.6235,112.7442,95.8681,80.1272,150.0614,148.661,84.9789,129.2505,285.4494,336.1511,383.2297,170.9346,310.3815,430.6646,280.3032,252.9738,308.4081,306.3574,289.9783,399.6759,527.2316,675.0825,684.9733,850.0605,1019.4332,1015.8995,976.2728,1087.0232,1182.5137,1247.0253,1153.3962,996.5151,953.5234,948.6419,593.8041,377.0934,440.0642,283.3569,441.501,641.8517,697.6768,702.9598,694.892,683.1172,792.7897,832.733,749.6083,673.9304,463.0185,335.4062,327.1847,187.0261,92.8229,125.7293,179.2585,224.4959,228.3766,203.7761,226.9749,303.8057,402.923,511.0217,569.1943,671.2772,952.6238,1059.0046,887.6209,756.7061,664.3561,662.1903,692.612,706.0245,759.6022,790.833,735.8842,665.9932,622.3842,631.4073,500.77,266.0337,210.2003,442.443,647.9557,792.256,873.8147,812.1035,791.6414,781.3372,754.3795,729.1343
236.4326,173.3719,308.5271,308.4427,309.5396,309.7845,309.0999,314.9666,255.5681,90.1129,108.7899,235.4289,270.4823,112.3827,145.0385,309.4468,314.1348,309.8815,311.1648,286.8351,162.0043,112.7811,326.5692,324.5373,325.9448,285.7642,65.8809,67.8066,68.6079,63.9899,101.1949,326.4644,327.9891,321.5259,316.4642,326.0481,306.3147,301.9361,136.8334,151.5327,239.7594,323.6761,82.1894,83.8839,67.278,173.4319,355.5674,325.8743,289.0242,111.5098,210.1948,281.5235,183.4157,157.3862,388.0786,607.1228,626.5946,635.9859,647.4988,503.3844,461.6412,427.1569,548.7969,575.4847,574.6409,561.8629,555.7516,721.3984,949.8397,1121.9849,1088.1909,994.7133,589.0173,366.0296,398.2031,287.0846,467.3622,720.45,821.4306,810.0083,732.2508,635.6257,607.2673,795.5806,1004.3657,957.4196,599.0598,352.5799,255.9092,157.4018,108.067,99.1976,88.6075,104.2293,117.117,107.0039,117.1745,152.9493,197.4898,284.1266,374.6286,432.6007,529.0409,751.7667,933.9611,935.1096,895.3465,833.9995,842.0101,879.4328,942.9185,1004.1337,975.9437,941.4575,835.2635,639.5817,440.8604,224.9306,182.7168,255.9164,401.5223,712.9406,935.3171,897.6309,799.7346,811.4564,822.9069,787.9379
168.0449,331.4723,320.8349,313.3137,311.5033,309.5872,314.2938,321.3593,241.7906,160.1304,288.4617,178.2074,107.9311,120.2679,147.0627,323.4129,310.1541,311.625,326.089,292.7339,164.2366,112.3251,325.2386,313.8042,314.8026,328.5159,326.7614,323.6244,288.0078,99.7513,328.2603,311.7137,335.2593,331.0394,326.9384,324.0578,318.0471,296.983,72.3683,322.1713,315.6282,308.2541,238.0401,190.6564,325.6398,326.7132,290.0836,256.0753,222.1836,158.3404,230.2606,190.2255,106.5433,188.2157,266.8449,377.8004,412.774,472.5449,537.2562,689.7875,579.2574,429.5777,366.3955,424.7841,505.7594,599.0364,546.051,463.3882,418.9771,683.8322,841.4537,936.1079,590.7358,339.4132,319.7236,224.3202,398.0303,768.9598,768.7618,507.1662,407.1048,406.237,499.8153,477.0557,567.4348,578.1191,381.8018,233.7497,152.5721,100.0067,114.3332,94.6486,82.2374,104.9662,98.1973,74.512,65.1936,87.7306,90.2033,95.3425,155.0231,287.5522,400.9535,471.8308,611.603,760.4866,895.0209,970.9294,1046.1932,1139.944,1088.5977,987.3524,952.5073,929.482,890.1416,762.3042,556.197,345.772,264.5354,180.2364,200.9184,462.0099,726.4847,930.7729,923.2858,852.1942,850.2676,835.7822
160.0124,222.8479,162.6918,332.3795,329.7518,327.0339,285.9131,238.6915,315.1794,324.4508,286.1929,191.1892,178.236,325.6674,273.1529,171.7507,325.324,277.3697,140.6413,333.1228,328.955,326.1548,326.268,315.7141,314.6132,324.6947,311.1128,310.0722,311.2355,324.2105,316.9048,310.1382,313.9383,185.5726,86.5428,323.8955,327.7837,316.1934,79.1214,328.6082,318.1284,308.0403,327.5273,326.2783,311.6284,327.1499,208.2911,274.9996,348.0338,171.5988,156.5056,167.498,102.2103,112.6835,247.8202,204.8545,128.9829,216.1786,326.5051,353.5016,396.7782,375.3335,266.5067,246.7915,249.6104,411.5771,618.0955,769.4258,649.6688,500.2196,542.3481,641.2523,518.9122,359.4531,360.3171,353.4906,650.5091,984.0081,757.0406,473.0088,385.2052,352.472,411.3051,354.2233,303.965,260.4722,171.9031,121.8838,102.8584,229.4863,327.2204,260.5446,179.5731,131.8494,100.2758,79.7612,67.6178,107.9795,154.0034,158.5777,128.7411,123.8007,212.73,384.6969,516.0829,531.3488,681.8208,841.3976,844.7774,937.0532,718.4342,327.3213,354.1155,440.1855,637.29,707.1153,525.7501,409.6312,361.0665,308.979,279.1082,300.1142,400.4825,747.2629,1054.7798,927.8035,853.864,801.4075
321.2096,218.1354,64.599,65.5192,67.6435,68.6769,68.1793,150.8578,321.8264,311.4364,312.4059,321.0039,327.0704,322.7733,259.5659,121.6469,144.6243,92.0937,139.5081,165.7963,244.4664,311.8367,328.8138,329.689,330.2254,325.2472,315.8946,311.9492,308.896,311.2331,311.7646,325.8142,314.6494,183.6211,82.8901,310.8998,58.2188,101.741,326.8134,337.5854,332.2613,327.0264,328.5315,326.3785,309.536,327.6454,116.0703,216.7099,327.9949,325.7973,208.7713,190.7037,109.2693,124.6378,135.806,218.6732,212.5869,283.4986,367.0122,351.8943,433.6469,317.9511,388.688,381.2139,346.8118,477.212,384.3453,338.1216,558.7835,544.6965,399.4592,241.6275,579.3525,644.3508,378.1877,392.5369,518.1232,566.8097,435.4828,336.2209,265.1542,183.9998,182.0755,176.8458,167.0439,158.6914,116.0222,91.7125,90.8813,218.0415,320.1883,327.2286,328.0649,327.8636,327.0769,327.4233,215.8414,110.3085,89.5271,65.7074,78.2543,112.2021,123.5172,250.1143,444.1587,518.5335,651.4025,641.114,366.2318,259.845,241.3268,162.9789,192.3268,246.3255,449.7869,673.4216,482.5344,223.2418,204.3297,196.2436,178.0961,136.9079,154.628,373.8147,690.6149,808.7142,738.3376,758.3775
318.6469,327.6181,233.2413,68.5163,65.474,60.4876,57.9036,64.6783,140.6599,313.431,321.006,313.6881,313.7127,323.0308,314.3294,263.233,87.7081,191.8392,283.6855,144.0783,236.8706,314.4249,278.6562,66.8885,107.6342,326.4586,328.5871,326.9489,323.6039,313.2604,302.0251,94.9033,327.3092,329.2289,330.9366,311.674,55.0652,79.3294,309.3074,322.3398,194.6971,72.0558,327.1514,335.9292,326.5359,327.3321,132.0424,182.5261,241.4019,323.3257,326.9145,88.957,304.0382,325.2078,116.6761,77.6443,303.3765,361.3717,391.3746,268.9025,325.158,260.1242,203.7739,179.3075,160.0435,227.613,454.4965,376.1004,287.6068,266.3752,302.1198,351.8182,463.9145,621.4549,424.298,239.4209,249.5775,257.5488,212.5111,181.9176,145.6107,100.0421,90.8743,102.5989,96.8387,87.5793,77.7143,148.7877,274.9803,316.9722,320.6381,328.4485,328.3502,318.1531,308.623,307.1487,318.1954,327.7737,326.5802,223.6354,111.8513,90.8861,96.5835,170.5939,254.037,314.6891,395.4782,447.7699,348.2256,171.1229,101.5003,119.2124,125.7015,201.7075,389.9915,606.6722,702.2718,391.2564,163.7863,206.0427,223.5454,184.3616,154.3282,172.8767,279.5379,443.1646,576.8772,645.3686
223.6065,167.7659,315.3774,327.6971,328.1383,328.2101,327.255,251.7036,165.7517,265.9724,149.769,242.2795,313.7468,327.9364,327.3797,262.9697,172.1195,326.083,272.8561,104.6781,229.1447,328.9061,278.7755,68.2611,124.3542,288.6155,75.5285,70.804,100.5899,297.8654,83.1798,104.1105,333.1569,323.0612,314.5367,324.4918,327.9817,324.8055,312.1988,321.9118,193.5877,70.2926,326.7942,325.9732,91.5889,320.4456,326.6278,246.2654,163.1868,320.2638,329.142,156.6295,294.9178,328.94,166.4614,151.9081,177.7918,204.0745,230.0368,250.1185,224.9211,157.866,99.5365,131.8503,183.1083,253.3268,389.2474,369.4931,284.3973,269.7655,287.2851,307.7327,274.6407,229.1945,203.3258,370.9372,385.0549,291.0203,149.6746,88.9939,89.4084,96.4675,85.6049,140.9405,105.0137,83.0079,84.4422,146.7543,262.4519,320.4952,332.9777,331.5352,327.8437,322.0282,315.2806,312.3559,310.5653,309.8187,309.0651,317.4971,326.7254,207.7743,111.1208,145.7781,153.9507,191.8136,230.5217,274.0549,215.5885,103.9614,123.8911,123.5698,126.4724,176.05,308.9112,455.691,584.451,555.8132,382.7379,294.4193,223.8884,194.092,159.7568,158.771,251.4172,327.6479,479.6049,460.2882
229.6073,154.0544,310.108,313.2094,310.3136,309.1716,313.8336,322.2125,271.9817,124.6104,101.7126,232.8498,327.1514,257.1605,129.0861,312.9128,327.5398,331.2632,327.6112,302.8901,188.8393,141.189,326.0639,327.4003,327.8578,285.6003,68.5027,81.4714,90.3074,74.6697,106.9077,326.5268,326.9569,318.2159,311.202,323.1745,310.9898,313.1841,327.5152,330.9168,328.8593,326.8527,328.6823,327.8683,81.6815,320.8542,311.3484,197.125,79.5975,313.0148,335.0483,328.0255,313.6209,325.5836,327.8571,157.5849,116.4416,164.6467,222.7132,205.0329,223.189,241.2917,115.1565,93.9788,101.7744,165.5077,357.5129,433.4951,307.1321,115.247,113.9866,175.2307,282.4306,206.6291,166.7855,379.0013,337.3207,260.4842,159.2345,80.0318,63.6921,65.616,85.6633,136.2092,99.4734,226.2033,327.0835,321.8237,313.2891,194.0668,239.6011,333.1843,328.5261,327.3584,327.9673,328.243,319.025,310.2954,309.5395,309.9057,310.4232,318.2421,255.6752,125.4954,75.9236,90.4469,105.5626,144.791,144.0755,76.086,90.0001,122.8757,111.6664,116.1972,185.0899,296.8392,339.4721,336.2949,348.981,386.2947,371.1745,235.9791,136.8016,131.7545,144.1543,226.3245,359.894,212.7287
190.4216,326.4273,323.2049,313.7513,310.1162,308.7405,310.5262,310.0819,233.7234,142.3726,287.5495,162.223,142.005,258.0511,130.94,323.9456,315.4963,331.4958,325.2934,293.3174,185.5564,142.6317,323.3949,311.854,311.3488,327.0669,327.3679,326.3226,290.7332,92.8141,337.1522,311.9894,328.2291,331.807,334.2505,322.8846,310.5622,303.2463,76.4388,333.1867,320.9885,309.2109,329.2001,329.9421,326.5279,328.1822,319.2741,199.9471,76.9288,313.6234,327.433,328.9535,327.8882,329.571,329.1089,328.0718,122.1592,98.8752,104.9995,137.5798,147.9331,110.1538,89.7787,86.7444,86.3348,130.4049,301.2668,308.6542,279.1599,347.7768,418.695,481.3263,354.0335,203.7284,160.6104,241.5239,299.2781,310.2321,150.7521,67.0595,151.2586,283.4984,328.8606,198.4068,251.4431,316.9265,312.1631,317.9454,325.2609,187.0382,223.6482,327.4467,327.2458,282.861,206.8958,134.9763,217.5876,332.0502,332.4131,343.4682,336.1992,310.9579,318.4722,206.6308,63.3791,65.4331,68.5819,92.6014,97.5577,83.5557,198.7967,280.1338,157.4666,77.5272,95.1549,169.3284,266.5898,349.0187,389.1552,386.4434,375.834,347.1386,268.8763,117.8476,112.8587,156.1069,199.4878,131.006
162.1178,244.6514,203.2325,327.3267,329.4073,329.9025,327.5938,321.4518,234.7914,140.1373,275.745,148.7563,131.3909,328.1479,261.9335,134.313,322.0459,327.3322,325.0575,314.4227,322.5312,328.5387,323.9854,312.6855,312.188,325.357,311.576,309.8418,310.6606,324.8579,314.4424,311.8499,314.0272,190.0261,94.6227,326.7788,327.0492,321.3406,76.8852,327.8166,322.8114,317.9969,327.6349,337.6362,307.9327,329.0633,338.1921,333.8841,329.1361,327.691,327.5064,327.3076,84.6112,310.4286,330.3725,327.6014,327.1385,222.3641,102.8823,155.6126,143.2273,100.7353,286.2298,327.5798,327.614,167.5552,167.8192,140.0334,307.6755,526.6005,521.3218,445.7293,280.0706,194.5912,243.278,262.6759,149.1398,248.7603,181.9601,259.5923,322.6579,313.6073,310.8446,153.3116,216.9466,308.9704,314.8268,268.1231,184.2193,252.9272,328.0089,326.7214,326.3299,190.4853,82.2459,93.2706,101.946,98.6786,140.6889,277.3234,351.6953,322.491,318.5433,252.0399,149.0786,121.7533,91.5218,91.4494,204.6661,222.8395,167.7081,328.6536,328.7221,240.2175,79.7446,89.1937,183.572,337.4235,423.2498,413.7268,396.5553,361.8685,334.8248,264.1451,100.9321,126.1924,134.0813,147.8705
325.9263,259.115,136.9362,118.7999,128.8204,119.6888,81.0493,149.2743,329.8987,327.895,317.2173,323.1352,327.2535,322.8041,246.3185,125.1105,332.3772,327.7325,329.9247,333.0596,325.9399,321.0378,327.2201,336.7014,325.5451,326.6352,310.5897,311.4158,311.6351,309.3893,318.3355,326.5681,314.5245,186.8838,88.8736,312.8543,71.9959,99.151,326.8563,327.4836,331.9779,336.2903,326.8746,328.6788,310.0463,328.5946,64.066,176.5129,301.818,327.1627,331.8728,326.5568,79.5132,301.0616,327.3508,329.2589,312.4213,317.6531,326.3326,126.3648,288.8207,327.5358,312.3084,308.4334,307.7639,326.4165,246.7762,97.2299,228.1145,567.8334,629.4423,590.4662,344.4838,214.9434,372.1908,295.6874,186.6017,202.8505,294.5368,317.3542,311.0215,310.6988,310.981,322.7549,316.5267,320.3423,328.6377,267.749,165.7273,232.6576,325.2014,335.4577,331.0204,216.047,177.187,277.7329,206.6745,101.1573,141.2578,231.0359,211.1642,222.7335,327.1457,327.0984,328.3896,327.7781,216.4587,68.5222,168.3051,318.2678,329.2425,325.5033,316.9867,317.463,235.0804,67.6701,73.3687,105.5571,187.0475,290.9781,373.8997,408.71,398.8606,252.6117,89.3687,76.5593,102.6895,91.8691
683.2737,368.8013,194.798,93.1201,147.9838,194.1067,207.3315,160.2758,157.9401,319.0369,325.83,315.9401,313.8028,322.2339,313.8399,267.2654,140.9751,332.2638,269.9243,91.2457,218.1488,321.1478,281.0167,84.654,112.7637,331.1912,332.9528,329.9063,324.9034,311.1336,296.5737,93.083,325.7475,326.9264,328.0887,311.6507,69.3356,68.4419,308.5687,325.8141,195.2749,69.8,326.7832,326.6335,326.7905,327.2978,64.8551,176.9973,301.9009,326.9565,337.3752,327.9423,326.6374,327.3584,328.9994,328.717,320.8101,315.2649,310.1859,325.3062,330.406,313.3691,310.455,313.051,316.0538,326.6711,117.4917,134.7227,124.9645,296.4319,286.4943,198.4316,339.4287,490.4842,503.8078,239.5628,202.7605,192.7371,267.1026,317.0947,323.2548,327.7866,328.8591,317.6926,323.1642,167.6406,66.8426,64.5501,60.4245,203.8649,318.9985,328.1848,328.9953,327.1764,323.8184,319.9638,322.5717,327.3982,231.0244,207.2044,227.6195,143.2911,213.853,329.295,327.4232,316.4675,315.7628,323.5425,318.346,310.1003,319.5331,329.6158,317.7319,311.0514,223.8651,62.8291,90.5111,127.3353,136.6593,281.1509,406.966,490.0114,481.4427,315.3733,329.7507,265.6009,146.1142,278.6402
998.2084,758.7969,311.3962,326.1943,329.0588,329.3451,327.0872,287.4645,235.2367,265.4402,172.7071,253.4166,315.9702,327.4234,323.347,252.455,143.1167,335.0664,267.9905,83.9257,218.0355,326.7054,285.1978,84.1564,107.9632,286.9752,64.9383,65.6977,100.3643,294.5527,53.7457,90.9472,327.2704,322.0109,318.1247,329.7811,327.8094,326.8636,310.3447,332.9133,194.8399,62.0123,325.4011,334.4282,78.2841,322.5205,325.6306,326.3833,327.2558,327.0523,327.0083,327.5517,311.9261,331.1367,329.2164,327.9658,327.5518,319.3992,310.1497,308.4063,326.7426,315.2261,325.4377,328.8789,329.6237,329.0133,114.99,269.3798,162.8806,134.0604,177.2544,225.4561,307.7261,610.7809,457.4292,288.8899,186.8192,88.4486,229.014,321.2886,239.9773,109.3915,106.0116,249.6955,259.1472,127.6542,68.8943,148.2412,278.7972,329.3069,327.8025,326.2591,326.3829,319.8986,315.108,318.7222,315.8722,314.9452,215.3707,142.0565,137.1007,106.9835,214.4295,332.1561,331.1535,317.4245,308.971,309.0221,318.1949,321.235,318.0637,331.4633,328.48,320.7014,316.2007,327.2363,245.8069,95.7375,137.0005,189.0482,251.4744,337.6677,407.5496,396.0185,310.5146,316.385,322.8885,313.736
678.0579,641.5814,415.3062,374.1797,256.2912,269.2048,409.3038,330.7548,332.4511,285.5999,186.5219,268.698,328.1801,263.9054,143.129,315.1143,328.934,328.1935,327.1667,299.4274,173.564,122.1251,329.9437,327.5579,330.4663,286.5496,65.5007,69.3267,71.5576,63.9738,91.8088,328.0558,326.9906,318.1037,311.2635,326.7159,311.014,317.1907,327.0097,327.3492,327.5217,327.6591,325.1518,327.3426,66.3055,320.4606,313.8416,242.9613,170.1425,318.3666,327.1006,326.8693,310.5733,335.4873,329.9975,328.2786,93.027,175.7962,307.5569,313.613,328.2061,329.3459,126.5138,77.2958,70.1188,275.3943,328.3813,328.9102,185.0798,113.3415,129.4342,162.539,142.3297,264.933,268.5236,398.0233,239.988,85.1743,243.1565,167.748,80.4924,69.4491,113.8417,264.4423,204.0201,251.2439,328.5661,325.2801,321.03,192.999,232.3164,329.6373,329.776,317.8,312.6967,322.5419,318.8313,312.4618,214.8487,160.3506,205.7599,263.3286,329.0334,328.5809,328.176,328.6415,321.3121,315.4449,217.3955,171.494,328.1257,278.6844,148.614,161.7257,322.1662,311.0575,316.3669,327.1269,290.5741,180.2659,137.5762,249.7353,322.2094,307.2949,320.0592,319.8742,312.1304,316.6879
493.2455,656.5429,535.0624,308.1733,304.3289,309.8077,379.5928,494.1862,442.0585,310.8305,320.0522,322.3952,352.2905,351.4779,190.0368,324.1094,314.6314,327.4946,326.1254,303.9263,222.4754,190.1597,325.5688,309.8921,314.151,329.2067,328.3626,329.3356,295.2345,93.1244,321.8214,311.9453,329.1039,329.1969,329.376,328.9888,307.9787,299.0388,79.1017,326.0641,321.4501,317.0601,329.5571,326.0049,327.6785,327.9579,310.4055,197.6675,81.7545,312.6679,337.1397,328.6307,327.8439,328.752,328.9911,327.7368,99.5237,67.0283,66.1809,289.6609,336.8057,109.5711,64.5045,65.4863,66.4528,276.2685,316.8479,326.6177,329.7518,128.9147,76.2082,89.9523,70.3087,212.9416,273.7491,387.0885,221.0616,269.5959,151.0322,75.6001,162.6413,285.3266,195.8938,131.516,96.7652,220.9279,313.7762,313.5895,312.4743,167.8347,219.0464,332.4477,329.227,333.9003,276.0612,160.7948,221.1391,328.2608,327.921,275.3741,272.1329,324.8412,324.5835,327.2988,280.4198,177.8046,209.0464,328.4843,221.2165,66.8419,168.7499,278.2529,145.928,63.0815,155.1247,317.2494,312.447,313.3993,282.1873,172.6283,132.2116,250.1329,321.0045,335.3341,446.5109,378.2811,314.2723,324.3609
408.4715,646.2895,581.2379,389.9614,274.7021,262.2497,435.5124,507.1732,364.9587,222.091,337.0506,377.8262,434.8899,468.8503,318.9951,225.5698,314.6738,329.3309,325.8911,320.2305,325.2188,329.3712,326.9085,312.6972,312.4644,327.9501,318.3315,313.3863,311.2778,324.2357,311.8176,311.9324,315.8562,185.7984,85.717,329.0014,328.8911,315.2609,75.1121,327.1569,321.6573,316.4167,330.7216,328.4541,319.1725,328.7652,329.8891,213.0807,92.3278,313.9335,329.1155,328.7197,93.6877,303.6645,329.4644,329.8035,330.3997,219.5057,92.9203,67.7781,287.0152,107.6421,283.6014,331.0959,331.5205,330.1786,317.0151,334.0799,331.4472,129.0564,80.3787,99.1067,71.9325,103.6435,126.8668,125.9806,103.5826,249.3386,145.2684,242.0067,325.7036,319.4908,164.6436,94.3089,244.1675,318.3321,313.7828,319.4138,326.5234,330.0136,333.3385,335.9606,331.9257,216.0519,113.4638,97.5804,92.3758,83.122,192.8896,273.5304,276.4824,321.7625,323.4599,333.7181,284.1189,162.8421,91.4667,84.0824,181.2153,236.6679,191.4972,336.5057,332.1783,233.5631,160.5689,333.4998,328.2592,313.5203,276.9926,150.8887,81.56,142.2477,194.5066,268.6214,420.0367,459.9049,489.3231,554.283
323.6291,467.7757,603.8495,646.0292,495.6974,350.8564,272.417,360.0177,464.5434,390.5997,381.9114,358.1017,401.2283,589.042,615.3395,451.4828,409.335,416.2063,445.9307,528.6979,456.9238,385.1399,326.9126,347.46,420.6005,325.8235,311.7751,311.5718,311.4618,311.7559,312.6098,327.9441,314.0097,184.2162,84.4046,310.79,70.4787,76.4189,329.9092,329.7019,328.5106,327.3627,329.5067,332.8636,308.4445,328.0778,71.0921,189.5728,320.856,328.2968,329.581,328.3667,103.8808,313.5559,328.9672,330.0542,316.2857,320.3965,327.3151,128.1572,291.7632,330.6143,315.4505,313.4103,314.9537,326.1248,331.004,330.3985,325.7238,327.1537,328.9923,330.2844,330.3028,141.3884,75.8862,66.0047,59.0375,234.0943,323.7348,320.4532,318.0284,320.3202,327.6245,201.8457,243.5999,323.1888,330.6694,285.8938,210.3975,256.426,322.1999,332.4436,332.2545,274.2909,256.1152,309.266,292.2872,194.309,224.7452,295.1962,302.18,328.5399,329.7203,330.2467,328.9686,327.9274,213.2737,64.3232,168.6674,318.1929,329.0778,328.3382,323.4621,322.3597,230.38,59.7346,153.7081,329.7437,331.8562,333.0714,305.0275,209.9797,157.9906,204.8122,299.005,527.576,572.869,540.6563
320.3209,330.0916,419.8475,538.1065,540.1954,548.153,520.3161,408.8892,414.1684,541.5408,509.3075,534.5374,589.9542,663.0173,547.2769,389.5398,316.2811,330.118,324.4241,325.8823,425.2906,505.7755,465.9897,300.0974,389.3528,384.384,328.6941,328.7608,326.7296,316.1192,313.1165,119.5342,329.2226,328.5453,327.9171,311.0076,75.5013,80.7176,309.0663,324.802,195.74,71.7225,328.7021,337.0928,326.6796,328.2481,65.4882,180.655,308.6964,329.2176,333.419,328.622,327.5735,334.4571,329.158,332.3967,311.4975,308.5724,308.6349,327.2852,337.7146,316.0373,312.7516,313.3827,313.8019,326.9214,145.1989,277.6814,326.8032,316.3903,313.1124,312.7742,313.3301,130.7514,62.7228,251.5023,329.8422,328.028,316.0744,311.7787,320.7228,333.4323,321.279,325.3147,319.2526,324.2293,287.9033,283.9786,325.101,323.1618,320.3484,329.2052,369.607,556.165,658.3099,608.2728,568.3135,479.8094,402.0443,315.2771,280.3175,211.558,193.715,328.39,325.8347,322.4534,323.8719,329.0443,324.2427,314.4178,317.9564,324.4554,317.9557,312.2771,225.7239,67.5993,59.6514,64.0884,99.7565,224.8225,279.3132,172.1847,105.3147,141.9265,223.2635,353.1293,359.7717,446.9421
364.3535,356.6183,437.1861,500.7046,487.0319,571.154,799.0342,779.4678,468.0362,286.2182,253.2041,276.7153,330.3488,408.6567,343.3469,274.4692,280.0012,642.076,829.0845,752.1458,548.8325,374.1689,355.9338,527.7969,715.0994,433.8112,176.2775,204.502,242.1267,299.6452,85.213,142.5281,327.8315,322.5304,318.4888,328.8503,328.6716,327.8724,311.9895,326.297,218.1606,114.2498,329.4506,328.1139,67.917,323.0067,326.5954,322.8674,319.1014,326.6632,336.9793,328.8791,309.5755,328.3405,329.0111,333.7811,333.8008,324.1372,313.2112,310.6621,336.2164,315.2519,325.9054,331.6391,334.4914,330.0485,122.3396,273.1853,331.1206,319.3373,318.5073,322.2077,315.1633,160.0755,264.7335,317.6913,315.9842,141.2301,231.0735,324.0108,259.7896,154.0028,242.1126,322.4812,333.8769,359.3323,305.9406,298.9246,359.3487,352.5839,330.093,343.0135,521.1672,851.5405,999.851,973.1195,780.7175,467.987,382.3524,328.5438,273.4367,224.8134,207.048,329.8135,327.2854,322.1103,315.3408,312.069,324.5069,328.1371,319.5754,330.5153,329.3923,321.7511,316.2743,328.3215,243.2757,74.9002,111.1861,230.9148,275.2873,147.0919,64.629,90.9037,147.8833,290.1129,316.3734,312.9092
515.5569,521.113,634.0848,725.9605,661.768,596.0248,632.5094,823.337,856.3597,802.7316,747.7147,737.9464,661.8879,467.7913,430.1164,389.4755,476.422,988.6108,996.5096,965.8597,1025.7112,1060.3353,980.9802,885.3422,890.1761,732.1567,373.8349,412.4605,428.2877,299.6392,238.094,327.6371,327.7509,322.914,319.0298,325.0038,309.7921,312.8542,328.1619,335.5431,331.1775,326.9075,329.8654,328.1688,88.0261,322.9926,313.5586,320.546,328.2847,327.1953,328.0323,336.545,312.4256,326.3554,328.808,331.6445,111.9822,189.8227,313.5565,314.2816,327.9071,330.2536,113.0885,72.6576,79.9651,279.3334,329.2458,333.8881,333.8203,332.0029,332.2491,333.1496,331.9863,331.0023,318.4759,313.1913,313.5632,186.667,266.2841,166.2128,117.3469,165.3575,276.468,329.3393,204.1536,236.0703,353.172,354.8387,303.5817,347.7168,363.5363,339.0488,318.4149,476.436,555.7333,432.9089,297.6007,272.0424,292.6395,215.7295,241.8506,332.9119,333.092,331.5839,333.4046,329.9354,320.104,311.4316,227.4191,193.6115,332.9221,285.3828,151.0685,162.0329,326.3582,321.899,325.5824,328.5499,328.2191,328.9404,329.4792,329.5999,269.0206,109.4767,130.8846,252.1151,289.7556,286.5294
629.3391,667.9969,684.9961,707.5554,608.5914,535.6207,507.3583,583.7119,860.2744,966.697,945.311,1020.2263,1021.6349,879.9672,890.5496,830.2581,572.7012,736.5443,547.4034,533.8182,727.4803,895.7316,953.3192,952.2834,833.9417,876.5933,715.0479,563.5133,418.6744,354.9668,508.3987,314.3255,328.4612,329.0434,329.3385,325.4197,312.3043,311.1268,168.8407,336.4512,325.3967,314.685,329.86,327.0961,328.1345,328.3606,317.8539,202.9316,84.5192,311.6987,327.5322,337.8546,328.0783,338.2226,330.8221,328.8238,114.9432,78.0351,69.8835,291.0347,331.0186,162.7776,75.2559,69.3177,76.0703,278.5573,315.2537,326.3416,332.6023,135.4136,76.9529,81.9226,73.4099,247.8226,320.5793,328.9286,331.6317,328.6568,160.0095,117.5387,199.8831,296.4435,171.4241,240.4726,166.9169,149.6991,268.7041,266.8573,190.3666,273.8207,341.7323,329.0474,344.085,423.384,454.1763,408.3333,411.9876,278.1954,183.9212,181.3389,220.6967,322.1852,320.7716,332.2656,274.5106,142.1721,178.8974,328.2736,215.349,79.1299,202.898,284.7042,150.6295,66.0724,153.2137,313.4753,316.3101,311.1567,271.5144,149.2292,102.61,229.2683,322.8006,330.4377,302.0496,268.6089,369.0085,330.3246
584.3157,564.2016,563.9675,528.4019,431.8002,389.5606,432.9187,435.5494,471.2739,529.9048,499.3083,547.2587,622.0476,767.914,902.2615,834.5863,413.3525,436.0273,516.8696,543.7924,556.1432,573.2127,624.8743,727.3036,755.8423,793.7318,900.5027,796.1034,656.8773,333.0542,339.4579,341.0,323.2385,262.3357,215.5225,330.047,329.4697,323.8556,224.7927,331.6078,321.8988,312.5394,329.6908,355.2121,315.6803,328.8758,330.9435,221.7957,108.931,314.6279,328.6467,333.7517,109.3885,306.5893,339.9788,331.28,326.5206,211.9613,81.841,104.7727,304.6158,146.3543,291.9203,332.7526,334.3627,332.1178,316.9094,328.4398,331.6752,151.1969,84.5912,71.5002,68.9113,248.3003,328.1426,144.2406,67.6774,249.6096,168.6469,252.116,334.2577,339.3615,171.6434,241.0453,164.4151,75.4485,182.1248,203.9982,134.889,210.663,312.4466,331.6555,320.0703,386.7609,444.1314,433.0842,429.6809,387.5245,290.5321,164.1634,205.6001,322.2275,320.9233,329.8969,270.5754,139.1824,67.5276,69.2221,173.8181,223.6786,169.6238,332.1115,331.2005,233.2397,157.9409,330.4407,325.1581,312.4878,282.374,186.532,149.6125,247.6274,318.84,319.2545,284.4214,251.1819,348.4216,294.5126
326.7455,345.6104,344.6227,309.3932,284.3901,274.0876,275.4519,280.0777,322.3569,284.9326,298.6942,381.8363,442.9326,453.3108,482.8742,441.1777,284.7288,418.3047,450.5782,492.0181,504.1929,510.9196,513.0786,571.2859,537.7419,580.2852,665.2487,734.9615,808.7339,874.244,667.2407,340.5966,328.4937,316.597,307.5984,326.3517,253.5097,298.7821,418.5656,325.2288,332.9386,340.3986,329.0074,335.1722,312.52,329.1709,152.9853,238.6061,333.154,327.1566,338.5738,331.7953,136.6953,309.3821,338.2769,334.7763,321.7083,324.0971,328.8057,112.2233,297.7135,119.1491,271.0107,316.6701,321.1467,330.8724,332.8137,338.1125,333.5873,331.3009,331.309,331.5165,330.7256,332.3242,144.6048,67.2032,82.7844,263.301,333.7339,330.8664,331.0312,330.6322,330.5319,333.1064,336.5876,201.5529,177.9215,196.3304,161.4422,194.9899,287.7265,333.0847,292.5382,328.2471,403.7773,435.831,430.9297,376.5896,221.9584,213.1151,334.0719,335.5931,331.6454,332.6613,332.827,330.9348,221.7594,75.5183,174.8109,325.3163,331.413,327.5871,319.9648,320.6477,239.1968,77.2053,166.5853,330.7948,331.8062,330.8614,330.4547,331.2803,328.4467,318.3714,303.432,313.5974,392.3472,314.2226
183.9166,253.498,240.8183,147.9579,151.6158,165.6859,207.3036,236.1484,218.5431,204.9469,163.6737,175.0771,207.3077,314.387,445.3552,407.5316,258.2307,460.4723,531.8359,498.4901,474.954,471.9489,539.9505,541.0822,518.9927,528.8821,549.8959,551.9346,591.371,869.4055,1036.194,824.2836,504.8438,332.0781,190.814,408.5706,343.2422,248.2399,293.7018,326.458,274.5049,224.5893,328.2039,238.6527,334.2761,328.5829,170.5458,236.9519,310.9991,327.2478,330.8789,333.3812,329.2755,331.2629,329.4653,328.0715,321.6538,320.8812,320.9958,329.3936,331.0055,328.5355,315.1897,312.7953,313.2261,328.4271,159.4412,281.7752,331.4782,317.3828,313.6421,314.7675,314.1542,134.1716,74.58,257.5075,330.8016,332.8474,320.2722,324.4295,329.8846,330.2296,319.0461,324.4885,318.5221,322.3125,226.2929,210.6619,295.0777,296.1806,305.382,333.8192,317.9526,317.4099,343.3412,369.2547,338.958,315.2811,262.6442,251.5769,320.5682,204.3526,186.506,330.3925,328.552,321.5183,322.4967,326.3595,318.2097,312.9281,320.9446,328.911,322.3212,316.0602,234.6355,89.9177,88.3781,111.2738,165.262,252.5322,283.5156,185.6007,176.527,330.5095,334.8815,394.4648,505.5352,420.6967
116.4482,162.6074,205.9165,239.2826,237.704,221.9117,221.7998,260.9409,232.8181,233.8555,170.4596,200.0526,188.5961,117.268,187.5053,230.8247,166.3609,328.1021,418.963,377.7377,417.3106,465.5774,542.2635,560.9231,474.1471,446.0594,422.518,403.3492,394.7281,476.3936,703.4002,913.0842,1050.6641,854.7852,647.7294,331.2469,364.1014,428.2876,473.247,334.0554,330.3148,326.6621,329.9731,411.637,181.6366,328.055,143.3133,222.9747,311.7648,330.0575,329.4992,330.6269,316.8005,335.8028,329.2178,331.3317,329.0741,324.7573,320.2552,315.5661,327.8312,315.9684,328.44,330.7921,329.659,331.4712,123.8009,274.0762,332.3149,318.0506,313.92,314.3392,314.6478,132.7712,254.1811,319.0003,314.8676,326.5866,319.6435,326.0034,333.7025,336.3345,321.0582,323.8111,320.6725,314.0026,324.1082,330.2984,329.24,220.7238,250.898,332.2314,370.3859,446.9904,471.8107,446.6553,412.9767,361.7996,256.4813,245.5572,322.1595,237.4895,223.2914,333.4406,341.3955,348.6776,335.4768,312.5619,319.2941,322.7168,328.7357,349.4426,344.782,331.402,319.007,333.3436,291.5743,201.3359,229.9644,281.3269,295.0556,222.6019,173.67,258.2969,483.5118,552.656,558.499,442.5964
299.7113,363.7668,392.7849,499.3873,544.975,559.181,512.5212,471.1396,503.8284,559.7884,406.5523,380.7612,328.8057,230.6585,185.0477,126.1531,147.1354,289.2692,295.2473,240.1844,340.4814,427.2209,472.5033,549.4631,483.7577,451.1292,405.4338,369.7812,332.9669,300.0746,340.2269,341.9331,693.9647,807.8284,892.9807,627.701,313.2822,249.2745,304.1702,357.0427,406.0068,452.7418,331.1197,321.5676,318.1039,330.779,275.1531,300.3906,328.3924,333.4465,331.2002,326.4209,312.3866,332.3253,333.2864,333.581,126.464,199.0499,314.7507,316.7296,334.9636,317.4985,110.9228,66.3538,64.7944,277.3685,331.7665,336.1597,333.5067,332.2502,335.0998,338.8942,334.1365,331.3579,320.7737,314.2098,314.0219,327.2875,332.183,331.5453,332.6605,334.4742,332.6374,331.3376,330.4669,318.9684,388.1102,407.6004,358.6219,301.6592,394.0527,397.3172,263.7727,218.2657,219.0536,207.6064,240.3112,304.8908,312.7086,310.6562,329.3644,330.1056,341.3817,387.7508,458.6073,523.963,463.9081,374.0592,430.1771,460.7589,486.9774,420.4831,328.1678,292.1571,325.1057,314.0996,319.3893,263.3197,172.6201,312.1019,397.4138,358.6752,269.7924,221.5725,572.8263,701.6694,480.9102,341.9998
603.0127,513.0825,496.2735,633.3652,645.688,629.7302,540.6413,467.2877,493.1855,471.4349,429.2294,458.9878,463.4053,398.569,339.4238,319.3639,284.2134,207.337,142.4007,158.7291,246.4882,337.1478,434.8045,493.803,475.3239,452.0019,385.6877,338.9389,303.0545,343.4991,397.1228,313.9068,312.8112,466.4956,618.3959,727.5351,548.0547,458.5807,576.2997,777.948,793.4851,809.7541,879.5538,472.6304,223.1719,327.2249,223.9923,223.4034,226.4238,325.0133,330.5652,326.177,328.7073,332.3849,337.7234,331.9098,118.5278,85.7159,82.0481,293.4966,330.8735,330.9261,114.6851,70.4983,73.0376,279.4079,316.9314,334.7038,334.1749,136.8971,93.647,117.625,109.3207,255.7801,315.2585,327.3251,333.4806,336.535,155.6239,244.4249,330.5003,330.9423,189.424,251.8647,231.2745,391.1143,424.0171,452.7117,611.905,712.7276,660.449,454.4042,197.8565,108.4006,138.0646,154.7455,231.9633,312.7489,374.1639,409.3492,419.816,456.407,586.3583,832.4605,973.5543,985.8298,885.2303,707.4346,665.5556,670.8415,668.7083,615.192,474.4607,372.7607,351.1956,351.0584,350.023,331.5368,290.6511,297.0599,344.5005,485.9048,448.7974,162.6663,337.046,364.3423,332.1852,140.7677
541.2128,462.7876,424.8183,433.0293,389.4068,354.5648,343.4961,356.2872,396.1085,394.7181,327.6143,395.2891,476.472,543.3033,513.4019,543.8538,444.3817,412.2391,313.4688,212.4057,185.2459,177.2514,251.6683,338.9373,404.7967,391.2194,361.7732,305.815,263.8466,315.1027,353.2944,271.5724,324.0356,322.1696,326.6988,418.0413,636.2379,714.2867,676.8802,677.7738,587.8972,500.9173,633.0999,717.5701,423.0465,330.9527,228.7572,251.2409,277.9126,328.1022,336.7561,332.444,340.9318,333.2524,332.9431,329.0899,330.6769,265.7322,191.3196,113.7982,294.192,108.9263,285.4654,331.9505,330.9669,331.2313,317.4785,328.307,331.2952,131.511,68.7087,68.6412,75.9662,248.875,333.2364,185.5954,85.2023,248.7239,178.4516,255.5409,330.8029,334.3375,178.3614,242.6511,299.1693,240.4488,313.9929,519.5179,754.2922,707.701,505.5485,440.9505,439.723,370.9322,321.9714,327.5677,352.0501,443.4479,529.9638,502.4238,454.3841,545.3632,716.1714,746.7809,662.955,605.5132,607.829,642.0067,604.4788,577.8802,514.1883,427.8699,473.3746,484.5995,426.7942,384.9698,414.4655,500.7196,604.6093,570.8819,588.8949,725.395,694.1647,323.0264,190.7552,142.6732,101.158,128.5583
466.0884,372.3802,359.3594,452.4382,437.9252,412.6021,378.6264,380.4578,391.8642,354.0819,302.2056,323.7704,332.5787,323.3092,356.672,378.099,392.8236,484.2326,453.6231,419.5649,306.0883,202.2986,159.6396,214.6431,285.8113,309.3277,289.3253,277.0097,259.733,230.4363,328.4831,263.4441,304.6085,331.904,349.505,258.1551,283.4628,441.5444,350.5764,259.6927,247.1364,236.395,363.3809,564.8636,637.4998,351.196,262.2989,228.1423,195.6577,325.0272,328.5584,334.2676,374.1276,335.9121,329.8479,329.1539,361.9791,354.0368,339.7536,181.1347,305.0969,148.366,279.9165,316.9474,318.0662,328.1763,330.8422,332.4615,332.2191,331.5261,330.823,330.0976,330.0048,331.5325,141.2392,73.0772,161.3949,289.4807,330.5152,387.6184,444.2577,487.0094,392.3416,399.6723,315.5811,337.7021,484.9497,548.1567,559.1279,566.1194,563.4653,634.754,637.5576,591.298,574.6592,546.4965,520.6863,528.3622,572.2892,618.0941,652.8777,625.8159,506.1461,417.397,415.5499,422.469,380.5404,331.3696,382.5822,429.6949,432.7523,460.331,506.627,592.4879,731.5602,794.8086,785.6001,821.5923,840.2059,788.5083,713.7863,586.3377,493.3772,454.5902,366.4497,373.8641,369.8004,346.8453
424.4997,387.5515,388.6803,470.8168,443.2721,405.5984,368.5488,367.4514,376.2687,389.7406,341.688,365.5352,385.6617,409.2193,462.0735,463.997,383.4322,354.1167,366.037,394.2211,417.8505,413.7239,304.0214,241.583,220.4182,230.5179,220.9758,238.8342,256.5408,271.8079,272.7681,254.8779,336.2227,331.7658,331.5255,379.901,395.0926,363.0655,448.2613,415.4912,373.5553,332.537,361.1742,433.6964,697.0139,408.4632,318.0551,341.8641,369.3351,542.2615,473.5196,342.3027,337.4747,453.0414,451.0895,499.8424,404.4956,367.9092,342.3407,331.6817,338.6573,334.4238,319.0965,319.1298,322.8579,330.3275,127.2397,281.3318,335.2099,320.5569,319.5325,323.5644,317.8354,223.2586,152.5565,274.3211,330.4654,337.2728,322.77,589.7947,714.2699,698.111,511.407,367.49,244.3625,450.2943,590.5599,534.4312,467.5005,439.192,439.5081,426.6542,496.4802,582.1554,573.64,525.4768,487.9259,473.2962,481.5141,456.1487,407.9219,447.3936,501.2209,464.6434,408.119,364.6955,341.9744,356.4906,415.5264,492.4624,486.5605,438.48,431.5967,404.7169,386.6448,444.9482,470.8389,419.8053,363.145,369.0682,382.642,413.7357,487.8884,605.9081,549.1908,523.4085,613.6853,598.5359
439.8482,393.6006,364.8691,436.7307,443.1943,419.2017,344.5565,333.5959,404.0402,399.6333,341.0319,358.816,370.8665,380.5366,434.3797,483.4855,426.5723,373.9598,399.7974,366.3024,422.8257,462.8571,423.0311,347.7878,341.2256,309.3804,290.4065,285.1447,287.9442,341.4852,362.0513,287.2545,337.1479,351.1439,363.338,355.2463,370.4228,442.6525,456.9443,439.743,421.3474,402.3741,340.085,385.0224,355.6665,580.0849,543.8058,475.043,405.4034,426.2816,486.3011,460.901,490.0713,610.2102,401.5019,410.3235,684.8088,577.9837,413.2367,340.2845,336.8761,323.2895,334.2888,335.181,332.6408,340.5592,187.7803,292.9797,331.8936,318.3316,315.4311,316.8784,315.8971,199.1292,298.5752,327.6327,326.0395,333.7292,321.626,436.4099,466.7867,423.1009,347.9527,208.9476,349.1683,553.1306,456.2497,393.1699,447.9304,485.0332,486.5586,434.506,390.3522,399.857,403.323,383.9593,407.0032,448.3163,439.093,384.0897,341.1942,357.3062,358.4492,337.7808,347.0818,346.2161,341.3024,342.2808,392.0428,446.7126,438.0257,440.4095,461.749,485.1519,503.3685,501.2011,485.139,461.9083,449.277,447.8165,435.3268,397.58,376.2302,436.627,574.7505,613.3686,571.3667,470.5974
404.8002,393.4128,386.2776,407.8923,428.1566,427.8463,376.9781,334.4487,388.5107,455.5692,413.819,445.601,469.4374,475.91,482.4663,463.2404,428.4158,380.0231,440.1235,393.6249,393.8692,424.7373,542.6005,492.7434,466.9671,438.0148,443.0198,417.6198,396.4813,402.9002,391.9108,301.2443,375.1455,388.1248,399.0661,383.2207,340.8081,368.932,389.6481,375.7697,384.7349,393.5747,393.0148,414.8279,427.7187,411.9449,489.5551,576.456,663.5931,608.1678,607.5798,633.8954,633.6855,799.571,746.0661,615.7551,591.9677,627.7254,669.8167,789.5353,627.6241,370.9934,293.464,405.7606,550.9042,495.0267,390.5338,339.9114,351.3315,338.6485,382.1395,447.1541,367.4122,263.0712,443.3085,441.8091,379.8045,343.5902,331.586,221.378,166.4594,164.9535,271.7143,323.4688,558.9342,524.647,375.9917,374.4182,412.47,454.1357,419.002,366.3846,375.1187,416.5741,428.9269,410.3963,445.3287,490.9197,456.8272,394.815,379.1445,404.6314,411.5728,427.6759,462.114,460.6468,449.6484,441.7001,430.3406,397.5009,406.6989,430.4802,424.4364,428.6714,446.0326,450.0079,432.9038,398.6494,393.002,427.0042,442.1644,414.1759,403.2841,419.0727,406.6812,425.8322,426.7793,423.0824
436.3784,438.6172,435.9827,439.0032,437.5191,423.2101,401.0642,412.7291,426.842,434.5871,429.2807,471.3799,519.2913,547.8434,478.0569,412.8057,382.2502,347.9729,390.8528,348.3444,377.1551,401.201,407.4132,430.8107,477.8825,434.2465,404.7353,416.3343,425.8972,427.1626,451.9953,379.2889,393.0725,414.9564,427.5434,338.2278,386.741,417.8669,411.8732,407.3046,356.959,307.3802,316.058,373.2748,412.427,454.2147,402.1203,373.4842,345.7092,399.3865,450.7384,352.6815,324.3296,343.5807,435.5839,419.2775,376.4047,412.7145,460.399,602.4826,639.1761,609.7925,686.602,726.5358,753.4532,794.7716,570.5436,372.4541,332.2807,245.9325,201.6563,178.8835,303.9346,514.2276,528.8112,648.1461,698.2986,486.151,382.4494,374.237,364.2327,352.1079,373.1228,488.656,489.2821,370.655,317.5959,336.0541,367.4893,434.5676,449.0793,399.3656,384.8882,397.4916,390.6993,370.9443,408.5181,455.4082,418.8607,383.132,408.8986,432.6398,421.4511,426.2181,447.8562,447.6144,485.024,516.5034,459.4192,414.7628,413.0973,411.3114,412.9376,415.7473,426.474,440.4255,432.3637,406.9355,403.637,451.3148,471.819,430.0945,401.1946,413.9558,456.5911,484.3729,440.7562,413.1605
427.997,460.5251,475.6925,430.6074,397.2449,354.1532,331.3005,383.1689,415.5043,406.1026,385.8301,440.3327,504.5987,535.0706,414.3379,355.242,360.5748,325.4527,394.8733,397.2307,413.3304,420.3203,390.7258,381.4776,424.3591,370.616,358.945,345.2686,323.5067,269.9009,354.4502,316.4294,416.2125,445.896,459.8303,299.2215,348.0244,406.0364,411.795,408.9842,391.7991,374.8823,378.3185,390.9429,413.652,374.7177,346.6991,363.2585,381.3021,441.379,485.7226,473.3393,464.8538,413.8603,333.5641,390.9741,395.0825,394.5759,394.6864,360.9648,419.0767,400.1534,410.3427,374.0179,325.563,433.0893,453.1484,366.3486,275.8287,220.5035,304.6065,430.171,621.6022,650.9537,600.8764,613.0866,622.293,640.5759,680.8436,669.6857,634.038,599.793,608.5323,565.88,399.3911,329.8535,352.0311,370.4099,384.7433,391.8841,347.4549,340.114,365.9634,395.7021,399.6535,367.3328,367.9644,391.4727,399.5779,371.1464,391.7984,431.7693,397.0338,397.4063,420.9211,413.0242,426.2755,442.0221,435.8987,429.6365,402.0932,389.7935,387.1888,389.7359,411.7651,431.7742,396.3851,358.2298,381.796,413.1006,424.4988,390.3108,383.2393,427.1997,436.4433,455.9125,435.0045,405.8847
399.2484,442.7225,448.5836,405.6962,351.6495,316.2323,326.1292,359.9325,384.001,348.3812,318.3057,376.5934,424.1465,424.8192,377.2662,357.3041,381.5602,374.3491,368.198,361.6073,418.3244,430.2348,297.8597,358.4926,450.1568,385.4621,379.7381,371.3052,356.8165,315.1221,353.167,303.738,367.9532,371.9867,370.6397,311.9138,357.8651,436.8825,431.8415,389.0687,406.2154,423.4023,443.5747,446.3746,450.2159,419.9431,331.217,342.9761,358.1483,421.1837,410.4659,393.731,411.3696,359.2269,342.3488,383.3897,414.7123,416.5999,414.6368,409.6243,414.766,303.9686,305.7416,384.4403,473.8531,331.1706,463.2405,539.9523,583.655,645.7297,641.7626,615.1456,530.322,385.3375,435.7778,436.0914,374.4751,275.7144,415.392,659.2885,696.0211,632.3896,479.7328,372.9494,338.6755,357.6009,375.0463,384.913,400.898,406.2117,377.0594,366.1022,403.7364,432.6597,410.1039,360.6813,365.5747,397.8146,384.0911,360.9068,365.9106,360.9246,355.1104,378.2769,386.3208,375.4863,403.6136,442.6745,440.4184,442.1423,420.6635,405.9885,401.1222,398.7016,402.4946,411.1093,395.5945,351.5571,360.6482,385.0861,400.5824,395.6024,396.3235,410.5077,423.3227,433.2134,419.2568,377.5833
328.5495,383.0349,392.3676,362.8614,344.9651,331.2172,344.5351,385.6776,380.7925,328.33,323.537,407.9328,456.176,413.0079,380.7821,368.875,393.1859,401.859,387.3857,353.4721,403.2965,409.9709,291.2187,394.5164,434.334,392.2814,394.1071,387.9338,372.0477,311.4238,375.9875,330.738,383.8586,402.9769,414.2774,340.5337,389.135,385.6755,398.0283,385.1449,394.8826,405.063,448.4518,413.4588,417.011,404.9861,309.0385,339.7718,374.8166,441.8742,417.4051,352.1767,369.1555,344.6061,392.8394,391.6902,414.7319,424.9576,432.8187,447.7903,446.02,368.7935,424.7667,448.6267,459.0834,328.2382,320.5005,507.7579,720.0153,680.02,570.8285,463.451,413.6133,368.18,416.7124,431.8945,408.3722,287.5291,283.0011,359.1974,355.4525,309.838,328.7465,396.0074,399.3508,384.9072,375.913,394.7951,435.7342,442.333,422.0541,390.6631,387.5051,390.3345,364.2675,328.8816,382.1501,409.4993,375.994,391.1207,396.0829,396.0717,396.7852,387.4863,384.0865,376.498,385.0166,397.2896,401.1576,410.8019,405.2924,414.6702,426.0172,424.8067,407.0872,405.6465,403.357,395.3375,418.894,416.4426,418.1685,429.461,445.4671,461.7724,453.1819,449.9403,423.2123,407.2148
365.2633,335.2486,309.0578,325.7784,348.0502,362.6696,371.6714,404.2352,414.723,351.4761,320.0858,378.1417,413.7906,388.6119,363.9681,369.0024,397.9386,396.4436,361.7007,306.3885,347.7327,355.3883,283.615,439.8537,425.4642,365.3697,379.2541,373.1549,352.6993,266.8543,376.3104,355.4029,417.5226,409.5797,401.9771,399.2073,403.057,355.3429,408.7554,368.1713,360.5903,353.4334,378.1718,346.4559,393.1858,358.5497,302.9903,330.3778,360.5603,418.2435,400.2375,363.799,342.5376,445.659,411.3479,467.2816,429.2592,416.4753,409.1726,378.1096,401.6623,354.8342,398.5626,413.1913,416.8714,398.5891,448.5554,405.4523,388.0658,388.7668,380.9338,370.1998,368.6223,311.8248,387.2708,433.0722,417.7572,282.1281,324.53,433.0577,435.2773,393.4876,374.1555,382.7223,372.2459,375.4065,325.0459,313.9018,358.1569,432.9901,468.944,444.0709,392.039,372.7284,372.5641,357.7728,406.9904,428.9875,400.5475,401.8716,422.0831,443.1582,430.502,401.2797,381.7484,378.5684,387.2161,391.6989,383.7015,396.2978,410.0412,425.3094,439.7663,445.1824,442.1277,435.0176,407.8725,407.7336,412.7921,405.616,410.1552,441.5224,456.4642,433.4532,427.252,443.7756,449.4211,440.7662
391.6145,371.1151,356.8696,385.1158,393.4576,375.1186,339.8718,377.3384,411.367,391.297,325.6058,344.6544,354.4518,336.261,332.3699,390.082,414.1719,412.7407,374.4911,315.9626,341.078,339.7366,294.5956,482.1064,419.8405,389.7155,408.1973,401.7862,373.445,237.2816,351.597,337.8921,439.7904,420.2041,400.6305,381.1797,364.7687,403.6701,436.1083,376.3829,378.3416,380.698,412.9484,386.9565,383.1641,387.2951,359.2752,379.1106,400.5752,394.6695,399.3857,402.458,317.9787,377.0436,442.7549,388.7762,431.1965,431.6335,424.162,418.5252,474.1861,380.1953,357.9673,384.2751,416.5916,406.0765,454.7181,444.4313,460.0935,430.4379,411.9424,402.67,396.4352,284.6648,335.5146,380.4189,381.2056,289.1219,351.8955,441.8184,446.5506,423.5221,419.001,399.1281,388.6051,409.2291,339.7394,296.266,311.5214,404.5088,454.9383,426.9611,381.7407,367.2318,376.2882,377.3152,425.9458,441.5232,425.6653,454.6323,455.4233,433.256,433.1847,427.6263,418.2429,427.9232,443.2851,436.8795,410.6091,414.4436,393.6921,360.0827,371.072,387.493,416.4388,430.063,404.4734,361.1749,315.4639,339.1758,360.9936,378.4738,393.143,402.0296,413.0378,414.5753,396.8359,395.6297
398.6791,383.3099,410.9018,430.7562,397.3065,370.2498,344.1245,311.945,335.6958,362.5823,318.1948,326.1672,336.2323,351.3598,364.0675,379.5661,403.9821,393.2327,372.4938,341.7762,347.7249,344.041,334.7794,447.3572,424.1738,394.5982,437.5526,419.6776,383.9015,266.6667,384.3512,284.1415,420.8985,395.0265,368.6313,338.0396,341.7675,425.3463,404.088,355.9106,367.3596,379.3873,434.9604,422.9651,405.681,426.9428,395.3737,408.9455,424.0726,368.9548,378.4468,387.7246,336.3271,381.9802,409.3093,421.389,438.8604,437.8799,434.1797,367.0128,407.5065,360.0837,310.8833,330.5081,364.1929,359.3563,413.9531,387.7218,400.3817,401.8214,393.5711,385.1405,380.0567,346.6166,412.4504,406.2003,389.5126,319.4292,342.5377,398.4848,408.6911,401.7421,396.389,372.8651,337.3538,338.8866,314.2691,303.6779,322.6136,385.808,426.3209,391.0524,354.1051,357.0394,376.1052,395.3353,421.9946,432.2083,436.5729,425.8994,398.9276,407.5864,426.5513,413.3136,401.4503,419.7806,438.4758,438.7407,429.8656,426.3478,374.9044,338.2373,375.6342,401.3242,395.0577,371.1736,359.9035,333.9461,292.8535,332.1517,357.6562,351.5731,346.0888,350.3412,373.6265,385.9286,378.0905,369.5447
348.4822,369.0504,396.8472,410.6725,390.9822,370.4132,343.3892,315.8463,328.2477,362.2302,355.3763,383.2213,393.5876,376.8848,409.539,429.1619,415.7741,388.1277,378.8286,327.5415,341.5433,359.0089,381.2209,364.6195,359.9076,351.7678,387.5782,379.8174,361.0886,287.5366,321.1976,225.6092,397.59,380.1725,360.5972,318.894,334.463,409.4576,379.461,306.9546,325.9402,345.1726,382.8203,352.3551,366.0922,392.3795,368.844,380.2521,392.8711,353.492,356.0725,395.9782,346.0261,392.8395,384.7498,378.6094,388.2862,406.1608,424.9205,359.4598,400.5629,376.2856,366.852,368.5833,371.354,337.6734,378.2029,358.5846,382.3914,372.4359,369.3436,373.5123,346.1841,385.3014,370.0185,357.3959,382.9918,323.9987,332.7291,390.5356,396.9451,378.0083,362.6487,352.424,337.5814,342.2206,301.169,284.9873,309.8687,371.1427,380.0213,388.0339,388.9105,390.8838,398.1729,381.5434,376.8676,391.8046,387.6913,342.4247,333.6192,368.1081,400.3543,401.4653,380.2605,392.5266,404.1345,391.9689,387.0672,387.6768,344.0295,354.0111,379.6119,397.3368,395.9985,396.0799,405.143,359.2262,298.0551,339.3114,363.6256,349.142,348.2621,379.3804,403.9529,414.8199,391.1011,375.5318
353.7851,415.4131,415.3381,406.0684,385.351,372.8051,359.0562,329.8597,356.0977,379.4427,347.0725,383.8331,390.7113,355.8942,410.2534,429.6725,420.92,387.2454,409.499,393.6044,348.3539,331.6122,409.3432,387.1553,368.992,329.7368,355.6129,354.0231,338.6638,258.3651,335.3056,208.2103,416.3417,393.4009,367.7131,315.9996,361.0437,394.7254,396.6734,334.7923,359.2096,383.5415,401.1624,357.1063,365.0448,356.67,349.7607,362.2132,375.3131,358.831,341.0022,381.7629,370.0165,402.3842,395.0538,411.63,389.3917,395.3913,406.1286,328.8993,383.8846,381.7033,404.1108,412.8101,416.7689,331.5521,383.7345,384.115,412.562,412.4722,405.4197,400.3815,368.7393,350.2674,381.8669,377.2695,362.9916,325.5147,357.0287,396.5002,395.6527,381.6964,373.434,373.0909,345.5537,348.6021,336.8293,349.0346,395.1833,424.0463,382.2401,374.9248,390.3628,396.0541,401.2397,392.8216,390.3807,410.7796,426.5139,393.6411,385.8292,419.5395,420.9223,394.911,370.9648,363.1206,368.4759,368.7966,364.3033,372.6055,367.5785,393.7007,415.4341,420.5997,401.9834,399.0979,401.0024,366.1903,328.683,369.3131,397.2437,396.0917,405.6413,437.2272,453.9984,468.8964,482.9233,460.5854
386.6301,411.057,392.6387,396.4192,414.5013,416.3297,407.2883,413.4773,403.7623,422.3433,344.6332,359.3698,364.1577,357.3055,392.8864,439.6768,472.4657,446.3081,434.5027,397.4758,399.4826,403.3844,417.662,439.717,436.9876,396.7939,395.5027,390.5747,381.721,352.8428,353.151,277.5929,454.5222,427.7539,398.7242,349.1366,388.7437,381.472,377.8277,343.6173,346.3671,349.6977,396.6113,344.8882,374.3346,386.8711,404.3844,406.18,407.4448,399.7093,410.1205,402.2949,371.174,416.2086,414.8968,400.7459,391.884,398.4555,407.087,363.8387,398.0144,416.802,401.6176,417.113,440.4828,409.7375,412.9733,400.911,417.1736,460.3751,439.6978,397.0768,385.7616,401.3775,404.214,377.7632,365.4395,333.9609,380.1597,420.3978,419.654,409.7712,386.7185,385.5045,400.4628,375.7629,350.0619,369.4052,408.744,437.3644,391.3096,373.167,369.5869,363.8611,376.7064,382.4527,387.7857,421.964,448.2581,426.7167,419.6699,432.3037,427.0234,405.5223,385.5634,378.5688,398.9273,407.8518,390.647,398.0717,367.7589,359.6617,368.5968,363.8055,354.0757,372.484,368.8304,326.3015,293.2406,344.6124,381.4911,385.1802,395.163,417.6441,427.4983,429.356,427.7632,404.5103
336.5965,403.0277,409.1527,419.1712,423.7938,420.2055,419.2147,432.9409,423.8742,427.8185,362.6599,360.3672,352.2221,343.649,373.643,393.8175,391.2161,361.4089,367.2849,383.3509,399.4762,418.2869,438.4002,419.6685,415.8961,391.5197,370.4575,378.6584,384.3917,377.3011,381.617,308.0417,479.6495,456.0956,429.3063,368.9846,384.1548,405.8896,379.5262,295.9022,334.2712,372.9845,437.2661,376.0504,403.6994,376.448,383.2458,390.6086,397.9624,374.1654,398.7484,397.4935,358.0563,400.0813,405.0797,403.8607,367.709,381.8203,403.6331,364.7497,324.833,368.9505,348.768,354.5251,369.4076,377.4619,403.4316,387.9333,367.6192,401.054,395.0331,371.4851,346.1424,389.4296,408.5219,414.8269,393.96,311.0502,364.2572,418.8428,421.4565,415.0754,375.0761,357.5684,385.9318,354.248,312.0864,335.5002,387.7723,435.821,369.1809,352.8896,351.8383,322.0903,325.3526,329.5106,360.1555,410.7314,408.1164,365.4391,376.118,401.4545,398.9049,402.4629,402.8201,403.9688,414.9488,405.7219,378.9082,385.1707,383.017,386.7725,397.1849,389.8837,380.2298,417.789,417.3359,353.4701,323.0779,367.1974,400.2055,407.7679,400.3503,356.7251,330.6306,344.4472,354.4547,354.1702
318.8883,388.2761,371.7124,374.045,350.2542,338.5526,349.8458,365.7525,385.7006,375.6343,355.3561,384.4199,403.5011,399.2745,403.8352,404.4528,379.8341,356.0895,357.8452,328.5493,362.994,392.1813,390.4001,359.2533,375.0435,364.2355,348.5504,352.1049,357.8666,378.601,394.1318,363.3855,449.0226,425.985,402.5694,374.902,354.0341,372.6364,327.5358,332.9031,353.9421,374.7394,377.1965,369.5676,370.2505,340.2304,322.0799,333.8936,346.7016,331.0468,326.6452,310.6927,266.1601,355.6964,344.9381,329.8076,312.812,329.8614,351.7502,301.4205,284.976,335.8153,301.7565,307.8543,326.8641,343.8503,379.5984,342.9238,348.6245,356.4103,329.2111,292.431,315.0228,332.7718,326.3289,347.1841,293.2065,233.0846,294.0492,345.6145,357.8506,364.4609,329.1306,304.9829,345.594,339.4667,305.3456,321.3738,363.4041,395.3633,332.5534,323.1638,344.8449,354.4617,357.0724,329.7903,351.6393,387.5628,362.2837,324.1807,348.9585,358.2069,348.8911,382.7285,390.3577,385.0743,406.0307,431.6819,439.4461,450.8411,425.0358,426.0616,455.6375,473.8528,466.5642,459.2688,444.9376,395.8261,389.816,400.9162,402.996,384.419,375.4688,379.3552,364.9928,382.2261,393.0665,383.7484
366.3814,417.9369,422.7834,419.4482,396.3428,363.0774,328.2148,345.3682,396.2738,426.7108,411.043,411.5814,397.9434,374.922,422.033,434.4602,399.2409,394.3381,386.1576,330.8539,347.254,364.0873,377.3118,377.9262,419.9816,402.9081,349.8104,364.2624,373.2227,351.6971,367.489,353.2117,407.878,419.1063,425.399,373.2219,341.3112,415.9883,403.0559,336.9762,362.8414,388.4105,391.4969,381.1548,391.7825,388.435,348.0588,380.1106,414.6187,399.5612,388.9627,378.466,348.8824,381.5569,376.9563,365.2716,342.612,345.934,353.1049,359.6294,311.7107,340.8178,292.1812,313.5526,354.2097,367.2327,386.8876,343.4075,367.2417,384.7488,348.9158,299.0784,348.1234,357.0024,331.4994,349.3334,346.5901,291.5071,312.5635,363.3621,383.5677,391.4835,358.4133,334.2732,385.3394,372.3352,355.0615,373.9517,393.7318,427.5966,360.099,322.2422,343.8737,360.0688,362.5175,343.0793,370.0566,414.6966,389.0152,347.4028,386.1117,402.0022,378.6213,375.3345,358.7122,368.2156,398.2157,404.755,383.1428,410.2681,385.1797,354.4404,407.9455,428.8493,392.7313,383.863,388.3745,345.1783,365.7133,389.7575,406.7036,407.395,407.2606,401.9536,396.2626,412.4986,420.4343,408.1183
368.7695,401.9549,402.8466,395.809,365.9974,319.5159,272.8119,308.8543,365.1157,363.5561,334.8159,346.8863,341.3984,322.1694,378.2045,380.9524,350.1431,370.8091,369.1376,319.7911,351.6531,385.5372,412.7607,388.9035,428.1864,428.6018,379.9185,392.2834,398.3586,369.2968,381.6503,361.3319,417.648,428.0092,431.5409,359.405,380.9102,447.3574,493.8517,426.1198,427.6631,428.33,362.9174,368.8036,400.8133,365.5475,299.5885,326.7428,357.0407,385.6534,398.0514,372.8712,338.2401,399.1469,404.964,366.7484,341.3539,354.8073,373.4138,382.2369,361.8309,317.3766,275.7899,295.0444,327.1765,344.5122,403.1285,378.1152,391.617,388.2139,365.8815,340.9391,358.1317,343.2223,308.0115,319.424,359.6121,320.9572,354.0447,390.437,402.6541,413.8357,392.6184,356.9294,391.6435,369.1706,370.7297,396.7531,404.4014,426.0594,391.7659,368.7081,374.1982,377.3177,382.4746,381.7271,384.936,428.2872,421.9705,377.0765,408.0174,426.2082,419.3778,382.9408,322.4574,315.552,353.078,385.6235,357.3261,346.3495,327.8777,352.7801,393.3321,429.2837,444.7981,439.1654,403.0063,348.3346,381.117,405.8201,419.2748,406.9706,391.5113,371.8585,372.3307,408.2654,445.8141,436.7765
358.5168,392.3255,383.2601,390.4797,370.4092,334.7496,279.159,275.4441,327.9561,341.2613,326.6037,348.9774,342.2395,294.0439,332.1884,330.2027,296.0493,317.0098,343.575,316.9927,335.005,369.1855,444.1656,411.9799,405.3925,372.3646,366.605,371.7054,373.0604,360.6985,414.6463,373.0532,407.5317,409.3457,403.4153,312.5039,337.8988,391.9085,373.7195,330.0041,316.4757,303.8997,363.2028,363.4798,382.0898,357.2133,288.3359,310.8132,336.3861,328.986,345.9835,358.5003,316.3122,332.9609,356.4963,367.9866,351.7362,359.9287,372.0372,369.4009,387.7048,366.1954,276.2553,299.078,348.9372,348.4273,374.1769,343.4238,346.7959,347.5122,331.8028,312.5678,338.3445,333.0848,307.8106,317.9803,342.3088,310.0454,348.1133,388.8338,396.4039,397.2023,377.9963,345.3843,323.0692,327.8341,370.2072,381.0322,360.6821,381.5036,383.0125,380.4313,400.73,393.7665,373.5543,360.4931,365.4689,411.1145,424.2182,357.9034,348.4263,398.9251,405.548,388.7954,383.0247,401.0906,423.4289,391.9862,324.6747,319.4816,339.7932,389.9043,416.2388,422.8148,402.9563,406.8465,397.2616,350.3362,354.2269,355.9466,357.4618,358.5088,355.3065,342.1849,339.9437,359.9909,372.2696,384.5505
359.4653,365.1181,356.4185,380.8897,379.3578,360.7894,341.0775,363.8225,349.0023,333.8364,309.0714,366.1674,378.7333,326.6342,373.5501,323.1393,334.0896,321.9111,365.6231,357.5999,342.6808,340.4126,373.8997,346.1051,362.8206,347.9232,359.6816,373.0979,374.9402,311.6808,327.8771,327.88,411.2698,409.9639,399.8672,295.1217,342.6201,348.6885,349.8643,315.4187,302.8752,291.5554,372.4639,343.5789,356.351,341.8757,312.9697,336.8247,362.4588,347.7927,338.4685,326.4346,275.2158,349.0627,330.774,326.7711,321.4767,336.353,354.1444,348.9809,343.1857,342.6504,329.2344,348.4472,375.3247,353.1726,352.2571,307.8159,318.0623,323.7752,304.4255,279.4425,321.5154,363.4385,330.3834,320.705,343.0495,276.9677,302.7885,351.9058,359.1218,354.4325,371.7208,366.55,329.909,319.483,310.0685,311.5513,328.1429,378.9761,369.0258,334.771,353.0096,348.1031,334.8522,343.6006,358.5175,398.4799,398.4334,358.2492,368.7556,389.4812,404.3994,407.884,393.1307,407.6379,438.821,448.7848,408.2248,384.6963,376.7273,381.5333,385.8535,379.8389,357.4905,369.9317,405.9933,384.6487,380.8138,358.439,350.9181,377.4128,399.2025,396.6427,368.4448,364.963,367.4978,352.0669
309.5348,328.5728,340.9962,366.1802,370.1161,386.2466,405.499,384.5317,380.0552,385.3672,361.4264,381.5168,389.8281,382.1866,396.2958,384.7339,419.5965,359.7917,387.5872,374.8637,352.8228,341.3349,355.5085,309.2006,340.3882,331.6643,308.9901,329.5122,340.0486,292.1408,301.4786,331.9349,394.9631,382.432,367.6058,328.5322,334.859,321.1713,353.3554,338.5956,326.0428,314.0012,340.5078,325.9255,335.2666,353.5871,353.8549,371.1381,389.006,351.9685,308.1899,334.547,308.3564,367.5661,358.5825,356.2313,335.8691,341.4752,351.0927,321.7925,328.0542,366.1283,367.8271,365.0799,363.1722,335.0951,357.4371,311.6,328.2262,345.734,334.5032,316.3945,354.0026,361.1218,346.3028,335.3862,335.843,282.8115,322.7642,353.159,353.2063,353.3013,364.5677,364.8466,326.8425,308.187,297.632,315.2493,357.0718,408.5897,366.7797,331.7589,351.9417,341.5938,339.5536,362.5763,389.3456,425.7182,429.257,391.7693,385.5869,374.1952,382.8288,423.3704,420.2131,425.4536,429.1373,428.9006,439.8048,450.0381,399.0715,348.3014,374.6844,384.2657,360.7669,366.127,398.2866,371.7035,381.7437,382.0474,384.7791,393.0713,407.1456,420.3875,389.4904,368.0915,384.7116,347.0092
315.8507,355.2139,359.8428,372.5369,364.0022,348.2574,321.349,316.0779,352.1545,370.174,330.129,343.4913,351.0719,358.7915,393.1703,391.2971,398.0265,378.8809,401.0001,399.459,382.7339,369.8489,362.8983,327.9132,355.3926,337.4137,337.0195,338.8105,336.7865,307.5519,272.5081,307.2964,378.6532,357.5295,335.8819,311.3122,332.076,332.1168,367.5052,341.1911,334.1396,327.3266,338.5292,337.6595,353.8653,352.0263,349.2232,357.5902,366.332,379.4593,373.291,382.0095,349.2749,390.5875,378.5553,378.7095,344.6765,357.4973,377.5694,335.2623,353.5825,331.8994,327.3573,332.0703,337.5938,329.8566,396.8541,345.9286,360.1677,385.9177,366.3369,334.0627,343.6454,336.139,315.4556,307.7084,350.081,312.7658,365.0632,385.924,377.8995,377.4563,365.6554,384.613,309.701,276.3625,299.0222,333.0645,378.6765,410.5243,354.6648,320.324,327.3971,345.5056,370.5083,383.4224,417.8634,450.2767,444.0162,430.8854,402.8965,368.6558,383.0374,391.4056,362.3374,337.7765,335.3633,367.3865,394.4295,389.3532,329.8927,284.3523,340.1071,382.8958,386.7753,385.7614,390.8645,333.1048,324.4991,356.2546,384.9587,406.6749,416.8596,393.9256,367.947,370.2696,382.0678,364.0765
334.0862,361.9897,330.5964,347.3409,361.6516,369.8767,352.2212,328.7736,361.7106,379.3439,345.2885,376.3453,391.3372,377.6361,381.1741,352.2504,371.9398,337.8239,334.4794,352.6581,367.9555,383.4478,384.7096,340.6167,377.5407,346.8086,345.0237,337.0747,331.3484,338.015,329.8661,340.9543,382.2138,351.0116,322.1666,323.4851,347.7885,348.7553,369.3437,341.1268,337.5595,334.5937,376.9069,353.1505,368.8606,390.4799,356.2723,360.9753,367.0269,394.8771,410.3011,401.3364,389.3378,435.9988,433.4742,414.5882,355.412,349.1075,350.9495,329.1594,338.8315,334.1679,319.8868,336.0279,359.0016,346.8918,390.5513,371.9603,377.4763,379.2509,354.8049,323.6351,334.2317,336.0754,329.4929,314.1574,343.08,311.8955,314.4101,340.5959,367.0347,395.482,369.1833,389.9771,323.1291,311.1747,342.3215,357.0702,376.2242,393.3093,361.2229,331.864,342.7481,359.8791,381.2072,408.0815,420.0107,424.4235,412.6544,378.8352,367.3492,355.6909,361.9397,378.2389,352.9141,335.3448,322.7657,338.0016,368.1033,373.6329,348.0453,316.8482,336.8403,356.2994,364.3688,372.2679,388.034,353.2677,342.9128,378.6388,402.3198,398.4176,396.1131,388.4265,354.8041,342.739,379.7152,347.334
386.4256,346.45,342.0919,345.5467,372.494,392.5755,382.4037,350.8947,367.431,394.223,357.6838,365.315,363.5271,359.8857,379.314,318.2572,340.8314,325.4354,324.6739,334.9093,347.1014,363.1699,378.7233,340.7516,379.5012,356.4046,315.2733,306.4101,303.097,333.4091,340.3121,342.3036,363.3411,347.3115,332.5704,334.1296,346.589,361.6721,396.307,335.8885,340.3294,345.2759,388.1241,332.7685,354.4211,371.4294,338.5806,347.9284,358.7299,377.8608,397.343,354.7711,353.1013,379.528,398.761,360.0475,317.9164,326.3639,341.8672,315.9694,334.5502,318.4846,335.2358,348.2004,358.5388,327.329,381.1163,347.999,352.154,367.8297,335.9343,289.6568,342.7318,353.6277,345.2829,342.702,353.1962,309.7944,302.4571,329.3287,348.6202,362.7553,351.3342,364.6445,296.9124,279.1476,308.778,337.9157,374.7578,405.5492,377.4126,346.8733,336.2401,347.9543,368.8588,377.1198,380.6456,393.7014,387.4566,355.8443,361.0855,353.6543,358.4413,387.5427,366.2282,348.7176,351.9425,370.75,384.7745,393.1969,357.715,330.4871,345.4114,361.6391,367.3626,382.7245,420.756,369.3243,328.3703,378.6717,410.6736,400.7692,398.0601,401.2469,368.6074,351.7213,385.8474,346.4196
333.1031,318.2297,333.0351,374.2394,391.1938,391.979,367.4803,357.4999,358.8167,355.5813,328.7683,348.5995,345.2842,324.3856,373.682,323.9602,362.0445,330.3746,322.0236,359.8738,356.5907,356.765,362.5101,343.8987,384.2684,388.7191,352.1422,335.2935,323.283,339.5808,329.4521,325.796,350.4,337.8071,326.5097,332.3583,357.2313,349.0841,406.1278,325.3453,329.8508,334.5086,350.5941,340.131,335.2745,366.2681,332.0722,336.4775,342.2289,371.0112,376.3209,301.437,290.5583,338.3722,352.3077,329.1975,315.4368,323.1359,333.6141,290.2945,334.4762,340.4368,338.8452,344.173,350.868,346.1123,386.7678,315.5301,339.7863,358.4207,328.4616,287.1592,337.419,337.9065,356.7138,346.2249,343.7608,323.0546,320.9984,328.4976,342.1258,359.9893,357.0546,355.5675,318.6304,333.5873,311.0039,309.1778,355.8037,396.8141,378.2593,370.0206,352.3376,351.4196,374.2213,378.8087,385.8595,411.6569,388.7937,330.0815,329.9099,319.675,324.5021,365.7725,364.3492,359.3323,362.0611,362.7265,380.2447,413.4226,360.7442,304.3557,335.7031,357.1919,360.6795,383.4591,420.1032,383.6775,342.4163,391.2337,418.3306,395.6867,383.217,393.1265,375.2856,338.3154,361.9487,294.2474
304.0597,351.5352,387.919,408.723,390.287,371.6162,352.9268,343.7514,355.9253,370.1866,377.1769,393.597,394.5303,375.0191,371.5158,307.6875,363.801,325.141,338.8507,378.2392,381.5447,386.0122,383.8197,346.7781,378.0995,385.3413,354.8798,333.0288,319.8953,357.8098,347.0542,336.7436,374.0507,365.4698,354.261,317.8868,367.8441,369.4967,400.2941,328.4168,310.5611,293.792,359.102,375.5862,402.6595,385.9131,334.531,346.4178,360.4516,392.3568,392.3141,377.8048,371.6313,380.0884,345.9922,358.9603,347.0458,352.9892,362.0064,321.2967,344.2046,324.9447,350.2162,348.8666,339.3425,302.9143,364.0957,318.7312,347.5649,322.2823,296.9946,279.9883,323.6517,338.8577,336.7713,337.6257,354.7089,329.036,346.5519,324.9697,328.2838,360.359,331.2471,325.873,307.65,344.8715,316.0712,291.6576,317.9615,366.6079,376.9703,377.3299,362.8675,344.3586,351.0732,361.4138,381.0811,405.1819,392.2047,376.6643,379.5873,368.8846,390.2454,413.4303,397.0054,383.4063,377.9256,367.1644,359.2236,388.9151,374.0297,331.9269,364.3416,374.257,358.0487,384.1282,412.7881,363.6392,324.0438,353.2664,376.4387,385.7554,390.478,389.2303,390.4915,384.0616,409.0103,341.4485
297.4898,381.2538,426.3549,428.568,436.2974,428.7363,396.4559,380.3031,390.3025,411.1351,398.2036,402.992,394.2606,379.0255,405.2988,356.2169,382.1085,355.038,373.4486,375.9019,374.9196,376.3624,379.4307,351.2293,353.5194,368.8553,331.0339,306.1067,294.9831,365.6596,363.3241,336.3799,368.0446,376.2026,382.0549,361.5312,360.6944,368.662,392.0755,381.4619,341.5986,303.3944,390.5615,411.5114,402.7408,378.4075,315.6661,327.7945,342.462,377.7757,359.4939,375.514,399.0465,388.0119,368.7307,361.9097,326.0182,344.4599,371.1001,341.0567,376.7745,333.9955,317.7771,328.173,342.3937,323.2313,370.7186,355.8218,397.5316,361.8866,330.2931,309.6343,337.4908,330.9899,336.07,359.5686,340.117,295.5936,351.5038,372.6228,366.8436,367.1794,355.0902,319.9807,293.5199,333.7411,312.1144,292.0982,312.8886,359.888,369.2959,352.871,324.4204,306.7965,327.3714,359.7983,391.3046,392.3967,357.6624,342.5463,350.4934,344.7636,363.106,398.8528,394.0287,369.605,360.6637,359.5573,369.7156,406.7292,382.9213,345.8139,386.841,413.85,406.5648,396.0832,392.1468,341.8006,308.1456,330.451,351.1131,368.0115,372.1655,354.0412,360.8087,378.3459,401.2018,362.4973
332.8301,383.8345,397.0302,413.3765,419.9536,420.2012,406.9398,391.8629,387.7715,397.4412,393.0159,394.1854,386.7355,387.2132,429.7523,385.3538,409.9973,369.3891,378.3719,362.5162,350.5422,342.8225,348.5511,339.7603,355.0363,393.8668,363.3301,327.7683,306.1297,369.4722,375.3387,348.655,418.4461,417.5303,414.0047,380.687,371.3606,384.933,398.9775,393.4686,373.0298,353.3859,393.774,392.6809,397.0632,365.3026,330.6764,334.0113,338.62,353.3333,306.5181,331.9135,369.3597,384.5595,350.2421,352.2839,308.2977,325.1404,351.4638,352.8311,375.4261,290.5271,291.9784,314.0023,335.7487,321.5517,367.1242,336.335,341.8891,339.0545,317.6486,292.8566,349.7528,334.1584,322.9545,330.3858,359.6167,338.0825,348.4403,363.8384,369.6853,375.9021,379.0144,321.5241,258.6984,301.2983,324.8668,314.7849,312.9415,363.8094,367.7132,334.5319,306.0266,289.703,314.6533,358.3947,392.3441,399.9874,381.8359,373.2262,382.5421,380.7369,388.5977,390.1242,369.2288,363.7899,367.6507,379.555,393.2094,405.6606,379.748,354.2235,380.0649,400.3493,395.3688,387.1284,405.5371,370.5735,330.151,343.5111,357.3503,372.2862,378.0217,364.9583,359.7455,364.9626,404.8531,394.137
387.5277,407.6685,399.0785,373.5826,379.5607,385.1598,384.9174,372.9847,369.2939,384.747,382.6992,367.879,353.2145,361.0886,400.1528,379.4518,401.5151,345.8527,364.2586,384.114,338.1159,322.8305,402.14,353.9323,379.0238,425.4914,387.6051,346.7498,314.2643,336.7952,353.6887,353.9103,392.7885,394.0368,391.6448,348.9446,354.2261,348.813,371.6822,410.5925,376.0465,342.1946,360.8836,374.0341,405.2328,358.8503,335.4141,346.1053,357.9209,366.8414,295.5526,346.7097,341.7959,358.5793,335.3835,373.4409,300.5579,308.1654,329.2494,335.1472,352.3782,301.3273,301.2614,325.5341,352.2422,316.3817,352.9146,330.96,343.97,353.6482,338.6383,317.6712,355.9935,356.8452,336.9279,295.9594,322.9387,317.3603,316.8167,313.05,318.0911,331.9333,316.9634,315.4606,290.0165,320.3779,310.7223,284.6237,284.2492,346.5323,358.0234,326.2337,295.5793,298.3931,336.4316,370.5614,391.799,400.306,384.1966,356.7922,358.4778,355.2762,364.5555,375.7028,352.2514,345.2314,364.5368,404.6951,421.3209,425.6078,392.5355,353.9031,376.4098,392.4035,391.8826,390.8204,396.3577,373.0577,346.3844,352.088,361.416,379.0439,380.5238,354.9972,357.389,358.1693,395.4457,393.5886
394.5962,361.2241,355.853,330.465,351.29,364.3546,356.9071,335.2195,324.2212,355.675,378.9681,359.6364,332.5616,315.7646,358.1322,334.8558,325.3352,323.266,346.4485,385.7881,364.5015,362.2107,410.7087,354.2668,373.6278,381.7259,356.7387,323.0456,297.7115,325.0526,332.1876,333.0335,346.0319,338.8428,330.9857,317.2649,333.183,342.8666,365.5882,407.9087,376.9125,346.4434,355.9092,371.9702,395.3002,347.6722,321.4418,336.3266,352.571,344.7983,298.4104,377.8034,343.0498,374.2961,325.7745,391.0709,315.0303,316.7402,332.2146,330.2575,350.6748,301.3276,310.5637,325.3103,338.0556,307.2636,342.2478,325.2028,335.8889,340.5219,315.8874,283.8286,336.3949,347.8638,333.8029,263.4575,302.6967,302.185,317.0895,323.0146,323.4305,329.4878,305.06,308.122,315.2643,351.1506,331.2891,304.8392,307.3989,353.7658,371.9277,358.9967,327.6193,345.7809,382.2,384.2179,384.5017,397.002,381.8587,361.1099,377.4099,365.5933,366.2238,368.5502,334.3582,327.8421,353.5464,393.1725,405.7993,411.704,349.1456,290.7818,319.9383,356.2158,379.5975,377.3521,389.1311,354.3151,333.5226,358.6222,379.4597,390.5371,395.074,383.5844,371.282,363.8994,381.377,380.5587
340.2044,322.5183,336.5432,316.2028,336.9811,355.1236,354.2399,327.0595,324.864,368.0041,391.9719,376.4596,354.1576,336.6718,356.824,308.9688,283.0813,301.2097,297.2217,358.5369,355.482,357.7971,365.0168,316.8044,353.9203,340.0999,309.4135,305.5662,301.6977,301.8991,328.9368,333.0828,366.3395,349.0748,332.3731,325.3726,355.7292,341.4857,378.6377,374.9198,344.1261,313.7777,317.2985,358.207,366.5174,376.0963,343.7774,354.5264,366.7521,371.5248,321.918,380.2493,356.5498,371.1565,366.8197,407.837,308.9944,319.5559,348.1477,342.0994,376.6098,364.6141,374.5587,375.1452,372.2864,333.8976,360.9963,337.5729,340.2585,346.1741,321.2311,287.4015,331.9617,372.8008,364.2846,313.8841,335.608,317.2606,334.9785,350.7487,363.339,382.3334,358.9235,358.3161,362.5856,382.6066,354.9098,329.2081,331.5815,384.4483,392.4932,373.7632,334.9399,351.5894,386.9149,374.7466,367.1843,390.2816,392.5664,375.2516,387.7637,384.7438,393.8667,398.3537,364.9092,346.8899,346.975,359.7921,380.7299,393.3862,340.7069,314.025,338.7138,362.1372,369.2955,368.8942,388.577,374.9379,358.6105,372.9357,380.9729,374.6103,367.7301,370.2158,372.2829,323.5702,360.5659,391.6922
292.5633,325.7419,343.7607,339.3589,364.5716,387.558,381.6823,339.5675,340.5308,370.7711,382.6154,370.854,357.0272,353.5608,372.3229,332.1351,308.4337,322.686,335.1936,375.8616,357.5946,347.4325,350.4531,292.6696,353.5322,352.384,358.3148,354.0857,344.5428,315.731,386.758,354.0632,404.344,384.3147,362.3563,322.3221,349.2451,315.4798,407.3214,381.1591,347.4419,314.3855,331.4659,372.9152,356.3441,399.1182,349.4936,347.5943,347.3687,373.2852,372.9948,391.6345,369.1944,370.8765,410.2901,385.69,298.4267,328.5484,376.1761,345.292,355.7454,341.5047,336.7224,342.2642,349.3375,325.261,341.752,305.4159,302.7284,343.7766,335.4441,308.5978,338.9034,348.9097,339.5828,330.8708,369.1405,334.5759,346.1235,377.2338,408.8779,445.5748,411.0152,382.6302,355.7873,384.1949,365.1962,338.7328,344.3462,404.6238,414.1263,383.961,330.7088,321.4949,341.6893,332.5197,348.2588,379.3739,365.4385,348.9745,372.7496,380.2759,389.5757,387.832,351.9924,331.5418,337.7272,356.8605,372.8827,397.0501,356.3256,325.3461,358.0816,377.4308,364.479,351.1711,366.8318,370.1086,358.2314,356.7214,357.1547,362.0378,365.5508,374.8161,381.1357,333.896,356.6908,384.1378
315.8914,353.7249,374.905,380.638,403.459,407.7351,384.6127,367.6449,352.691,383.6617,388.7715,385.7967,371.5988,348.4038,365.0862,343.4521,335.7969,319.8223,355.4603,392.375,388.3844,389.4583,392.4508,340.0672,403.1438,395.8007,400.2481,383.7712,360.3397,309.9506,381.7564,345.11,386.0921,387.6771,384.5825,330.535,347.5089,314.8248,414.437,410.3074,377.3808,344.9944,353.676,402.8592,395.8932,413.4347,353.6939,343.6957,335.4262,353.4841,370.9825,358.6112,344.1674,363.7203,398.9408,355.4763,275.812,304.6591,349.2577,347.1576,358.4397,307.6262,302.6754,314.5262,327.4475,299.9645,344.5634,293.4085,270.6874,314.3627,307.0479,278.7679,323.1424,315.9943,271.6921,298.4945,366.3474,335.711,328.3705,340.2051,363.2721,394.848,390.0594,375.4115,368.8994,378.3418,342.5729,330.9612,357.5287,392.1924,383.7995,366.2876,335.7584,338.6902,360.9428,357.887,363.7416,382.1224,360.3629,347.8215,373.1071,364.2935,372.358,373.6977,340.7354,334.1691,348.6154,372.7242,383.5796,393.1645,359.9325,328.2408,340.2681,359.2571,366.0541,349.9114,365.4263,356.5342,335.9915,343.9028,349.8882,351.4637,353.5126,366.3273,384.1124,355.9911,363.2556,369.9694
335.989,357.2856,368.0597,373.7149,397.0433,405.1669,392.9312,382.8539,375.1178,418.7873,400.7791,392.8528,374.4369,357.3655,393.3929,350.5838,322.6095,380.3851,395.9024,395.1204,398.0302,404.8731,409.1418,358.2357,419.2689,399.2351,362.5674,353.7272,341.1436,316.9141,373.493,336.2778,404.8018,394.0006,378.6075,315.2412,351.028,357.6413,401.5441,409.4603,387.7685,366.4516,373.6637,416.7213,396.2589,401.47,364.5535,354.4685,345.3165,371.7247,368.5382,342.0307,357.3172,356.14,344.6253,355.4441,282.8449,300.4681,332.3466,313.0884,344.9003,303.4282,271.8276,284.2424,305.0468,314.6194,371.7808,321.4802,321.0479,336.5746,314.7852,281.8682,316.1166,295.6561,272.6921,282.9969,360.4965,323.2326,309.8001,318.0366,326.2708,338.6064,334.6626,351.382,340.8823,348.282,342.8357,340.5992,356.7139,388.8334,379.5977,371.0764,339.8236,320.2832,340.6108,357.5956,369.3822,382.9597,376.4357,369.9461,383.5242,360.2526,355.6154,377.0872,357.6716,335.4659,357.5982,386.6099,368.6921,372.9412,344.7873,327.028,363.3789,389.1316,385.1756,373.3155,380.4247,362.3036,326.8522,324.6845,332.9426,365.0759,394.605,408.4312,394.2125,369.7396,356.1699,359.1774
325.9645,336.8786,363.0344,382.0385,401.3564,401.6947,374.9799,367.0706,380.5277,419.4496,405.0163,402.0892,380.6126,350.7244,400.3281,356.4611,309.2238,320.2275,343.7241,356.723,369.9574,383.5562,390.5887,373.737,399.8265,379.6449,389.3113,367.7629,346.9147,342.6982,409.1353,361.972,385.4341,375.33,364.5751,349.258,378.5165,396.6006,394.0352,415.8422,396.1662,376.6169,366.7875,389.5187,379.3085,366.2088,382.5087,382.4094,381.737,369.8959,353.7514,360.1651,363.6814,361.1111,315.0651,358.8878,295.0275,311.387,341.1867,301.3777,353.2338,305.8501,276.6595,289.7966,310.3111,301.5791,357.7124,341.9554,346.5199,328.9164,298.5326,267.4641,321.0237,317.3724,293.5759,306.8469,355.6021,309.4159,304.1836,330.3198,356.0776,383.6452,363.7764,348.4842,332.1992,338.0411,339.6994,338.4835,345.3145,375.3696,381.4801,380.5321,349.5253,336.7385,358.945,372.1411,373.4714,377.2346,382.5281,376.4011,385.3588,372.2787,359.8296,378.0908,365.0131,339.8824,356.504,384.4329,373.5398,380.9883,370.0483,364.8448,371.784,382.6144,388.7137,375.8104,372.6879,365.2476,334.1494,330.0262,335.9911,365.0582,394.1887,410.0895,382.6077,339.2978,324.4369,343.2096
326.7293,356.3536,391.7266,399.9891,424.6324,419.5463,370.6343,356.4031,371.6766,400.4133,390.0062,394.8053,378.0466,346.6716,401.4549,377.2567,354.8718,330.6496,341.6098,369.1357,354.0038,347.2176,363.6017,341.3862,363.6814,357.8382,372.7713,342.0783,315.4508,324.1807,386.0219,387.5418,381.4091,386.9222,388.5395,347.0676,358.4896,370.4843,377.9373,405.0451,377.7601,350.851,352.5358,385.6882,373.1248,363.2922,347.045,352.3517,358.3857,372.7506,372.9092,393.2103,406.9948,386.0767,352.0273,363.3896,302.8789,309.8087,327.6289,300.2094,342.8857,328.2683,309.9666,316.017,326.9051,310.2032,336.9305,309.9944,295.2617,306.804,292.9873,269.4047,338.6481,359.0507,354.32,366.4713,357.6211,328.627,344.5638,373.7181,390.5711,403.4721,379.1616,355.9013,333.7184,347.5718,343.0331,332.1939,335.4828,360.0623,368.9325,358.5329,323.5009,318.3468,341.937,354.1531,373.2691,398.3041,402.6543,390.0834,378.0197,356.3586,360.7818,364.7597,336.3642,324.2593,335.4482,351.2162,351.4222,378.9118,384.7267,372.965,380.834,390.0253,402.8123,392.3328,362.8005,369.63,348.0662,348.4027,352.865,366.7751,379.6897,383.5082,363.9817,338.2057,341.0965,351.5832
357.0684,405.4275,402.8518,389.1961,409.3181,407.662,362.4569,328.9719,332.181,343.0522,345.5315,362.5735,359.4613,334.7396,382.1181,393.9174,391.6253,341.7637,346.1473,380.4267,370.4259,368.4332,387.3473,359.7151,359.0558,343.8773,373.3788,346.7379,323.0513,325.4693,369.1146,370.5948,397.8007,390.0247,380.287,349.4627,352.8658,344.6556,357.6096,394.7548,364.1299,334.1042,349.535,382.4064,390.712,407.9094,366.5267,359.9635,354.6139,377.2863,357.389,398.583,369.7402,395.8651,394.122,383.5022,277.0326,291.115,323.8842,302.9098,333.7566,313.6155,318.6463,324.1559,328.1478,317.5334,343.8343,308.8722,298.521,302.7086,297.8243,289.874,336.0181,361.7832,367.2547,326.3514,327.976,330.1725,355.2923,360.7299,365.7514,378.9344,350.5758,333.2003,328.872,346.38,339.0931,328.0974,331.2636,361.5766,386.6025,375.9124,329.0901,318.6292,339.6483,349.6031,354.5708,369.9251,369.4472,347.0992,342.473,345.8304,373.3907,381.1803,348.5583,339.3873,339.665,345.6317,354.4388,374.66,388.9751,400.3567,400.5929,396.1189,392.1212,377.1289,355.8908,390.2262,371.6282,358.1636,351.6431,361.0246,368.4574,377.1585,393.2382,386.4625,376.858,367.891
332.9326,378.2992,384.3426,376.6384,393.3041,397.3461,369.7996,327.6469,308.0263,330.886,339.5093,358.216,353.5735,318.9166,355.4275,360.3433,387.0653,395.0211,378.1875,408.364,396.7254,389.5198,391.829,364.2378,371.0695,360.759,404.8303,368.3058,339.8832,360.4437,349.7791,360.9645,401.6746,394.1508,384.019,346.7226,363.9802,319.8601,338.7708,400.8375,366.6848,333.253,354.5143,401.6923,402.6749,409.7758,361.4192,362.6482,365.5832,361.7994,330.0446,369.5067,352.5914,346.6946,366.7275,371.1425,270.9129,296.861,342.4194,312.4061,349.6205,299.5641,317.7451,332.4793,342.6233,304.1546,337.3553,333.4552,324.9858,325.7196,314.2487,298.3212,334.0882,341.6605,322.9949,317.9826,345.2346,355.3486,361.3483,341.1011,340.3568,356.4509,356.404,340.4748,321.1043,327.6015,328.3116,322.5287,321.3011,339.5671,371.3783,367.6823,323.7658,322.0881,344.3425,350.1462,371.4987,390.9605,361.4597,329.9928,336.1572,346.8646,367.5527,382.4652,365.9502,338.6524,343.457,371.7292,382.2408,404.9831,402.8153,378.2192,381.3979,387.7642,390.8981,372.2737,372.6022,401.5279,373.1343,353.2064,346.1941,368.7589,383.3849,379.5309,389.5041,417.9148,407.2351,385.2217
345.7892,332.177,333.1686,369.6048,396.5396,403.0902,368.6308,338.7731,335.8297,352.6449,364.3451,386.3789,381.2922,331.3065,347.6172,349.8003,353.5098,362.2908,370.6535,384.3325,389.093,395.9608,399.7786,363.4604,374.6224,371.3058,424.4147,388.6367,362.2028,383.3611,313.5616,337.6317,378.9861,387.5711,393.2854,368.0125,388.0776,344.4121,351.0424,405.2919,374.6816,344.5066,347.3743,370.7227,389.6801,364.7104,321.9776,334.9913,349.8867,322.1898,327.3049,343.3263,334.168,301.6389,325.0602,341.0837,246.3155,273.9538,320.7933,325.1936,363.1065,318.3892,316.6472,329.0436,341.8611,317.7236,322.8103,330.1373,314.9713,294.6788,289.7752,289.6999,331.795,325.7584,319.75,341.3379,367.8894,345.2352,339.4292,335.5859,340.6354,353.7874,357.243,344.9173,312.6619,322.9576,324.4797,322.8447,335.5264,353.762,372.2524,359.5284,301.6732,295.9458,323.2079,329.2529,369.8091,399.0553,361.4103,335.8157,343.4611,357.4166,367.6516,352.5077,332.5151,315.4927,333.7682,377.3038,394.9777,393.553,361.8574,351.1494,362.1055,379.7504,397.1388,371.9974,354.015,396.439,379.2263,368.2142,363.0276,371.1815,378.8131,382.6469,382.4747,380.7314,362.7301,386.7184
350.3878,342.0104,342.882,367.1493,379.2081,382.2666,357.6924,329.0917,338.6244,350.031,353.2501,366.6163,362.1248,340.553,379.3161,360.6477,349.2635,348.0834,368.4987,386.7827,374.546,366.5824,367.3123,344.0446,384.7319,392.8063,408.98,359.9229,322.4915,347.7882,286.1606,343.2254,373.4338,377.5851,378.7455,348.6924,382.1193,370.7464,381.5634,429.1564,401.1679,373.0818,337.8875,374.6317,379.8532,372.6429,309.605,336.4541,366.3596,342.7013,341.6073,371.4118,356.0657,313.2807,332.3858,369.5235,243.3958,266.1427,312.819,329.4276,354.4458,294.4889,299.4681,322.9987,346.9609,345.8978,354.5109,322.8896,281.5388,266.564,266.2171,268.05,340.094,313.3182,294.4789,335.3805,361.6225,329.4279,336.9605,337.2754,346.0387,367.2422,362.3731,344.3923,316.196,339.1495,333.7026,327.727,347.6011,361.7398,373.7646,360.4203,295.1446,286.5353,316.4042,322.0831,371.5636,392.9178,346.5639,333.5848,358.3062,366.559,358.6625,347.7811,328.0694,306.2998,320.9278,357.0131,373.8472,385.3437,351.5321,331.4692,337.1632,359.4819,383.8589,363.4063,367.0628,391.627,385.2616,382.6118,381.2973,383.041,381.2223,389.9019,427.0674,395.5199,351.9142,362.4116
367.0955,357.8503,371.0529,373.8906,368.9052,348.2442,303.674,306.0417,370.9282,377.4258,323.2579,338.8761,352.1438,365.8136,376.5654,337.0606,331.0762,346.4253,372.3973,367.7513,369.3159,370.1281,359.6855,332.5805,383.3614,381.3887,377.8377,327.9391,290.6041,330.4168,331.4069,368.9554,405.8989,380.868,354.4735,316.8659,348.764,344.8739,380.508,410.9852,398.9734,387.112,386.6479,385.9371,401.2672,396.4451,363.696,364.0415,365.5179,370.7271,356.9937,372.7768,366.3717,315.5108,352.2865,390.6022,261.9941,288.8246,340.533,315.0599,347.1951,320.2283,331.6457,342.6195,351.2135,328.9754,350.1136,338.6535,303.8628,265.3346,261.9279,269.7633,314.0807,292.6412,307.0978,329.2387,332.2124,306.3219,321.966,337.6244,350.3869,367.3681,350.6339,349.8913,330.0091,345.646,321.4574,308.9565,335.1687,365.3602,372.5155,380.1534,340.4156,318.4377,325.8604,311.5931,349.1868,389.0717,353.8976,338.2906,361.5268,352.9157,347.7035,356.7284,343.8634,320.9995,315.9734,328.2997,350.7772,365.1043,336.0478,331.6909,347.976,379.302,398.9859,375.9534,383.129,369.4735,373.1313,375.9772,378.3943,379.8295,376.2216,383.9735,424.4644,380.1664,339.9472,346.0285
378.3242,333.1987,354.2082,375.1805,388.5565,377.952,317.3746,294.9734,366.144,379.4835,307.3634,328.6338,350.0675,370.6535,369.5579,327.922,336.6887,389.5355,409.1748,372.3611,365.9013,362.6401,361.256,330.4444,379.232,363.2715,384.5036,337.1246,303.7148,356.0518,362.3705,387.5822,404.4061,378.8429,351.4048,307.9808,353.4261,365.67,387.7032,395.0068,386.112,377.3569,379.1204,365.5112,390.2506,369.1985,351.3564,367.8313,385.4529,357.8945,341.6122,346.9265,380.2956,315.2464,355.6263,405.257,289.5305,303.9645,339.703,320.9057,332.542,312.7732,345.1391,352.7865,352.475,331.3916,360.883,339.1752,357.8568,354.3399,331.7673,306.8826,328.036,303.7601,327.0251,340.4897,353.2078,321.8971,324.5152,345.2921,362.5121,379.7307,362.6618,362.2606,348.0721,353.3187,342.8555,338.6826,354.952,380.2343,386.3686,395.7983,358.9303,323.1201,314.9892,294.8716,320.9518,375.0023,371.3709,354.6643,369.4966,370.6658,358.3441,351.8605,346.2302,336.7882,339.6021,339.0846,362.9518,387.7901,342.1687,356.5198,380.4504,406.748,402.7986,367.3443,380.5215,377.3332,358.7257,319.0807,306.9497,357.8264,381.7115,365.7911,404.5353,381.4068,340.6866,362.7306
374.8172,370.5286,393.3974,389.8553,391.3033,388.779,362.4817,339.9394,389.614,387.363,321.8851,341.7356,358.6287,368.2017,375.0309,372.6022,375.6183,393.8316,443.3168,419.7366,391.3466,375.9269,396.5869,362.7046,412.4999,373.4033,381.1879,350.23,325.1327,337.6117,345.8474,386.9032,398.7038,383.9962,368.8149,351.5874,382.5255,376.8745,386.3954,372.6194,354.2997,336.2914,341.9697,373.6833,371.4107,376.9169,350.8708,348.0025,345.9361,313.2306,341.1343,356.6102,383.0464,320.8305,362.3461,389.79,297.1703,305.9227,331.0588,317.7881,353.848,335.1434,338.9268,336.3393,330.8458,355.2316,363.5479,332.7951,358.2677,372.2657,352.2749,324.3766,372.3626,356.0953,358.7936,352.782,373.1629,343.6743,348.5539,352.6754,361.6198,380.0461,375.7758,378.1593,372.3734,355.9101,333.1438,335.3839,356.7071,387.2201,382.1011,380.3709,350.7548,318.4246,310.3123,294.8939,331.7172,395.1762,383.0717,355.7822,384.6031,379.1396,347.6866,340.9669,328.9281,324.1931,336.5695,350.0647,381.7359,404.1056,337.7308,341.6549,397.3111,422.4672,380.8737,354.8202,397.5349,405.8131,363.8933,298.9637,273.5444,338.6047,379.8518,377.321,401.5234,380.3574,356.4186,379.62
366.4969,363.7697,414.9758,417.4899,414.6358,401.4452,372.8582,366.1919,389.6577,395.8611,363.2001,376.9066,384.0991,384.0648,395.0365,383.3102,408.4436,363.3363,405.7511,410.4937,406.9029,405.1863,395.7449,341.0192,380.4053,371.7865,388.0852,366.9669,348.6205,350.5426,367.9709,396.1186,397.6325,385.4944,374.8518,382.4722,390.7315,356.4633,381.3413,392.4462,369.868,347.5424,344.4842,375.8221,401.6555,365.1923,358.6198,353.8134,349.0417,317.8611,353.5406,355.8134,354.7995,294.8182,336.3862,351.4203,302.1624,318.2339,344.5815,333.0204,362.1632,342.1843,322.187,314.4323,308.8475,323.0778,331.0336,299.776,320.7119,339.2813,327.5806,308.1915,355.4316,356.5472,343.128,328.7134,358.8866,357.4624,369.9205,360.3806,358.9234,370.6915,364.2395,369.6071,372.3822,371.6139,344.2515,339.7539,362.5356,387.7241,401.1974,393.6532,358.4692,347.3788,352.2946,343.4629,366.074,389.9692,357.0793,339.7962,376.6542,385.8511,367.8808,363.0649,354.2073,340.7568,347.0708,354.9713,379.8054,407.7581,348.5421,346.0605,399.7109,418.5415,368.0818,347.9515,392.8806,384.8135,349.6544,295.8384,267.0868,295.7336,331.9161,385.037,415.455,396.9517,379.4282,386.9951
378.7805,368.8287,405.8835,399.5925,413.6023,418.639,395.0672,366.0895,381.2444,401.1913,395.709,397.6042,392.2466,381.1714,392.4586,380.918,387.2713,322.401,364.5098,382.3168,394.7941,409.0444,407.27,338.9476,421.2995,424.392,428.0526,399.6443,380.2022,412.7293,396.6368,411.9642,390.4397,372.0494,357.443,385.5181,372.8786,348.4108,366.4592,409.0742,405.9174,402.7838,401.2853,370.782,374.7578,333.8988,354.1269,359.0465,363.4038,358.3409,385.9987,383.4488,357.6775,302.6115,329.3979,338.3539,286.9228,305.8296,335.67,308.7945,344.1073,341.8058,308.1249,302.6143,304.1571,318.9423,335.4594,287.1606,322.9874,344.2924,324.6031,296.08,331.1456,338.4229,323.0095,318.8419,326.0312,314.3159,321.4424,333.6546,344.5541,356.6735,352.3639,346.9503,348.9568,354.3093,325.8451,313.9346,327.2699,352.1127,379.5489,387.8093,359.6974,353.7706,351.5151,323.1871,356.1113,394.4657,354.6098,328.8287,353.417,381.6389,397.6216,409.8696,414.0117,397.8101,388.4774,360.1304,363.9632,398.8975,346.0022,345.2395,392.4814,396.5069,337.21,339.9829,396.4991,382.1747,334.2377,309.9896,292.037,288.501,314.7877,392.1412,406.3943,399.0597,363.9673,398.9044
358.6579,367.2725,380.9555,387.1857,416.0966,424.4411,395.585,382.1088,392.5025,401.2618,395.4641,397.9705,390.7695,368.5822,371.1493,372.3642,373.9436,315.8376,348.3013,372.7191,361.2429,361.4187,387.6721,344.6773,414.765,407.3724,388.6396,388.4459,392.3443,415.5405,386.4406,384.7776,367.0452,359.4498,352.3251,351.4338,356.6509,337.9281,378.1974,403.2227,396.3001,389.2211,370.2069,327.5257,351.0887,317.2451,350.7083,363.3225,375.1836,378.06,401.9691,389.5219,384.6743,343.6692,364.2369,344.1997,292.7081,313.908,345.8033,342.2665,362.4302,343.2583,317.061,306.4539,299.1565,328.5414,350.9889,320.8392,369.7213,367.9513,343.9137,320.2269,349.8373,329.5146,323.5869,330.412,316.0218,304.1289,314.9404,319.5497,328.2186,342.3335,343.8513,335.2949,351.7021,358.9265,329.4223,315.9654,321.9896,351.5057,389.2421,392.4337,350.4176,331.4561,332.4071,321.2036,366.0463,400.1894,348.7473,320.3157,352.674,390.2466,402.5959,391.5959,382.4683,378.4056,366.0599,344.6268,372.3687,396.994,350.3803,367.8652,411.2789,415.2263,363.3297,362.8275,392.9727,374.7644,362.7597,364.3425,354.3349,317.7849,319.0949,401.8529,434.7057,411.1305,370.0304,402.3351
340.2232,330.4865,338.6077,359.2026,388.7914,403.2032,382.5455,362.994,378.6394,401.6164,397.8343,396.4934,386.9813,372.8329,390.9815,376.3199,359.0656,311.3657,368.1969,385.9541,358.7941,344.3812,363.3316,323.2602,384.4082,359.761,356.0051,335.9826,326.2346,373.7276,352.2483,393.9529,397.5895,374.6609,350.5489,317.631,358.2644,374.2252,406.7758,408.4908,391.7768,375.2288,371.1176,336.0241,357.21,333.0354,358.076,358.5089,358.0772,340.6692,358.1018,387.2384,393.2671,381.6202,392.8736,375.33,311.25,328.7884,358.5861,373.6291,375.5174,370.0642,359.6535,346.7376,333.4521,372.4724,382.3192,338.5338,379.0444,342.3708,316.7313,304.7072,373.2374,348.959,338.214,372.7963,365.5332,345.0657,331.1103,331.3437,348.3362,370.6111,371.8934,357.655,353.256,353.1483,338.1833,332.7934,339.1208,367.4727,403.4472,398.8545,334.0816,298.9187,303.8729,303.6953,353.3244,404.3448,372.2538,367.076,409.0734,419.6272,409.8756,392.5351,384.7538,381.6106,372.155,350.6568,374.7952,410.5586,374.9204,385.5617,426.4339,435.0582,386.8711,362.8519,378.3923,375.7646,376.119,378.6154,367.5613,325.4761,312.0776,370.2502,418.7083,425.4478,394.7756,395.8228
365.4732,342.7175,334.9062,336.4007,368.1572,382.6349,369.3947,374.4876,397.0383,419.5534,417.408,397.702,376.4608,370.5742,393.8054,368.2755,377.6616,337.7054,390.8813,421.7024,396.3477,372.184,342.2096,289.3175,340.1387,347.4418,350.2407,334.71,326.5443,353.8802,303.744,386.0218,397.8816,378.8603,362.061,373.5333,402.018,370.8083,385.4407,398.4908,382.6392,367.114,376.1685,351.7518,378.5617,376.6416,358.2719,347.79,337.5852,333.368,327.9939,366.0178,384.6425,387.1724,383.8479,399.7411,326.1646,334.2995,355.5945,382.5191,395.0259,372.8669,377.9961,381.1436,382.3966,379.9434,385.4194,327.603,351.8992,324.4855,303.0918,291.3725,372.9504,355.0919,358.3751,398.0736,424.0819,418.2695,394.3802,365.5731,369.4777,390.0404,388.2932,395.2346,381.6617,362.7244,353.6016,355.8051,364.7488,382.9114,398.0074,405.5052,375.0082,347.6905,345.4586,341.6283,354.2278,385.9036,378.8802,390.2263,412.425,399.1703,407.9908,401.8642,380.8185,366.6634,348.5908,339.1471,382.5141,416.99,373.2607,368.1761,409.8592,432.303,404.2745,375.3727,393.7193,393.1682,389.2036,384.1527,363.1455,305.598,299.1216,394.4399,424.2033,436.7729,398.0611,409.0087
371.8495,332.3586,326.5338,346.3736,379.4462,388.562,360.5135,364.1666,395.2395,421.2082,421.9344,391.7501,371.9043,375.2387,352.5498,326.675,388.5752,357.4482,395.7677,416.085,411.9726,401.2845,357.1999,307.899,354.6564,365.7809,362.8726,336.7946,314.4618,316.0955,318.2794,367.677,379.3294,355.888,335.9287,359.9871,406.7366,359.4377,376.7575,397.9192,377.8784,358.5781,395.0997,370.1129,390.9918,391.0527,326.4085,319.5201,314.6185,334.9793,371.6293,390.738,386.024,378.1559,373.8451,405.3939,339.1214,338.8058,349.6195,351.1311,366.6484,341.6216,363.6718,371.11,372.9569,368.2679,364.0883,338.6136,365.6161,348.7885,316.9839,286.2562,360.253,369.2213,347.1154,351.6256,371.1153,384.4122,389.0233,360.3192,363.6704,390.3652,407.3817,417.2842,388.4213,371.8076,342.3852,332.3577,348.9691,369.2372,380.8474,386.07,364.5685,367.2076,375.619,356.5708,353.394,374.1673,382.9442,382.9531,380.5314,384.4912,408.5902,397.6466,366.0709,353.7539,330.1743,321.2444,377.6281,412.2455,367.3604,356.1198,386.5521,401.3101,381.9234,373.229,400.1667,404.4989,393.5121,378.8482,357.222,319.6519,318.6699,394.7482,427.8051,429.6675,397.8739,414.1387
368.0395,352.8363,373.0956,398.9698,417.355,418.6947,383.4093,361.5933,375.2301,372.2861,366.7331,348.2705,336.2895,346.1757,346.26,315.9946,365.7179,335.9932,360.0299,399.3067,408.3898,411.8002,383.2499,340.0472,391.0137,385.0456,380.5827,363.0066,346.8921,337.6101,318.5688,377.685,385.0496,370.8636,356.5106,346.4904,415.2622,348.4976,380.5385,419.9738,392.6988,365.9177,376.3836,349.6801,378.676,388.1859,295.5431,309.375,326.856,370.8326,412.2077,410.1736,385.3863,381.8695,370.722,392.6669,330.4402,338.9048,358.9139,346.949,352.9057,332.8781,332.5721,331.3209,328.7475,348.3041,376.5853,326.5594,356.2357,355.5338,326.7806,294.8325,353.1641,362.6,341.8632,349.7213,351.0854,339.8771,368.3681,359.2763,353.8338,363.7162,373.6035,381.9374,375.4908,371.5844,322.463,297.8375,310.6736,346.6999,368.8364,373.3383,349.3844,338.0583,337.3111,319.1224,336.4174,374.6773,362.8248,352.1115,361.0695,375.2382,394.2113,367.4213,346.7101,358.1996,357.7131,343.1419,372.0648,407.3109,370.5929,365.4973,398.5641,408.3798,381.4207,377.7838,398.6393,389.7162,362.3402,355.2937,349.683,347.3604,358.1373,397.5914,420.6,419.2028,401.7478,414.0816
368.1065,350.5891,394.7101,421.4154,438.3092,430.9885,378.7021,354.6653,374.4275,369.283,351.746,353.7721,357.5291,375.1522,384.0247,330.0564,363.5829,344.9796,365.5206,397.8606,399.2967,395.8088,367.535,344.2268,415.9795,399.1348,404.0473,394.3861,383.9884,364.9719,335.4342,424.2004,422.1465,395.86,366.5838,311.6106,392.089,366.7167,405.4991,420.4194,382.1475,344.7198,370.9498,331.522,371.4775,379.6506,298.6874,319.3941,343.5784,375.7178,405.9278,413.39,395.4627,393.7102,383.0218,384.8462,332.633,347.6051,373.0382,361.6208,343.4303,316.9408,312.7572,324.2566,338.101,346.6545,370.1042,323.3704,354.9915,345.9787,333.5509,326.6876,349.5952,340.7664,345.9033,356.2976,357.0529,332.8295,362.2366,374.4067,370.6332,369.9199,358.9047,361.7268,392.1827,391.6568,333.0903,312.7052,331.136,368.904,394.1459,387.0682,364.6106,337.6716,328.8966,335.7179,346.0187,361.1491,358.7157,357.4534,362.4391,384.7324,400.1706,362.8758,351.2483,377.6468,391.9889,382.8978,397.8553,410.33,359.4381,353.7923,390.0723,405.0601,375.6807,358.5942,380.5172,375.9871,355.5248,334.4292,323.7545,336.9439,360.0515,401.3274,418.9262,415.1845,405.538,411.5063
403.9883,373.5468,378.533,394.667,402.4526,396.3635,367.019,365.0628,397.0806,389.3844,350.9235,357.9917,363.9823,378.8636,396.0988,346.0945,338.3561,317.1338,365.903,382.9915,392.6909,395.6826,362.3029,317.7998,389.6371,411.5003,395.5126,382.6862,369.5428,358.5655,380.5934,419.3736,437.5024,399.1265,359.3771,311.5487,375.887,369.1745,409.4087,411.0898,390.7069,370.8121,387.6774,355.2469,390.8829,396.7427,339.3372,358.3627,379.9995,387.8623,395.4071,420.2631,396.9512,387.6234,370.2751,388.4875,317.8001,326.6277,348.3324,355.9004,357.7674,319.1673,327.7766,329.9313,328.2825,367.9533,356.5599,296.27,307.4962,333.9651,335.2899,329.3721,343.9905,351.9526,351.525,358.1118,352.428,324.0639,343.7752,350.8738,352.9487,361.536,346.4777,308.1978,333.3104,367.4073,325.8505,304.7355,320.4265,345.3693,374.7924,382.4578,357.07,339.0396,339.0459,339.5382,349.6155,365.8297,358.2089,344.1478,339.6249,363.7989,386.9686,378.1707,388.3503,404.2793,403.5423,369.0774,368.4627,376.4034,335.3358,356.6198,372.0999,380.4256,359.5812,334.0168,354.9032,368.8195,362.9272,337.2153,322.2343,331.8273,349.0463,378.0057,392.7626,403.8032,377.3026,388.91
372.2938,326.1601,348.8143,372.5948,396.0385,394.2541,351.3522,349.2502,390.5569,407.0219,402.4958,371.347,347.6917,361.6881,401.5019,370.5758,337.555,333.0023,350.8266,367.4812,376.3477,379.8981,347.5439,287.1032,365.9722,372.5746,377.3403,376.7616,375.3477,366.4212,351.3384,396.023,406.4012,398.0814,382.8574,295.7761,359.6584,348.8729,386.7343,402.2274,383.0091,364.3598,388.5184,342.7482,373.248,412.0542,340.6625,359.8155,382.0905,340.6089,343.2386,391.4605,385.6498,367.3126,356.5627,371.7335,305.3218,308.9529,323.971,352.0732,366.8127,325.0581,341.2552,337.7745,327.0417,366.9069,338.166,278.3444,273.1016,318.0324,332.0338,332.9399,354.4468,352.2227,323.6162,314.7854,330.3977,313.2197,320.6871,309.3232,327.5034,369.4177,346.5609,270.7446,292.5807,344.0388,320.4567,302.2655,310.2908,330.632,377.1272,392.7114,346.5982,338.7968,358.449,359.0635,347.4708,354.9143,373.6647,384.2709,365.573,354.1765,382.0276,383.8694,375.8741,371.3115,349.7514,323.1244,349.8825,365.3055,323.5452,324.2477,339.6719,356.4149,354.4232,333.2791,342.88,345.1323,339.0675,317.2583,303.6049,308.6285,325.3875,363.162,374.6487,364.8164,341.84,363.7411
323.5563,293.6841,332.4114,369.6255,388.9404,389.5869,341.3718,308.8106,347.0233,369.3257,410.3576,390.823,369.9653,360.5863,370.5723,330.2552,319.8856,304.5609,326.9119,362.8019,358.8559,358.0775,352.4529,301.7294,383.5495,351.3728,338.5178,330.9507,323.9925,319.7872,317.386,389.6596,364.0728,359.1791,345.4112,239.4403,329.3534,317.4038,361.8216,370.0577,367.8736,365.7977,371.5852,291.3443,332.574,405.524,355.5327,358.9307,364.2164,329.5357,345.8018,401.3652,370.9526,343.8792,334.9923,349.351,298.6115,303.7714,318.0219,312.3167,315.9088,323.3456,302.7281,300.2668,302.9797,353.3519,325.5771,281.8017,294.3882,290.3029,282.5303,276.6992,339.3842,330.4379,301.173,322.4831,338.8247,322.3143,321.1447,298.1039,317.3875,365.7318,371.0594,281.0218,284.4877,333.7843,314.8127,304.0491,318.7625,344.0089,392.3166,373.2555,303.6249,295.7799,319.8073,333.0716,344.4397,367.659,384.4294,385.4748,369.3578,361.1571,371.7874,358.3928,341.7476,333.2431,310.1318,283.9152,319.2926,349.7197,339.301,382.0686,389.4041,398.183,389.7681,375.5092,398.636,384.955,365.8747,349.3628,336.8261,333.3927,345.7505,379.9952,377.1443,395.334,393.9991,382.8654
336.4797,308.6268,322.8776,361.0954,388.0665,402.0452,371.6855,338.821,365.9465,370.1232,385.7663,360.7548,345.799,361.8928,363.687,315.2078,340.9646,339.4827,358.619,374.4013,353.6977,339.614,337.7813,298.9943,374.3508,341.6667,324.632,333.1357,335.9002,301.2206,285.7635,375.2551,342.2737,339.7042,329.1915,237.548,338.1,309.8089,363.552,355.4337,354.1079,353.2353,386.2576,313.599,306.1339,385.6322,388.5889,391.3639,394.1951,345.6957,361.7903,395.5972,368.4888,366.0751,352.3696,354.2197,305.1912,307.5033,317.9975,322.2825,339.5717,348.1564,330.8686,312.6181,295.2025,343.0127,342.0838,318.1129,341.7115,307.6195,281.3364,264.4686,319.264,319.5498,310.1175,319.164,353.5283,360.7318,355.5883,326.0221,334.0179,366.9036,371.2259,298.086,307.8291,358.9665,321.7678,309.0105,341.9606,382.7363,417.8701,376.3526,302.7242,300.9783,329.588,344.9179,348.4255,363.7436,374.7071,375.5031,387.6655,398.6182,395.775,380.0847,370.9259,359.7483,352.6829,343.8491,366.1903,398.511,389.0619,408.4672,401.7776,388.0913,369.1235,375.9218,401.2331,405.4099,395.4793,388.3934,380.1822,369.3943,375.5348,408.3028,406.6386,413.9114,399.8785,407.9129
383.3679,344.8094,366.3479,387.8364,408.0417,416.7455,388.1466,350.9934,358.5078,371.4864,385.3924,358.3917,333.263,327.1212,334.0789,284.8886,285.3062,291.554,329.0755,354.8447,368.944,375.4948,342.4939,301.0436,371.6105,350.6984,354.9427,358.4928,355.0149,307.8101,292.4157,362.4557,380.1901,380.6586,374.3743,297.9655,370.295,351.6173,371.1084,371.7804,376.7176,381.787,396.4754,312.3953,318.0625,407.7631,378.3698,376.2968,375.2354,356.6479,350.9823,390.7975,372.1506,386.545,383.3246,382.6026,310.5193,309.2436,319.2337,319.936,378.6078,356.8878,366.5338,350.1184,325.9273,355.6298,333.6519,324.0845,363.7315,307.8219,279.0203,269.2069,317.5361,326.4143,329.6185,302.9109,292.5959,330.5395,370.6308,335.0273,323.3687,340.1901,346.8454,309.1607,322.2994,348.8701,321.3542,312.0955,329.904,351.7304,366.8897,344.477,310.348,353.3204,406.9723,422.3035,388.3658,352.9088,344.7994,345.228,367.9174,385.7181,384.2254,354.1929,330.9432,333.3348,351.8148,372.0023,388.5187,402.2898,352.1655,307.7784,300.6606,289.5801,290.4817,313.39,322.8988,341.9219,342.5993,332.3011,326.4716,330.8757,344.5469,375.2686,381.9804,362.0248,337.5411,341.0831
408.6588,383.8255,395.1862,380.2342,407.7973,428.9978,412.208,363.0841,350.188,345.6728,371.1105,365.2375,359.0161,356.5052,351.3524,313.7086,305.6243,301.0787,348.4605,362.7797,371.4006,373.2437,339.1946,293.931,345.0797,336.5722,339.7046,350.788,352.4147,297.6642,295.3072,346.2235,345.2605,350.5472,349.6886,283.5042,332.4266,308.5969,327.291,334.3389,347.6715,360.4684,332.5205,261.2715,274.1549,323.7488,296.3448,287.9241,280.2015,292.9307,312.5821,334.227,315.6885,314.8875,312.252,324.7119,261.2665,261.6683,272.4622,293.2888,346.338,294.3007,305.2482,310.9205,311.7617,325.673,314.5561,301.8977,330.1069,280.8687,267.1366,273.2664,323.9016,356.8235,335.3669,322.6842,298.0783,305.2665,315.631,293.8138,289.5723,300.1208,304.8999,288.3407,315.2397,327.9373,296.5869,281.1784,283.0,292.0786,313.7263,328.3448,331.6796,433.4616,504.3307,479.2289,400.2651,309.9262,282.8144,305.9154,330.4018,336.151,345.9666,324.795,298.3879,307.8994,316.9604,328.1266,342.5804,337.6252,328.1522,342.5665,338.2401,324.809,301.8834,300.8719,327.4072,354.082,354.2904,358.3396,362.6632,367.6152,373.8008,373.7517,351.2385,338.3678,338.7842,345.8345
387.1407,373.8273,365.6829,355.076,378.1285,391.0246,383.4607,380.8719,377.0335,361.1009,382.5922,379.5582,375.7668,380.2621,391.5649,359.4366,364.3816,334.8986,359.9379,380.2086,380.9846,375.6881,339.1814,299.9539,362.9989,375.067,380.0089,379.4775,373.0794,329.864,307.8601,334.7214,331.4959,309.75,287.8213,270.2851,338.6139,324.4426,314.0941,349.1124,349.5647,349.978,347.2502,295.7332,307.148,322.4675,292.2328,290.93,290.6331,290.7785,330.0743,353.0218,310.0155,303.2255,335.4716,354.6392,308.8676,314.8964,329.3547,342.2955,333.6499,310.919,287.7085,306.2847,333.8368,361.2216,345.8507,324.0479,315.4958,312.6534,308.6284,304.0091,349.7553,390.197,368.6295,332.2652,306.8725,308.7128,322.7349,322.586,328.7361,341.5925,346.3056,307.2411,324.1536,348.9966,320.594,302.748,304.3872,319.7268,345.7697,349.0893,321.4209,343.6035,372.4987,365.0888,342.0442,316.3665,306.1244,302.0071,300.3463,284.5093,271.4101,268.3346,259.5911,260.6593,261.0967,274.5266,321.3876,355.0127,352.3284,370.1141,387.2098,379.7091,350.6594,361.5532,390.3467,427.2498,421.769,397.4345,385.3074,401.1357,416.4413,419.9803,386.9095,349.3684,380.1239,436.6512
360.4272,359.38,347.536,327.3441,347.0783,344.236,328.8949,390.2057,436.2617,414.6531,441.7958,430.8456,418.833,413.3306,409.7589,376.3514,435.0012,429.8669,431.3482,425.3435,413.9008,404.6488,395.5703,368.7344,426.3287,414.4138,403.2091,366.2749,331.4737,313.9374,323.9,371.6379,406.528,382.1676,357.6899,337.1378,388.239,403.7736,357.6442,399.5218,401.0076,402.5281,406.3883,337.13,412.2884,409.345,373.564,386.8767,401.8598,350.8057,391.5177,434.5302,389.1091,365.4,405.7931,405.7693,321.512,330.0988,353.1751,363.1691,376.122,342.5033,281.7397,302.6973,342.1322,378.9964,382.1034,371.4132,341.4342,332.7406,326.1798,317.7509,352.8361,368.6831,386.7088,378.9449,380.6165,363.0824,369.632,382.5029,404.6599,433.9276,438.0981,355.1349,345.7057,382.1533,368.3146,359.4309,369.2735,381.3882,400.1481,404.2052,354.3174,316.5293,318.9718,325.1751,334.7884,373.2283,392.8824,391.3263,386.702,368.9857,370.5569,356.549,336.9488,340.993,317.7045,294.4019,344.0742,377.1475,370.6778,404.6897,418.9142,423.2168,418.0302,421.7067,439.7728,474.4369,446.9594,408.8333,388.4908,408.8734,434.8591,458.2111,434.6544,412.5688,425.5262,457.4586
367.9126,365.9618,349.4882,327.0199,343.7336,343.1542,325.8084,361.2117,410.5574,413.6934,429.366,417.3002,402.2447,388.6364,386.6593,363.1291,386.3528,391.297,408.8558,422.4208,408.0548,405.4845,431.6817,389.6261,425.0172,387.9002,302.6804,261.4933,235.9939,308.5467,345.7472,424.2841,424.4171,446.8513,463.4006,414.6445,439.9124,421.5833,430.0098,428.4015,424.9689,421.4977,415.0763,400.8358,454.5172,460.9353,460.5468,456.6287,452.5971,391.2264,414.0981,492.5548,456.8894,440.2384,407.8129,410.8688,349.9122,347.1982,353.9189,356.7021,368.5668,362.7912,298.5799,315.7102,352.845,369.3917,391.8677,410.3618,352.2203,326.0012,325.3898,327.7813,339.3843,319.1894,359.73,376.1865,377.9291,388.0233,407.0607,394.0094,397.2265,416.8828,414.6693,375.3202,371.123,390.4246,388.4333,397.5192,421.3378,436.6082,459.1298,469.8997,430.7874,370.896,338.4553,325.3931,366.5492,426.8854,429.5088,446.5739,459.2794,459.479,491.7982,459.0491,408.9938,415.4069,378.1132,351.4724,425.259,457.7625,392.8536,335.2609,342.9395,359.576,385.5899,384.4125,386.1512,419.1771,390.7645,375.5566,363.8864,360.3175,372.1483,417.8705,427.2635,377.192,355.6835,365.3644
359.2462,332.9279,346.1801,360.1339,376.5922,377.2622,349.1526,346.0801,381.1968,402.2453,410.2283,383.012,351.1606,342.0829,378.2896,296.3063,302.403,338.7836,362.7453,366.6409,375.2056,384.4333,383.6036,337.8166,341.0314,320.9221,261.7771,252.1129,252.9612,322.5426,379.6121,380.462,329.005,368.65,404.5599,395.4909,385.4237,364.0777,441.1465,471.1171,438.4633,405.9617,384.9247,349.1753,351.623,404.8448,436.5835,405.0636,371.4419,294.6016,312.7179,398.9116,392.6284,389.3072,366.7906,351.8254,306.4949,295.6414,290.2097,308.0664,358.7762,358.6089,340.9156,330.6745,322.3481,323.4929,328.1089,335.9185,321.2161,292.4059,296.1751,311.032,356.8981,308.8529,350.7797,364.5625,363.7586,378.0238,356.7705,301.9994,285.0135,290.5584,334.8292,364.4687,364.9888,360.9156,343.5247,339.7608,350.6357,370.2982,397.7455,393.7904,396.1551,421.9778,414.9984,380.9106,379.4996,386.246,363.103,360.4031,383.6728,390.2361,382.6711,352.6213,324.6341,330.6312,333.614,370.3406,430.8947,416.0803,350.9903,326.2454,359.3384,372.5786,359.7294,347.4329,335.166,356.137,340.7219,320.6595,312.812,332.9373,350.9575,366.8732,365.459,302.611,279.5587,304.5775
355.1569,325.8358,343.485,353.1788,368.7011,379.5503,377.0541,358.866,343.8391,371.3995,386.6073,355.0128,316.9821,291.7349,326.494,312.4896,321.3748,304.2044,323.1511,333.0772,358.5876,371.8479,330.8405,285.1533,297.008,317.0039,261.5869,253.0883,256.8756,328.9229,300.0529,215.0321,124.6818,179.8994,237.4581,323.23,398.7237,314.517,425.0735,426.456,413.5568,400.123,346.3235,321.1464,344.0871,351.5789,373.6009,364.0634,353.4565,291.98,310.5351,368.0784,358.3929,336.9831,351.5683,344.3955,259.8909,267.4627,289.3361,305.4316,352.83,343.1489,319.4521,318.4115,322.3641,318.953,311.4611,324.9616,357.4498,322.6414,304.9364,299.5286,345.8319,326.508,322.589,311.9467,324.6402,345.1914,311.3226,247.5577,241.6104,265.925,296.3469,306.2164,300.2697,324.1249,300.4396,285.809,304.6434,306.4629,343.3665,365.5398,348.4135,373.4539,380.9574,343.1648,353.5728,361.0824,320.5392,303.0741,312.7281,286.3372,257.6442,260.5846,250.2943,239.6497,248.6288,300.9412,351.3425,342.5906,329.3139,355.4487,374.395,373.3279,341.8026,314.6707,311.7652,343.9206,327.5221,301.2052,290.8314,316.9676,336.9908,345.1787,338.129,291.8848,321.7867,347.9087
410.1484,383.7273,389.8085,384.0381,394.9246,399.9654,379.6417,338.2477,327.8195,357.4287,380.9644,359.1649,323.3481,269.5919,277.045,313.6778,336.7801,324.5935,347.2874,351.2235,356.647,353.5798,311.4844,269.1615,308.3233,347.5508,331.4525,298.8854,275.8002,306.6589,275.2117,244.9431,152.2246,146.2629,146.7634,228.7558,350.4109,302.5992,382.5216,358.4232,370.4408,381.8681,348.5793,310.8991,336.4416,352.9822,288.4481,259.1898,231.1783,217.778,306.5956,387.2359,392.894,414.378,411.7007,365.4719,274.9168,284.7586,309.4413,290.2991,310.6252,305.0377,268.0209,282.6815,309.6182,326.8895,292.9081,278.0169,316.4984,285.1189,280.2026,291.6879,343.0865,319.7675,302.8215,283.0221,263.5595,279.6417,288.9767,262.1617,264.7751,288.3572,309.3821,276.5555,263.7532,276.0455,268.2289,264.0987,269.7484,284.6137,346.4895,402.1278,363.2269,345.8752,340.9209,294.4414,332.2621,381.1274,348.2139,325.8305,329.4641,320.2573,315.3569,300.7805,279.0685,285.5598,278.2447,285.7068,322.9192,332.4364,337.1163,345.4046,350.3636,351.4515,346.1266,331.4891,331.0068,372.6031,364.5186,339.2982,324.3126,332.7652,341.6144,352.6169,348.3363,313.2992,333.3086,354.0107
388.5984,385.2218,376.631,337.207,352.9843,363.6823,365.4622,360.2409,331.4427,323.9958,370.3898,369.7149,354.4022,311.0386,312.2435,356.1621,382.6581,407.9692,437.7126,403.3717,388.013,369.4605,328.4552,271.2074,327.9265,379.1804,376.5432,320.7235,271.3845,267.3305,280.0407,282.9625,221.764,153.585,90.9112,102.181,214.0227,246.4833,273.7248,255.5665,292.1345,328.4208,343.1404,299.6407,311.8625,257.2369,178.5163,186.5235,197.4551,201.7067,227.0733,248.9387,289.274,309.7811,390.197,361.4065,235.4726,262.1913,311.9005,274.8323,276.934,320.0919,318.5105,311.8333,306.2828,320.0317,278.7463,269.7023,271.1962,258.9539,263.5123,274.6763,306.5759,304.4595,297.0352,292.6328,286.0773,315.3954,329.9437,306.6061,302.2762,313.06,331.0561,304.8763,284.4736,277.4985,244.2386,225.4737,225.6557,228.1498,281.6266,315.4903,287.9322,309.1734,337.121,326.308,347.593,376.1841,363.1412,347.935,329.7894,301.6578,307.5563,306.8735,294.1497,309.1309,320.9659,344.1306,359.778,337.3249,349.4187,370.5055,331.3142,305.2661,311.1316,326.7965,333.989,348.3513,357.0907,358.7268,362.5818,371.5182,371.0714,357.5746,358.8924,333.4893,335.5975,353.4168
265.449,235.499,252.506,271.7026,302.2792,320.8876,320.3513,321.9509,328.7804,374.7169,407.674,411.4103,409.5714,403.0108,423.644,431.5852,405.3419,417.006,476.9242,473.33,438.1927,410.1579,391.4291,305.2998,321.8643,371.8431,392.6413,346.4403,297.9456,246.8718,281.7531,281.5858,288.2219,225.7016,164.365,119.8619,116.7521,206.5693,277.129,258.4219,296.3293,334.2475,372.5168,292.7121,226.9057,139.2886,118.929,105.5841,92.4202,142.8633,138.6047,82.1749,75.7005,75.084,219.7978,301.9862,244.8917,265.4505,299.2943,287.3625,302.2811,359.1672,349.3599,321.664,293.3273,305.9344,287.8909,316.6915,278.5182,246.6708,244.5002,248.879,280.2409,301.9823,318.6836,334.5303,305.8332,310.1945,361.8293,335.2687,321.1703,334.5695,356.2275,348.0413,354.1728,313.6913,255.8886,240.5208,243.4975,218.2533,184.4563,184.4204,182.5915,180.0439,213.9205,267.6286,322.6887,368.1209,392.4982,411.9565,351.5831,259.3596,250.3396,279.4361,300.2742,286.6188,281.2981,305.5033,347.8522,370.2112,344.165,287.7587,266.131,248.0007,261.9958,311.2612,331.1609,335.3907,333.9924,321.0501,320.4444,348.0895,363.1491,354.8903,368.2933,378.7329,384.9234,395.561
293.4697,210.236,239.1417,372.8702,424.4552,444.9108,400.204,343.442,328.9295,388.9427,382.6358,376.2996,392.2592,443.5921,415.442,339.5959,294.0,336.9507,356.7172,358.4254,436.0167,493.2044,448.0044,348.1947,362.7472,378.3974,399.618,357.6819,322.1642,329.3932,338.5932,356.605,429.0393,413.1191,392.7367,314.0504,179.2935,163.259,285.9632,302.9055,344.0969,383.8924,317.4386,112.9948,204.4184,289.2334,162.6264,222.2699,288.3232,196.8061,160.486,329.3472,249.9086,135.3277,95.0974,230.6676,289.4741,315.5333,338.7361,291.0533,289.9159,297.2425,289.0934,288.5185,290.2466,345.6048,358.2701,381.5108,333.8442,245.2819,241.927,267.4912,332.0816,332.704,337.9094,355.8517,283.7046,270.6748,329.1771,320.1907,326.5833,359.8455,347.7277,329.2555,341.8968,324.1447,251.7812,232.4799,259.8671,255.3188,233.4854,228.9605,234.6746,205.344,179.6945,181.639,234.0773,305.024,357.8255,421.6262,389.7079,319.9163,291.7994,271.2222,289.0104,290.9592,291.2248,299.5322,331.0219,339.6143,305.4797,291.1772,283.5283,274.9036,277.1713,301.773,321.8025,329.7133,323.2633,302.9112,297.7379,327.3246,341.7722,319.9822,313.1416,333.3263,362.4401,416.8114
264.9843,224.9082,273.3002,393.3117,473.9007,517.4842,455.471,348.3463,279.5179,220.1696,226.1297,208.3657,198.0809,205.803,196.8681,172.1136,219.4539,261.9602,185.7186,228.0789,341.4611,421.4795,355.0885,274.077,306.2343,369.428,407.8699,377.5554,360.1224,418.4775,404.1624,370.3312,454.2214,449.2012,441.4492,399.4171,335.56,234.1986,271.6458,341.688,364.4755,383.3202,104.9804,173.753,156.717,260.0571,203.5436,169.4035,136.1425,314.5514,185.1972,317.1959,381.8839,317.5582,212.3159,124.0816,272.3893,325.6411,361.2718,313.5218,294.2862,292.1255,290.7964,307.5304,328.2159,402.342,383.9736,384.1033,352.2214,268.2033,255.9379,270.3126,342.4886,335.6819,334.8221,359.7067,292.0812,287.3564,303.8967,267.2313,272.4999,308.6761,320.3028,331.4964,321.567,305.8405,251.1912,235.7041,264.7136,274.3823,288.87,279.6132,238.9848,222.4343,200.6435,155.9723,157.2929,214.5202,250.318,289.7746,328.6459,303.1922,253.1632,246.4233,286.943,323.8574,333.0878,329.4234,353.779,332.298,295.6955,301.5907,269.0874,258.4512,298.3668,337.011,336.1317,340.5981,325.5866,295.6978,290.0349,339.8504,372.2159,350.1248,307.7656,297.4593,321.9185,360.4072
199.992,221.7035,311.5964,377.6684,418.1978,431.1282,395.6582,357.8001,288.0756,229.9457,220.3367,201.2052,165.6695,121.1571,165.8628,261.809,486.1469,488.8242,377.027,341.6722,278.7715,219.5424,188.7089,211.2128,220.7858,287.2966,405.5904,394.5032,384.6667,386.0851,403.8706,395.898,497.2664,527.8962,555.2097,539.9877,482.2523,322.1328,267.4735,227.5351,226.5684,224.6325,149.4333,107.2463,177.8251,98.4598,319.9786,233.576,136.6135,314.2283,328.4823,182.7639,282.914,359.8788,271.8507,169.8743,272.5573,316.771,349.0528,288.1224,324.5213,342.3183,331.5661,321.8766,313.3491,364.9819,319.632,295.655,300.8482,283.6478,273.0297,267.0959,309.5541,296.6182,291.4619,317.982,239.3718,252.4704,300.7609,234.0217,223.4721,265.4498,319.383,355.3048,327.8445,289.3019,269.9802,275.0529,292.6718,286.9821,330.7041,347.0587,310.9756,280.5378,229.855,160.9129,158.4319,189.4195,150.6877,109.3147,197.966,323.8166,314.5713,241.7492,238.192,291.5792,329.9287,340.7783,355.7407,342.1361,308.8984,322.6975,281.6997,254.2393,272.7066,304.1115,311.864,343.1788,316.5514,295.8979,299.8208,360.0242,396.713,366.5488,314.7101,275.3387,282.7864,313.3576
135.5571,176.3057,281.9132,347.4292,383.7919,376.0852,321.462,313.7235,278.7264,319.0018,329.7986,311.3528,248.1432,119.4978,144.1063,246.4888,451.7343,557.4005,556.4213,374.545,349.064,310.914,230.3366,185.8002,123.7059,172.294,333.3006,367.4249,394.5673,377.345,386.804,493.1094,533.1961,551.6697,557.9026,417.5604,294.5821,266.2696,258.9748,164.3727,147.0012,130.6979,194.8828,159.767,320.7363,206.1868,323.0364,231.4658,132.7233,314.0963,329.9146,184.0759,137.2984,160.3183,145.2329,170.228,224.9937,260.9402,293.7945,298.9576,338.9847,366.2249,350.5934,331.3605,313.0668,344.156,291.4915,291.8131,249.0369,219.1834,230.2584,251.3372,310.8285,296.5451,304.8622,291.6286,249.067,251.1731,311.9669,230.3935,214.5053,269.2118,287.1936,284.4063,288.8175,292.5479,307.9877,319.0852,321.1817,297.0336,367.5519,461.5802,458.9429,390.3336,293.9848,191.797,130.187,135.6822,122.7642,94.7569,102.8309,237.3421,353.4113,263.8006,197.3398,206.1955,241.0151,312.3143,374.1747,376.1697,362.8994,375.9957,316.7084,275.68,285.8076,306.2934,307.3293,323.4416,281.6192,276.5803,287.0876,333.1964,362.3224,343.8848,311.1795,289.3697,310.2832,338.8219
175.7647,175.0212,301.5981,260.5094,304.8262,327.4336,323.9616,330.5543,312.8724,359.5967,416.1651,414.6516,366.4673,234.3933,209.7805,186.5515,187.182,343.4828,471.8441,407.5021,375.0847,358.8768,376.7859,261.3034,191.7242,128.1071,189.8143,221.7278,254.9851,287.151,276.9154,457.9922,312.5452,292.1542,268.607,214.3102,255.6767,222.6992,162.7323,174.1024,243.9492,313.0647,326.7741,334.8108,322.5591,325.2581,336.1983,287.363,236.5184,320.273,326.0887,158.9278,165.4126,189.4583,180.2498,308.0531,105.7617,126.6728,185.2725,318.665,337.2653,327.566,334.4959,338.2091,340.4478,314.9874,258.0929,276.5403,244.1533,213.0502,221.219,239.7417,296.1488,285.9258,305.1968,296.6152,236.5849,284.0112,337.9435,246.1704,215.6292,245.183,274.7251,286.6687,308.1393,346.133,380.63,391.2558,388.9781,360.7049,413.9244,489.5945,473.4949,372.9568,314.4157,321.2795,221.2859,188.2009,212.2621,162.5908,108.333,197.874,350.995,299.9334,223.5447,200.7112,191.9775,245.4824,355.8682,419.0996,414.0853,380.8854,314.1946,264.6064,258.9328,274.0206,309.6373,356.6013,319.2322,304.5339,303.5901,334.1449,345.0782,306.8744,275.4292,271.3755,294.7157,325.257
220.8644,317.8791,399.7694,357.2781,376.7589,353.89,287.7513,307.8988,345.3933,381.734,400.9068,394.3612,372.8167,329.0416,277.0979,127.5737,140.5104,155.0503,324.687,421.6964,453.793,477.081,422.117,214.6433,147.2454,81.6661,126.5828,125.3128,128.5387,152.7138,118.8954,134.845,213.0877,273.6161,310.8989,85.0607,94.9054,160.2919,197.9159,265.4781,355.7892,443.3893,326.1747,326.1833,325.5382,326.2543,335.1962,269.8519,202.012,318.8549,326.9737,136.3143,111.8043,150.8734,167.4801,306.9496,173.8633,144.1576,134.2085,249.8756,298.2105,302.8734,296.7324,300.9259,307.5958,324.9051,331.7179,311.7115,283.692,279.4124,268.0041,251.9922,296.6781,319.9574,337.4004,289.5963,228.1402,285.8502,344.5126,311.6059,305.0397,328.0593,340.2071,363.1928,398.4572,386.6219,370.6155,375.2112,382.7769,345.4111,375.3802,424.8357,361.591,238.1759,218.892,290.4058,247.1398,226.5999,256.7624,278.1635,240.9971,258.6906,423.2075,433.7995,378.5612,377.2484,365.389,324.8399,308.7863,355.2732,387.4738,381.9957,347.7123,309.769,277.6207,288.6573,352.1211,392.299,347.3222,323.4494,312.5555,331.3834,340.3828,326.8622,315.4998,300.4732,309.4675,348.7578
255.1572,290.3669,302.6468,449.0001,526.753,499.8286,322.7854,280.9923,302.7556,355.0392,417.2961,375.9975,340.5714,326.9109,285.0238,165.878,206.5244,226.8701,220.3901,277.401,440.3749,550.5236,419.3572,212.7171,170.9185,297.0348,130.4345,133.0774,125.9622,62.6449,69.8971,158.8444,259.9397,297.2021,320.9763,192.455,198.0182,119.0591,227.8876,362.5504,402.2336,439.9135,326.3556,329.0445,324.7123,344.5177,327.853,268.2913,207.3217,318.7917,336.1913,122.4319,67.4167,81.487,126.7834,304.2462,327.1431,250.4426,162.8111,205.7048,267.1951,270.222,254.5018,250.621,249.6415,308.5242,350.7445,381.8253,342.7305,249.2762,228.8256,234.9385,318.1566,329.2939,304.3036,276.0206,275.7827,295.6671,331.2899,316.3494,320.4589,347.4294,371.0557,408.2427,419.4092,393.8258,354.6429,356.8928,387.7931,342.1158,353.5242,338.5744,229.881,175.292,213.7637,287.3412,330.2094,303.8634,299.0255,325.7693,276.1083,202.6991,274.3501,374.4744,364.5427,368.9554,389.598,417.9046,377.2391,306.1023,327.0196,373.1214,381.629,380.4713,366.1361,356.8336,346.7901,333.1518,311.0999,298.0418,295.636,317.6246,331.7086,324.0958,306.5375,281.7813,288.3417,327.8871
214.8634,279.1132,161.2291,174.8318,396.4848,522.2432,456.869,408.9461,388.8745,347.9099,379.9141,326.7437,299.765,329.5119,326.4489,323.5069,389.8428,500.455,175.9602,176.424,297.7272,374.3908,274.9269,202.0719,137.2411,281.6505,148.4144,243.8554,299.4227,110.8577,76.6896,130.6387,158.5753,128.9897,104.2205,139.304,199.2996,247.5505,259.9655,331.4667,338.2001,344.5996,325.7846,324.8916,325.5977,326.0637,327.1493,243.193,156.3868,315.2221,329.7899,325.9862,326.1546,124.2166,177.2383,311.7035,328.2573,253.5036,168.1558,271.873,311.7411,303.9207,257.885,230.9265,209.5169,241.5088,261.4569,234.8392,253.6376,273.5547,244.569,201.4666,273.9201,255.748,223.8142,272.1787,355.511,401.9249,402.5045,338.4838,308.5758,307.9555,308.9132,335.9203,327.9543,280.4623,253.3064,270.7133,306.2044,278.5501,277.0137,252.8605,215.5578,231.765,290.2403,371.4234,470.103,491.2751,472.4266,473.865,395.0089,221.7218,123.0807,158.1281,178.0738,180.2565,228.2469,319.7434,316.7288,238.8336,237.8351,286.1921,320.9916,338.5253,349.6189,378.3559,349.0211,304.0533,285.9008,280.1959,289.4108,332.7925,360.5695,338.0408,292.3336,274.8955,293.9178,319.2009
174.651,232.7641,94.7817,157.3139,223.7591,321.7067,449.9314,504.8708,512.8689,503.4686,533.109,468.2265,403.4073,350.6621,332.8564,325.6472,336.7963,329.6771,200.8022,140.5268,212.1561,252.9511,179.1532,174.1856,235.0298,317.1335,328.2605,326.9708,326.0658,327.2197,325.23,305.1022,120.9046,97.7077,77.8035,98.3668,140.6311,337.7401,275.2359,297.1349,336.9682,375.6164,324.7739,335.2321,327.0546,326.9017,336.3941,223.6877,106.8793,311.4276,328.235,312.1252,309.4621,325.1294,244.9141,317.5582,332.0012,328.6403,324.1788,326.3361,325.417,337.1105,273.7807,259.5178,259.2784,228.5495,195.5199,156.9522,238.2137,332.8206,286.8176,198.1303,251.0077,272.6399,317.606,339.9867,268.2045,311.6418,391.7003,369.9041,342.0287,332.2889,309.5636,317.0927,280.5495,256.1805,227.5555,220.4779,241.9018,236.6836,227.7145,209.5586,190.6037,202.1035,243.7474,297.8618,401.0909,442.6253,381.8889,397.1609,387.6965,223.3572,169.926,216.0712,178.3968,158.877,165.5736,207.5236,192.319,137.8479,137.1868,129.1432,133.8237,149.4511,187.8359,249.8684,297.3957,279.9801,295.9026,283.4512,277.8478,287.9267,313.9722,361.5555,336.8671,279.6148,320.5578,356.0558
159.2441,233.2929,76.4821,111.9533,176.2031,266.1334,383.2249,422.5605,419.7581,490.3573,554.4199,505.7392,461.6474,425.1211,372.3642,327.3119,288.8303,158.3553,226.7607,161.745,146.8162,126.1085,102.3207,187.6734,349.6859,446.3947,387.7749,354.9572,324.9696,315.0948,316.1395,312.0234,200.4311,155.3733,113.1362,104.4945,105.0379,320.3555,243.4066,496.9371,466.7041,435.441,326.6182,327.7299,326.2304,328.3693,326.5984,246.9563,164.7082,316.7663,329.0909,315.5198,361.2801,376.9515,397.988,358.4521,330.8548,327.3662,326.9216,309.6955,338.381,399.1403,413.219,389.1117,358.9891,305.2471,123.8361,80.0939,140.4103,248.519,234.6507,178.9426,255.2273,332.0041,396.4956,237.1402,140.0963,219.2502,249.3402,250.0844,290.0015,345.7043,366.1125,313.4995,269.7532,286.3614,288.5856,286.2031,296.1726,219.9437,190.7098,224.66,235.1432,259.8442,263.65,233.5625,263.1956,250.119,166.0253,182.8275,282.3891,289.2724,315.3033,388.0527,362.6405,350.9865,339.6699,312.8291,226.3936,143.7635,195.9496,249.6689,183.6312,133.8276,156.4775,249.427,355.7059,435.5563,362.1541,332.0731,310.522,308.5046,326.312,374.9342,353.2629,306.1179,353.45,391.5508
325.1343,325.1785,297.8931,263.1883,296.0769,323.3087,314.5782,276.0884,326.7242,402.8912,333.188,322.1122,339.883,416.6823,411.7257,298.5511,210.1949,243.9161,298.0321,222.7334,306.8381,335.307,161.114,152.9581,321.6618,300.5545,335.9628,331.0701,324.6341,315.4149,351.5452,326.918,323.0032,289.5223,263.8818,314.8889,143.3826,323.1008,232.7603,466.4235,364.7838,265.29,328.0299,324.878,326.1085,331.5826,326.5281,326.6476,326.9489,327.913,337.0859,333.6631,328.7,325.0219,396.8039,548.9046,357.2453,327.7343,327.4252,361.6934,363.476,407.9076,406.1958,376.0154,342.1154,312.4398,160.5441,124.4945,97.3985,155.5244,159.8084,137.8643,247.0155,342.7113,338.1112,259.7137,163.3202,150.8726,95.8032,128.8288,217.3245,303.8061,431.9085,490.6823,435.03,383.5138,302.2463,262.4021,272.3106,236.2897,229.8906,286.2407,287.2701,254.5577,220.5318,171.2045,159.4808,143.9542,164.201,171.8324,227.8134,326.8916,330.5656,320.0528,298.5321,304.7777,375.6549,450.0879,344.6389,188.2229,153.5898,164.644,115.948,95.9305,143.9433,278.1638,427.9323,393.5269,331.2757,311.8279,306.6462,334.1344,363.9148,374.6414,340.8906,359.1603,363.0209,355.167
321.1332,309.9942,249.2582,138.1171,123.8672,159.2093,240.889,200.8724,196.444,332.6396,393.8535,468.0978,508.7387,466.1799,414.0365,329.2882,329.3118,309.7798,281.2099,146.7126,235.2775,310.0969,324.7688,294.6219,153.9278,186.4224,325.2717,326.0338,326.8385,327.5629,325.79,325.723,331.0304,319.7799,310.7697,327.5277,324.3027,273.4588,310.9033,221.5673,272.3067,322.5243,333.1649,327.2925,325.7034,325.7028,327.3151,327.4417,327.5172,328.0027,276.5765,253.1903,318.2231,262.4521,378.971,340.4854,328.165,302.1152,273.287,359.8564,395.5948,346.1351,382.97,374.0538,350.8401,195.0306,294.4832,148.024,115.9942,296.2719,321.4569,282.3824,299.7145,275.1425,286.0075,234.348,240.7885,286.1713,209.6197,133.2166,195.0489,312.3786,403.7524,400.306,379.6211,371.7066,340.6998,318.2119,309.9445,272.2292,266.9836,264.2567,225.7679,174.4946,158.4157,176.8564,219.3177,246.9946,184.4674,223.8065,325.99,278.6253,267.0473,323.6722,369.6757,448.2679,472.6826,372.1678,292.8633,310.547,303.4675,327.8177,328.7962,287.5771,167.1553,96.8469,157.2861,247.0311,304.4102,296.2708,297.9785,322.2363,339.9552,329.641,314.8201,353.6319,336.8292,316.49
321.2101,310.5821,288.4793,234.2741,195.2594,169.2064,142.4303,117.9863,154.4791,136.3764,238.111,278.6596,353.5621,405.7362,244.6212,347.3395,409.6986,397.2375,283.3771,151.4454,246.878,321.941,316.3126,297.3151,180.7754,251.5064,334.9317,207.8381,114.4195,247.9008,391.9525,397.2352,399.4519,353.4149,312.2412,329.1348,329.5788,185.102,205.0898,230.5146,276.2766,321.5266,327.978,326.9237,328.3365,337.251,325.7919,326.3797,327.3875,326.9807,283.5074,213.3068,133.5842,278.3516,379.5168,335.4447,326.6298,285.7659,239.4588,294.5508,447.64,533.3875,439.5666,377.6592,329.8631,325.1734,316.0509,324.5072,163.1389,287.6049,321.8235,294.8789,324.8597,279.0691,220.0189,291.7513,365.8411,426.2834,354.8768,219.545,182.9382,196.035,238.1493,258.579,286.3319,269.337,274.8823,306.2318,329.7643,374.6084,374.539,323.643,236.5534,196.8527,255.0846,346.4586,362.5433,299.5774,191.4705,221.049,327.8304,308.8114,291.312,280.8578,287.5681,345.5472,377.3599,363.3206,338.226,289.795,270.3481,328.1898,331.4841,331.047,259.4414,141.8463,172.9146,236.2336,266.3113,242.2349,239.6514,286.2871,317.8727,307.0526,299.107,323.4103,334.9243,367.1241
