0,1,2,3,4,5,6,7,8,9,10,11,12,13,14,15,16,17,18,19,20,21,22,23,24,25,26,27,28,29,30,31,32,33,34,35,36,37,38,39,40,41,42,43,44,45,46,47,48,49,50,51,52,53,54,55,56,57,58,59,60,61,62,63,64,65,66,67,68,69,70,71,72,73,74,75,76,77,78,79,80,81,82,83,84,85,86,87,88,89,90,91,92,93,94,95,96,97,98,99,100,101,102,103,104,105,106,107,108,109,110,111,112,113,114,115,116,117,118,119,120,121,122,123,124,125,126,127
375.2681,398.8457,426.4396,433.9775,441.4211,437.1878,436.4183,431.4146,404.1956,378.815,368.6105,390.9637,429.2058,456.036,448.5082,437.7798,430.1757,425.6533,433.069,433.1282,437.2218,464.0617,461.8592,372.5997,427.1687,450.9532,433.678,415.1313,351.2992,435.8947,424.8507,420.5889,449.0107,433.3586,419.6294,379.4177,415.9536,446.6995,475.4799,549.3638,474.4717,392.5178,343.9624,416.6483,436.9859,456.4899,437.0655,416.1852,401.108,386.7591,383.0809,382.736,399.4375,346.6397,359.0326,443.2765,457.0131,447.2555,451.8166,423.8123,419.213,455.3097,458.2927,406.4929,366.619,373.4302,396.16,431.9669,429.4645,401.5048,408.5649,432.4474,448.5106,462.5702,469.9892,462.3054,466.5427,480.6752,445.8607,427.8061,462.7255,451.7218,340.002,357.2619,379.2599,424.2732,404.5398,401.8947,423.0411,437.007,453.3396,460.2367,449.6606,408.0212,414.8341,422.314,444.4208,445.1398,364.04,446.1691,495.3431,497.2022,493.1588,493.6413,473.1302,403.5354,322.3851,230.7331,239.3265,298.1311,338.1271,376.5909,403.9969,425.3036,434.0247,421.4532,426.9337,430.8076,421.2094,405.4607,401.1841,427.5888,449.7305,454.5098,458.1192,447.1157,432.7674,412.9066
379.2672,364.438,399.9763,455.0872,465.0153,439.5844,438.4079,430.1492,422.9041,406.6617,370.3362,350.4358,380.4181,425.1602,458.4038,451.0806,431.8896,419.8973,435.6606,433.6064,433.9578,450.0033,458.9072,377.0074,420.2238,445.024,436.3646,424.9296,313.6883,436.1763,416.4562,433.2533,467.3668,451.8705,422.6372,384.422,416.7836,440.3846,461.7436,502.8063,469.1335,380.9732,371.6122,417.2616,440.65,450.4478,461.7563,444.6143,416.1469,383.8298,381.7722,398.6598,418.5432,362.341,368.7582,444.3477,451.0853,442.8004,451.1879,425.8719,419.542,455.4982,462.3393,405.2243,363.2244,379.8965,408.7149,437.6734,427.5031,406.1665,410.1729,427.3082,447.7403,464.6969,477.186,472.9588,464.5315,478.2961,457.6693,439.3953,472.9756,455.3647,348.8508,371.4225,396.167,428.3264,405.4375,384.5415,416.6661,423.8387,466.2339,452.1291,452.9135,429.2543,432.0843,435.2789,447.1685,436.1395,436.7186,465.5309,492.3076,487.8903,479.0786,489.3778,461.2683,401.6533,318.1362,240.1802,244.0778,279.9974,313.7279,367.534,402.1977,424.8301,425.9484,414.3376,410.936,414.8081,410.7153,401.2806,403.5639,428.3677,447.753,452.7997,458.9019,450.1583,430.4771,397.424
375.999,365.2029,412.7466,479.2986,488.2653,441.0031,434.4319,426.7897,421.7769,401.5599,359.2901,357.7002,390.7956,418.9155,448.1956,462.8413,466.519,457.8997,409.2219,426.7774,439.8475,428.3984,442.6904,460.0539,399.0355,426.1225,426.8274,428.161,450.1324,231.9731,416.0406,439.8964,466.5578,459.0913,419.8118,379.8433,433.3693,448.4109,456.9184,426.2738,461.9117,371.1906,372.451,410.0285,441.3034,454.3634,461.418,441.9333,412.3663,390.2069,388.1837,400.7538,428.1185,387.5379,390.929,450.666,453.443,449.1206,457.9235,433.7581,424.397,457.4988,470.7997,417.9053,374.3359,389.2041,415.7013,445.9992,436.8165,412.0202,413.1146,419.6788,449.1647,470.1047,485.1754,479.1423,459.3488,455.2498,455.893,441.6736,464.9111,459.7603,361.6873,391.4428,419.4593,431.2815,406.4958,377.2906,401.1657,416.4998,467.2829,430.3438,465.1724,428.7169,431.9676,435.7648,455.7446,442.5143,473.1474,476.3687,462.8195,467.8706,475.8322,484.1953,455.3391,393.9076,316.7219,247.851,234.2968,252.4191,296.6234,354.0417,393.1392,423.3731,432.5761,419.4009,393.3454,385.4039,394.5909,398.6724,410.2649,431.3799,443.9297,449.2198,456.3604,444.933,425.5092,395.5055
372.5314,366.5637,428.2827,485.1869,467.9851,435.0216,437.2351,427.3547,423.8502,404.0196,363.9069,368.6945,392.7377,404.4339,414.1821,441.8922,446.6555,442.4283,408.9119,423.8113,436.0462,433.3221,446.5753,483.2587,399.6745,427.7466,416.1108,405.6241,434.8753,217.1418,428.2134,425.3777,429.6191,454.7682,452.2188,429.0836,383.0819,402.897,431.8002,417.5496,353.217,454.8251,380.0586,390.0544,424.6899,448.9406,459.8347,443.9344,419.2653,392.2643,387.3,396.4818,436.8845,433.7979,435.1768,462.2417,451.2447,452.2871,461.9889,438.6547,428.5928,454.0929,464.2353,424.2943,388.549,388.4208,414.1513,453.3421,438.4368,408.1676,407.8114,419.7811,450.8537,472.3981,490.0013,485.6117,450.1315,433.3716,451.5338,447.7129,473.9323,453.3058,356.9081,400.1252,438.0376,436.9474,407.7148,382.0688,399.7039,430.3323,476.9709,421.7065,471.9465,433.7977,436.4293,439.6223,447.939,453.8896,459.4505,473.6341,450.6656,462.3329,479.6466,481.8539,448.73,386.9698,321.7413,242.0945,214.5781,248.5815,293.3327,358.4392,397.8673,422.4275,428.9326,407.2492,370.8302,356.18,380.825,398.7056,418.7547,440.6421,449.6476,455.8083,458.3442,444.8718,428.0567,405.4137
373.1386,382.8787,441.1944,478.0545,455.2132,438.4425,447.4558,434.4949,422.7797,402.3663,367.2083,354.9938,377.9224,399.1791,405.0304,423.0517,407.6566,397.1989,409.0608,424.6836,438.4437,440.2847,446.3769,495.4521,428.1947,442.0789,415.1444,388.2498,362.2679,283.4395,417.5295,417.4918,408.5465,444.9435,460.2294,440.9706,385.6847,382.0487,385.7912,386.97,297.8763,451.5872,396.6573,403.8705,438.1579,446.1582,463.8807,459.6588,444.6179,426.8375,397.859,391.7428,398.7221,438.1734,459.5653,456.8053,464.9268,452.6826,456.4721,468.926,451.4039,434.1848,444.4661,446.0727,420.5443,400.9633,389.432,411.0517,447.3046,438.3374,410.0214,406.9764,420.3487,431.6346,456.9626,490.288,453.2762,434.1868,460.9905,447.1699,485.259,442.2995,324.0252,385.1128,437.7149,432.3862,415.3163,389.3534,396.2571,447.6223,452.7167,441.9827,459.2281,420.2305,420.0517,420.4073,442.9953,471.1686,427.829,474.7263,465.0347,463.3117,463.9088,477.1017,445.185,385.2052,317.0656,229.0333,211.9944,261.2688,335.8297,375.3375,396.5359,416.5693,422.2876,413.2278,384.9163,376.9739,397.2413,404.3866,417.6064,443.6954,456.8041,460.3481,457.1571,442.834,424.2805,407.1843
374.7308,389.1288,445.6297,474.0543,458.7511,446.2769,459.1417,443.8881,433.9822,406.834,355.2135,345.8285,371.9013,410.004,424.5772,411.9705,368.688,348.9986,420.2183,432.7622,442.8835,438.7984,445.0153,482.902,493.9252,458.7321,420.4135,381.1787,308.9954,313.7216,418.2007,415.2647,399.7265,445.4694,466.2967,450.0194,391.3277,371.0226,356.4218,411.6152,304.8703,451.7562,398.6501,408.3822,449.5678,445.26,463.167,456.7293,435.9415,417.3143,395.2697,391.441,400.978,440.6403,470.734,483.8519,480.3079,455.0588,452.9682,462.8939,449.6099,431.2567,443.6386,449.1907,424.2093,409.0084,393.094,408.1154,455.4262,444.6959,397.5192,400.4217,421.8956,436.743,459.1308,491.5473,486.8401,449.9123,451.9941,465.5186,456.0293,475.9018,451.668,352.1919,287.3417,433.7535,429.8487,434.0914,390.5376,410.1436,460.4062,457.2272,447.5289,422.1693,413.303,404.6638,442.3972,467.0425,413.3022,457.9809,470.2807,461.9685,451.4599,474.0839,436.488,385.5286,314.0965,228.2754,223.8809,279.0358,340.3281,365.0429,377.7582,391.2742,402.9406,417.1353,417.4147,416.2923,422.2391,410.6133,409.7422,438.6297,461.5607,471.4545,464.7258,441.6786,424.1776,416.1097
385.8512,408.7553,452.2225,463.495,441.1293,435.0034,456.1834,446.7173,427.0878,393.6879,345.4421,341.7095,368.0326,417.261,449.9004,407.5269,357.1765,335.3837,422.9447,436.1518,445.8248,435.4381,437.0115,427.9008,469.8516,459.3974,408.7936,358.6452,325.3243,296.5173,405.3727,410.5639,406.8307,460.1818,469.1687,460.2524,401.6349,373.122,349.3489,442.2802,310.4157,462.2659,403.1924,392.7534,429.9798,432.235,457.8415,452.1495,429.5004,405.1629,391.5791,388.2787,398.8317,436.3746,477.3063,512.5437,494.1831,457.1888,465.5017,469.9269,452.3399,437.747,445.2935,447.7721,425.7343,413.8275,404.1066,419.3554,448.406,428.4372,392.5701,401.3926,429.3082,439.2673,458.9241,489.1407,476.4093,447.0482,445.9781,458.868,449.6926,471.2762,443.687,341.6051,273.8929,417.1562,418.735,409.1758,378.505,412.7325,454.5205,429.6537,458.7743,447.6583,433.207,418.7097,407.8969,460.0178,463.142,420.435,444.8279,453.9999,459.7246,436.5041,467.83,427.5285,323.1382,228.2262,227.9347,268.8687,303.8015,353.954,379.0137,389.9347,381.2727,403.8595,431.8962,430.2844,422.4651,403.509,401.4265,431.2379,453.8289,462.5785,457.3034,436.9397,425.2917,421.3931
396.1151,430.8,448.4821,440.1335,422.5949,425.4044,456.5637,451.1772,428.2833,389.6038,332.7327,329.7304,371.0435,421.5979,453.6098,440.3253,383.2058,352.801,425.3215,431.3445,435.6965,430.8607,427.0913,371.7173,433.8365,400.6029,384.2425,368.7903,385.5483,283.5213,409.5577,410.0504,409.1402,455.6928,454.3969,469.5243,416.6022,392.8383,374.0131,445.6233,269.9736,446.9556,397.5092,377.233,422.6737,427.4726,441.4929,439.3903,427.5531,404.2278,388.9726,385.7638,387.2196,432.2466,468.7953,483.7153,465.3893,448.9549,457.6546,460.2277,462.5991,449.5307,437.2458,447.9056,440.6312,416.3464,396.4201,411.3219,447.0808,430.1575,397.1662,400.4116,421.005,437.424,457.984,481.754,475.2641,442.6604,439.331,445.2929,447.0392,456.6808,428.8847,341.1003,283.8236,413.6911,416.792,411.4346,403.4034,403.5596,446.206,424.2361,462.873,450.1845,438.8656,427.5655,422.1971,459.1401,458.5293,444.7859,438.2034,443.036,449.3637,443.2147,461.2802,418.4004,387.094,311.4405,222.0853,226.4764,259.7976,288.0681,325.7787,368.2578,400.8447,389.075,395.0208,401.3641,401.4658,401.531,387.5526,415.1649,453.6699,467.3577,463.0058,442.5402,430.1267,422.2878
405.8268,442.1611,444.5265,427.1224,416.3816,424.065,453.8536,439.8567,411.704,373.4414,329.3658,339.5427,385.1128,417.6843,447.4923,437.8424,394.3599,372.0795,430.1473,428.9246,428.9888,434.9365,415.4847,333.1309,460.282,403.0769,394.7912,387.7184,423.7104,305.0469,419.05,413.7302,406.3315,455.7353,450.4055,473.9713,430.1598,420.1877,415.7863,434.7448,298.7754,443.5222,390.8968,368.5634,425.9323,421.3083,434.3047,439.997,437.0297,419.4234,394.9131,388.9919,394.4654,431.6465,463.4194,480.0256,456.7254,427.6403,423.7359,435.9287,453.9618,442.8331,436.6489,456.3355,450.8282,425.2298,405.6352,419.3483,446.1124,423.3398,391.6767,391.7426,413.811,430.2313,454.6158,484.4251,467.9096,436.9978,438.6776,428.8126,442.0592,452.8515,423.148,357.8772,314.6045,406.7941,405.842,354.8815,395.2704,379.1412,436.9247,438.5493,452.0779,466.8018,452.1594,437.1128,446.2082,465.2861,458.9971,444.7226,437.3711,437.7683,439.1454,473.0938,465.1632,420.0551,384.6194,306.0941,222.8204,230.8101,252.3553,285.5608,322.159,357.1566,403.897,417.7354,404.5305,367.5291,368.5766,382.1651,378.4658,393.5312,421.9219,447.4509,463.2221,455.0652,437.5263,428.2923
423.5291,456.39,438.1636,413.4612,414.8976,430.1459,454.7067,435.0807,403.9025,361.0929,313.519,325.1076,362.3452,398.2758,432.4016,425.0449,402.4489,392.074,428.3778,432.2852,435.6494,433.313,404.8667,320.3666,463.541,485.295,443.0725,402.5267,422.4511,318.3714,418.4144,413.1415,405.7539,448.9909,455.5605,471.7655,431.6694,435.5693,446.1973,433.7344,356.6274,470.5883,410.2756,387.527,427.8623,426.025,441.7578,453.1601,458.134,441.8171,402.677,390.7452,389.0723,421.9443,459.1639,484.4886,459.5548,417.2872,404.2098,411.2869,437.0334,440.7776,432.7905,450.3646,451.4088,428.1918,406.161,416.2561,445.5343,419.558,388.1843,389.7485,400.7348,432.0099,463.7452,487.9029,474.6232,437.2951,444.881,429.5161,442.9155,436.2021,421.2326,376.307,348.2704,422.875,416.5793,377.3947,359.2101,379.411,437.5969,466.6294,455.6629,455.6528,451.9468,448.1899,451.9211,451.9198,447.6483,434.8263,442.441,438.753,433.0655,484.6141,458.3873,424.3333,384.2581,303.5745,219.6456,229.9132,241.7913,273.3622,302.4614,325.2101,386.5267,424.8326,400.9642,375.8723,382.1477,385.4388,378.752,396.7587,419.3756,429.2182,439.6809,442.5684,432.5236,427.1397
431.278,449.5952,427.6954,407.221,417.2986,423.7505,448.4918,442.6878,405.5821,356.3505,310.4371,337.3753,367.1285,391.1078,426.2797,428.7579,418.3571,412.0497,423.4966,434.407,441.6648,427.0172,408.5614,329.0627,451.4117,472.3777,451.6506,430.7659,403.7003,341.2448,409.7054,412.0085,406.2141,449.0682,473.1263,465.3331,425.0997,431.3262,444.1892,430.1095,426.6785,497.356,423.6459,392.3069,430.1315,431.8428,442.718,440.3557,429.44,431.5996,399.2142,387.1973,379.7521,426.1225,468.7629,485.1264,461.7196,416.7421,401.8064,415.278,429.1057,422.828,426.9923,447.1227,444.1911,426.877,411.0373,418.6775,437.7488,412.8578,384.1616,381.1284,387.5001,427.0519,465.8538,490.9709,475.688,447.8971,453.167,432.8242,436.0163,444.3312,421.8401,395.3921,379.5177,427.4926,421.9193,392.0746,315.2422,389.2033,456.2182,482.0739,459.6276,447.0523,444.128,441.3365,438.6543,450.364,445.9786,431.1796,435.3414,434.8394,433.3162,474.0298,466.1832,424.2616,385.0999,304.4317,220.3829,215.411,233.0874,279.0922,310.645,330.86,380.235,418.3722,407.8619,399.7163,402.4067,394.4254,386.0919,393.6097,406.3195,415.5609,427.5623,432.3567,423.9225,424.6213
432.7992,438.6249,418.1979,408.553,421.8733,427.4068,452.9384,458.0308,408.5885,350.3244,303.9957,331.0411,360.3579,397.6875,430.1173,424.3662,423.8689,424.9424,434.3467,450.9335,458.9014,419.0515,413.0446,357.4442,459.7403,403.7458,410.685,417.1935,407.3831,355.0394,422.0569,415.7009,405.8539,460.8453,475.5889,462.2179,414.4141,422.4357,438.3792,421.063,452.9771,507.7885,429.4976,397.2661,424.7797,426.4988,435.856,419.3784,390.288,422.6515,412.4021,388.1084,384.809,429.6063,466.6947,482.8256,463.5088,428.9658,415.8002,425.4384,417.1676,408.2291,428.7996,449.9402,454.6755,443.32,426.1678,428.0069,445.6861,416.2079,387.5106,381.2628,383.2468,424.6752,468.4589,497.755,471.524,448.99,452.1984,443.1888,438.4609,435.6501,417.7828,402.9907,395.0629,427.8004,420.1902,395.3407,283.4785,410.527,457.0125,489.3189,462.8442,431.0564,432.5176,434.4364,441.0771,444.6449,441.6538,429.6929,440.7307,445.0067,447.8898,470.6815,456.3014,401.3286,375.7918,311.2618,217.5895,216.2296,233.4017,275.8781,317.7558,354.0868,390.9028,410.9961,409.6435,403.8044,403.2137,398.512,396.2464,396.9107,401.8058,411.9548,427.1938,435.6485,423.9484,406.816
449.1345,443.2246,411.6665,406.9858,425.561,422.2315,445.6584,461.7341,408.8346,349.33,307.6909,342.7184,374.3912,398.4685,432.5428,427.6088,421.3708,421.5798,448.4662,468.2537,477.289,427.4624,429.8111,394.0289,444.7697,443.6108,419.8036,396.979,409.927,381.468,415.8307,403.4435,415.5882,459.0204,459.6786,452.0536,413.3705,425.3101,444.4557,414.9857,438.0272,521.832,430.6477,390.6378,434.5261,431.9102,425.0891,401.4192,369.0273,413.1548,410.413,394.2988,390.4587,420.5129,452.9193,473.6895,456.3961,432.6361,427.2025,434.063,412.4779,399.9773,435.3709,454.3483,448.8155,440.2305,430.1727,437.7688,450.0812,424.4358,403.2838,385.2463,383.5981,424.4277,469.6832,502.2568,474.7614,455.7029,449.3808,452.7964,436.6463,438.2289,424.6152,416.7101,411.7935,425.4457,424.6056,383.0345,309.9039,428.1984,447.1633,475.9473,419.1833,426.6643,429.7314,432.7376,428.1264,436.2936,438.8672,425.6715,437.2497,442.687,446.7768,465.9941,441.7531,396.7252,373.0838,313.3006,221.8589,229.3799,245.4808,288.9155,331.6815,367.7135,399.6863,404.4139,404.3996,405.7341,407.093,396.5394,390.9672,404.2961,418.3977,427.6446,442.4777,439.9842,416.8521,406.366
449.7931,427.8911,410.3255,418.421,423.8502,413.0886,444.1268,466.1964,413.4612,351.4816,306.2724,346.9074,378.8684,402.2864,437.4964,427.6586,418.4572,412.9888,424.8049,441.4534,451.2114,422.9937,429.4256,431.5639,440.2401,470.197,406.5676,346.3921,412.7323,408.0926,424.2663,405.8047,404.9448,440.2411,455.6342,441.9045,415.4016,424.0383,437.5108,414.0703,420.5876,508.0627,429.8853,392.2518,430.7594,425.3659,426.6104,413.2598,390.7535,420.9618,417.279,395.7801,391.4163,415.4223,448.3007,478.5798,450.9705,421.1288,424.3486,434.3266,405.1504,395.3181,434.9781,453.1199,452.4258,441.6031,434.9862,446.7695,455.9508,433.0119,407.5919,380.6781,383.6431,416.4438,461.1624,501.3882,462.6034,455.1263,457.2014,453.7994,434.0926,436.5907,429.4411,422.0795,416.4064,422.184,424.7532,384.8041,357.5534,418.3879,428.086,460.3175,397.3107,419.4174,421.073,422.447,429.9857,430.8913,440.6009,418.5546,446.9319,452.8952,454.689,466.7259,434.1868,389.5287,355.9221,309.5699,241.4767,228.9255,248.0965,293.2401,335.2532,372.1339,411.7147,409.9958,395.0067,400.5186,399.6075,391.0688,396.7628,410.4446,419.5354,425.5858,444.7012,444.6221,414.3224,400.3007
434.8237,420.283,413.4342,413.5777,414.2123,403.2297,435.2939,465.3553,406.6809,341.5365,302.6129,355.9579,393.6995,413.1878,439.4905,423.164,417.1621,413.3278,419.1636,426.0247,430.9454,426.926,442.6768,434.9774,425.1172,455.689,396.6558,341.0916,412.8653,438.9283,428.2342,405.0432,412.8587,431.731,453.4109,431.8676,412.229,418.3189,427.7471,412.7385,416.9063,488.1387,427.8304,386.9513,430.7281,416.7579,424.3801,427.7581,423.0881,429.8666,414.7518,395.7178,393.2464,424.2066,455.7233,477.3765,452.3443,423.3997,424.0812,436.3731,404.6054,391.9768,432.5009,448.2571,441.2079,420.8405,420.7795,455.8132,469.409,441.9002,409.5721,370.2137,391.538,417.0321,461.167,509.3028,461.3307,454.9372,455.3874,454.088,445.4508,437.0952,427.8316,419.9254,413.6528,418.8385,422.2681,373.5651,373.6961,410.1529,427.4042,452.0045,393.2204,420.7693,428.5794,436.1179,438.1691,444.1436,446.2778,438.1985,442.9725,450.7951,458.8104,452.4897,420.2537,397.2263,354.5547,307.687,226.5609,216.4448,235.7212,282.062,326.0023,364.3361,413.1773,420.6142,405.3476,404.8982,387.6481,382.1603,393.2128,401.4453,408.2231,413.9134,441.7816,462.9465,446.0678,415.8766
423.5197,418.7567,407.5878,407.8486,411.4182,385.9264,421.2822,472.843,405.7018,334.5904,298.197,360.2423,400.9058,413.077,433.6425,426.3587,419.3875,417.5134,432.985,424.6149,420.1096,437.6341,436.5826,407.1886,433.2194,430.1303,369.4014,312.9377,413.0062,453.6611,436.6689,412.1519,409.1079,425.3222,448.8763,432.3767,407.7394,408.7348,413.2109,401.878,393.8617,461.9905,426.5815,377.3786,425.5958,416.5756,422.7105,433.863,441.1153,435.5288,413.2379,402.4505,396.9764,433.1451,469.9648,490.6309,463.9212,424.3051,425.4044,441.5224,410.1144,397.2047,432.7065,444.2515,428.6068,396.3029,399.5708,450.7403,472.4462,447.7882,409.7453,381.4506,401.8704,425.3132,466.8384,512.5179,464.7946,453.3135,447.2092,451.3405,447.3968,438.3967,426.8519,419.248,414.4845,426.735,419.18,369.7512,358.7847,390.286,444.2161,431.4882,407.9085,433.2851,439.3365,445.1219,442.0152,446.5273,444.8864,439.2804,439.1242,451.4859,465.5428,443.2745,410.9449,394.0757,355.3513,303.8407,194.7795,202.0631,228.6243,275.2481,317.0529,351.6477,374.701,406.8088,410.2672,396.8877,383.3713,385.877,388.0979,396.3231,410.2112,418.138,444.3997,447.5205,422.3044,421.3209
420.3958,412.7818,391.5658,388.1553,405.683,373.1535,415.352,477.1774,407.6539,334.9452,296.2904,347.5826,383.4843,416.0852,429.6296,434.1637,420.2963,416.5758,447.2732,429.9514,418.9053,442.0971,427.4565,393.4399,436.6569,438.2247,394.8926,354.1977,410.4485,445.7336,445.5896,409.1356,416.8971,431.4534,453.7177,437.9962,404.8772,410.5616,421.624,399.9711,385.8416,436.5161,417.7302,381.4666,421.0454,408.3711,422.0029,434.5949,439.9012,434.5855,424.9105,412.4335,413.0852,449.1553,479.9166,496.92,473.9039,442.5988,433.4724,435.4176,419.2426,413.0649,438.8156,448.2617,430.8711,402.7266,406.0088,444.4847,458.546,443.4012,413.6652,405.9984,426.5334,439.401,470.1968,515.1113,485.5975,468.0808,455.399,453.6578,444.7209,434.7966,427.8805,423.8436,421.8828,431.4664,419.1103,371.0495,353.6509,394.3499,466.6989,413.2193,413.7707,442.781,443.2755,443.3776,445.4339,452.1107,444.485,433.4331,449.1577,462.0459,474.0494,422.1313,408.4206,393.3861,356.6588,304.9359,194.7637,202.1934,232.1702,274.8998,309.2525,336.3031,345.3313,391.5968,414.3719,396.4458,381.9443,391.8622,397.4714,393.2829,399.4177,412.7213,431.6585,430.8494,396.9378,395.166
416.4384,410.5162,384.7972,371.7628,408.3913,379.0703,418.1979,477.7563,414.8734,345.9495,302.8412,343.7874,371.9954,411.5305,429.1279,436.0958,423.8566,420.5146,447.6289,433.9892,424.2413,433.6558,408.9392,403.7468,416.2058,453.6752,444.1967,433.7488,388.5226,432.569,451.6437,405.0706,418.0122,431.9659,455.1776,432.8062,402.6235,414.4432,431.912,404.9459,377.6743,415.5154,413.4719,383.9156,423.5123,415.0436,422.1713,431.9346,437.4943,434.6497,426.8999,420.7971,421.4324,448.445,473.7095,489.0052,483.5112,470.7659,455.5713,443.6816,431.4007,431.062,452.7216,456.1307,436.7964,416.4278,416.3373,430.3906,440.0878,454.6993,438.9771,445.1762,462.8091,458.0252,469.4867,503.5591,492.6842,482.8698,472.8006,458.2032,446.6166,431.2666,418.6976,420.4059,424.3092,438.9305,420.0381,375.1816,371.6215,429.5303,473.609,414.6618,415.6971,444.3499,441.9754,439.1738,441.7882,448.6254,448.1454,436.1686,456.2169,463.1372,467.5865,384.0247,397.4043,390.8944,365.6094,317.5748,197.9782,202.6317,226.8496,269.9934,305.0349,331.425,353.5186,400.3166,410.8894,398.4797,386.1121,389.4537,398.2065,395.8965,401.8858,418.7561,431.2355,417.7942,388.6067,396.237
420.5706,420.9942,389.1023,372.1787,412.5727,396.3033,432.3524,475.8604,406.7876,333.8039,292.9167,341.1585,372.1408,399.53,423.7572,437.9064,429.5343,426.0913,440.0433,433.959,430.0678,433.1219,396.3119,424.0804,413.2986,451.871,443.6118,434.1339,380.7454,421.8027,448.856,408.8338,421.3237,419.5666,436.4567,426.316,399.0595,418.4401,444.2525,413.1839,373.5807,392.0035,413.2481,388.1035,429.6096,415.9866,424.7912,435.5425,440.5092,435.6692,424.3806,415.0223,419.8297,443.3154,464.8985,480.838,479.6699,475.9067,473.7381,459.4519,440.2226,436.1592,449.9174,454.6227,440.7352,422.4958,417.1626,422.6078,440.4457,477.4604,472.1963,465.0795,483.4493,467.719,470.9591,503.0993,492.6934,491.305,483.5719,468.3487,452.8195,427.5803,401.1598,412.4262,423.6791,431.9907,415.1986,374.5794,383.2677,465.6387,470.0054,420.7985,403.3933,442.2144,441.5875,440.4177,435.9481,437.6711,444.3922,445.1295,466.1919,464.2227,458.5751,369.3336,374.1784,369.0439,360.2946,317.1141,222.7937,205.1037,269.34,297.9831,319.6947,347.8409,379.7841,423.2748,415.1502,396.1963,403.4882,407.2843,402.4252,388.2809,387.5643,404.6196,422.0005,421.005,400.882,401.5301
416.8669,424.6198,399.7217,387.2191,405.3945,389.3525,440.6223,474.9568,392.6059,320.5266,301.5764,349.4922,381.5964,406.6898,427.7919,439.6612,424.7507,416.7104,434.3182,430.8319,431.3724,444.9543,384.9424,425.0521,413.4409,449.731,443.2107,435.3853,380.457,419.0201,415.4586,426.5816,424.1881,422.7501,431.1865,433.7446,419.9274,418.5255,419.0151,408.1086,375.2618,386.3891,420.0235,394.3523,441.7181,418.3821,422.8737,437.9673,449.027,433.9178,425.1705,409.8978,417.9171,446.2694,462.8122,470.6909,464.7244,468.4033,485.6447,476.3719,452.0411,439.2388,443.0371,447.5918,438.6166,429.6592,424.2685,420.2516,438.7062,481.5918,483.7473,479.5534,482.9193,474.0176,472.6569,484.9463,485.7977,488.7938,488.327,485.9151,466.1014,427.9459,391.9424,407.2642,420.2767,418.6676,417.5136,370.6687,385.9835,471.9497,463.5971,421.3802,390.7145,438.4984,439.1262,439.1049,446.3481,438.3764,440.2196,447.5655,468.5085,466.7181,461.4309,386.0795,284.0823,327.9453,358.7449,313.4398,249.9577,216.4472,281.4929,297.1529,315.7455,349.7582,394.9401,421.4806,408.6996,395.6467,406.2571,413.0352,402.7329,388.6411,386.6175,393.5879,413.1532,438.1508,428.0116,408.8768
414.7452,425.477,413.2368,403.8589,398.3448,373.0751,433.6104,467.1524,391.3825,325.1815,306.1049,346.6603,380.4196,408.1514,428.3771,439.084,432.2785,429.3878,439.3619,428.7939,422.3795,435.791,410.7325,422.715,411.9435,449.9834,444.0795,437.1898,394.6061,412.2225,407.5812,430.9905,433.0247,421.9633,426.5269,428.6858,419.1982,413.296,408.0418,413.0365,371.9844,378.4046,429.1132,402.1948,449.929,417.9025,424.5469,440.9974,451.1266,441.5676,434.8315,421.0953,419.8249,437.0094,455.4064,471.5814,466.1753,466.2057,490.3612,488.0783,459.9437,439.9429,437.6072,450.6989,450.6852,431.8687,426.2732,421.3571,416.8121,452.5015,474.143,474.9386,472.264,469.2884,470.6572,479.4925,482.1915,489.1133,490.182,487.0116,459.4552,424.7336,391.6901,403.4453,412.8988,407.5169,402.0289,364.7057,391.8694,471.0968,462.4866,431.1708,393.0038,437.0457,439.4711,441.3237,444.4971,440.0023,436.9098,442.0794,468.2099,474.1054,476.7392,401.0896,231.4032,331.1591,374.6776,324.8532,253.7616,220.2354,217.0012,268.0491,308.4266,335.9186,387.0698,397.1288,390.1625,389.6401,397.9085,405.73,396.6426,390.7151,394.4026,397.6897,417.2534,439.8955,428.5959,410.872
408.972,414.4837,415.0216,410.4239,396.1233,370.7167,432.6234,471.8949,399.1349,331.5647,303.025,338.8697,374.9854,411.9557,429.6563,434.9808,436.4662,435.7618,426.8712,424.6507,425.0095,439.8091,440.2103,417.402,405.7743,453.0744,443.6906,433.7955,405.4325,412.7457,427.5288,419.7606,437.2293,423.1996,425.9016,420.507,404.3264,405.8188,409.8151,378.4445,356.7785,367.6348,425.6345,402.2702,435.1252,410.4346,418.8538,434.6242,445.0932,443.7622,447.6487,431.7259,426.3907,443.1739,457.6499,467.2126,467.6928,467.0756,487.9979,486.9665,465.5997,445.5812,433.8476,451.2643,456.4228,433.0565,421.4475,421.2325,425.1017,448.8147,467.0789,471.1395,472.7599,465.3056,466.3781,478.1633,470.6599,485.1536,496.0887,485.3805,459.5263,424.8635,395.0891,404.5475,412.1301,406.5262,393.3721,364.6936,399.666,465.9182,455.9136,448.284,412.4664,432.5475,435.9609,439.1448,436.1408,439.1931,445.685,434.103,464.675,469.1706,469.1427,399.2738,246.2194,365.7946,385.6842,333.1892,254.8809,224.62,159.5454,239.802,303.7664,332.2353,382.9926,384.2564,378.4648,386.3537,394.9059,392.4126,385.2632,403.526,415.1129,405.409,428.667,453.5348,434.0632,414.2355
405.4399,408.3825,410.0532,411.2328,403.9874,376.325,433.5112,476.6693,399.5253,328.4876,300.5482,341.242,375.8614,403.2461,425.8142,432.8091,432.8404,430.2747,419.0876,421.1024,427.7242,449.7901,388.8182,421.2665,402.3757,449.3878,444.625,439.072,404.9805,425.9228,438.1336,381.8863,434.2946,422.1952,432.4292,423.8545,399.958,405.0347,414.1735,370.3968,349.5742,358.265,410.6791,394.7366,421.4655,398.1479,414.9571,433.5264,444.2505,438.3195,445.4254,432.4419,421.6178,434.2654,442.0891,441.6543,461.9908,474.8208,476.9637,465.4019,473.971,461.5978,429.4,445.4078,451.0945,431.9161,414.6599,412.6539,436.1466,463.4797,476.998,479.1898,469.9649,468.8011,471.9489,477.4662,467.1192,476.5392,492.3397,489.6042,466.1764,429.4444,403.1894,411.2584,416.4168,403.5126,398.511,376.511,421.0259,475.8951,455.1576,461.7397,429.6098,429.2284,435.7094,442.2848,430.0746,436.4999,429.9237,425.2065,454.7334,460.6869,462.6552,397.6725,289.3859,373.9806,375.8134,330.1195,257.8065,224.9603,192.5454,249.873,302.18,335.8501,378.2862,388.5852,379.1754,385.3601,397.1083,365.8179,364.3039,414.8908,432.1711,415.2143,430.2938,453.8076,433.5953,408.6959
402.47,405.0375,404.0626,403.5666,396.2841,365.2844,435.0645,486.1917,402.7251,326.1272,298.6781,344.8003,374.0914,407.4594,437.6959,428.9439,425.4005,423.5831,427.9036,425.4361,426.5879,438.9167,380.9178,410.9938,399.4141,444.224,450.3728,454.863,399.0919,424.096,426.6393,360.8163,434.1908,421.7858,431.4595,421.1841,413.7289,415.1107,417.5965,386.7069,355.0858,343.9922,402.3461,369.8622,410.7811,393.8008,406.461,428.0578,445.1364,436.1391,435.4481,432.0026,430.491,438.0994,442.529,443.2321,468.1137,482.4528,466.3383,444.0836,460.5947,456.8722,427.7841,433.9095,437.5594,435.4924,423.0796,414.5291,448.9103,482.6109,477.3288,482.6461,486.1847,479.3297,477.5246,482.5501,475.3587,476.5722,482.7529,483.5732,467.1078,447.6064,429.4116,427.1912,423.3228,409.6991,404.3044,391.6761,434.2223,489.0484,451.6217,452.9693,433.3842,427.1918,437.3562,447.7457,438.7103,441.6941,423.9828,409.7164,454.934,454.6721,446.8372,397.7268,306.6378,367.3842,369.3838,329.4047,261.2264,225.4455,214.8896,252.5989,292.5347,325.8495,372.6906,392.6773,383.463,382.8809,394.0522,327.567,335.9788,411.059,422.6203,401.6698,417.5884,451.177,439.2505,413.552
406.6439,404.3105,392.4196,394.0848,372.7394,345.6081,434.1578,480.946,397.9427,324.4786,305.164,352.6237,375.6384,414.5874,441.0881,416.0814,417.9272,421.6005,430.4407,425.6087,419.1085,398.5056,361.7207,406.6196,394.1493,448.909,453.4792,456.3673,398.0728,415.2008,398.6226,340.0675,429.0157,423.5259,419.5739,412.5395,417.8723,418.8327,419.0192,381.1912,365.3194,353.985,412.8963,342.3362,397.9648,387.5824,403.6729,425.6774,441.2338,442.1725,433.1904,430.7461,432.7869,443.9927,446.851,440.9466,462.559,488.5116,469.1575,437.29,420.9044,426.2639,438.712,432.7934,429.876,437.3036,432.1839,426.233,453.4158,474.3159,469.5256,480.3661,487.0953,479.6927,482.0349,499.8529,493.2913,484.7553,490.157,483.0907,452.3412,462.4014,448.1477,440.235,431.2427,415.8283,405.9503,396.7186,442.9352,485.2839,445.2508,451.7976,443.1899,430.3329,437.3018,444.5435,436.8649,438.0146,420.2515,393.3716,467.4733,465.8333,451.5175,383.7386,311.3986,369.9398,379.7794,338.9223,261.6625,227.5128,224.6487,260.5769,293.8091,320.0538,372.6103,395.6519,382.547,380.6231,388.5368,287.9668,309.8261,399.2717,408.7346,405.8621,419.5857,434.5478,422.5002,411.595
417.9666,410.7288,398.8643,390.1954,343.0233,311.5514,436.0317,478.1288,401.8968,336.198,317.016,353.7604,386.9555,405.6262,416.2657,411.6099,417.2732,422.5838,425.9311,427.2144,418.2526,354.5551,360.8099,405.3233,399.7756,443.6046,448.2549,451.4132,400.2009,405.5275,389.1185,350.2188,419.3191,427.3475,414.5583,408.8248,416.7966,419.938,422.2411,372.6778,350.9305,389.0899,436.2443,345.235,400.4941,385.9584,400.0404,426.5188,448.3488,448.8874,442.5125,432.6768,428.1273,433.0555,435.6329,434.7425,455.1156,487.179,481.0782,446.7691,385.6461,392.6479,449.743,441.0364,429.2923,438.6229,437.7658,438.6443,466.0099,487.4476,496.2183,512.0884,514.4506,498.0831,495.1562,514.3051,504.906,496.0999,487.3877,461.993,426.9222,460.9567,437.0238,432.0176,425.3942,409.8056,407.2316,399.8864,444.0268,457.688,439.4092,448.6942,446.4872,431.8096,440.9057,450.3291,443.2097,444.0482,437.3134,389.0432,473.5944,475.555,463.2325,407.2767,326.5876,367.4815,398.4571,345.4441,273.3606,231.4925,209.1382,260.981,300.0082,321.2972,375.1176,396.0683,385.2231,387.1566,391.8059,299.3336,317.1232,395.0737,412.642,428.0373,419.4106,405.5978,396.2472,390.8912
414.0822,406.982,400.8429,390.3449,326.4306,284.3871,441.4781,480.2335,401.8604,336.2149,318.8379,355.4648,395.405,397.5733,388.9204,406.9707,418.5146,426.5074,420.9131,424.6192,414.0353,335.1711,392.9703,362.0467,406.3539,439.3318,453.3183,465.4966,411.6261,412.3636,407.544,368.6489,461.7607,432.5048,414.1684,389.6954,407.6893,414.8149,419.8421,386.2215,331.9597,420.8011,451.8135,360.6693,412.0517,383.0106,393.988,416.8948,433.1351,447.5656,451.3565,436.588,433.6426,436.301,436.7002,437.5478,461.3895,489.3977,488.6752,458.9887,361.388,363.6646,453.1212,452.9497,442.0658,443.3291,436.3581,435.4485,465.002,480.7854,467.5432,473.6729,484.9701,475.6845,481.2654,504.53,490.7197,505.3059,493.7137,456.8494,420.071,469.0789,440.8276,433.6397,425.4509,412.1976,410.1259,401.0816,440.2287,423.9938,428.3086,437.9168,440.062,425.2601,437.4644,450.0404,440.5182,448.8112,452.7622,400.3388,475.978,477.9846,467.0513,428.8461,292.2216,387.7519,398.8402,343.2557,284.8505,233.3646,196.8487,254.3998,298.8597,322.272,372.7012,393.3114,385.0944,393.1614,394.6406,310.1921,326.2245,396.0635,406.4111,407.7733,402.5612,406.5946,408.6519,395.7319
357.2937,402.3535,400.4993,395.9389,354.5724,320.849,440.8917,482.7683,404.1906,334.3571,313.2404,363.7609,402.2424,392.7088,386.6202,404.0428,417.4685,426.494,417.825,416.5009,402.5021,334.8519,426.7476,351.9552,403.2649,425.8214,444.8763,462.3295,421.2118,422.1935,416.5265,395.3794,434.6384,431.6842,419.2183,375.5908,401.6512,406.9637,408.4185,392.8996,335.4211,453.137,464.3238,382.8779,422.357,380.4176,392.7631,415.7579,430.0497,443.1781,450.1259,438.1117,433.9162,435.1641,435.8089,437.4372,463.3659,481.8058,478.9099,464.9254,379.968,372.3046,447.2823,457.7368,460.1827,461.3905,447.9606,429.2369,436.131,439.6333,434.09,437.4241,438.9221,441.5075,455.3036,465.8159,429.2495,478.902,488.8673,468.8935,418.1996,474.4666,449.1591,442.6375,432.7198,402.032,390.3109,419.2379,439.5305,400.5833,424.0277,428.3545,434.257,422.4825,428.9914,435.752,430.9372,427.2722,436.9172,419.8716,477.9268,472.1462,455.8199,441.6522,264.2437,416.1395,392.1637,362.9497,294.9127,225.9449,202.7046,254.6959,293.4263,315.9971,354.0544,379.5058,378.11,385.9775,391.13,323.8799,335.4734,389.6205,382.7258,358.1846,376.6479,415.9492,421.0873,407.5388
368.2203,401.5801,398.9782,398.2007,366.6139,337.7076,439.1126,486.2737,400.6959,325.5642,302.5405,358.7701,416.098,402.9476,391.1197,398.7901,409.6714,418.5478,418.4368,417.1714,406.0218,353.5947,435.5769,425.5627,398.3406,421.3908,442.9653,462.8603,421.1038,401.2952,414.7368,409.6494,367.1971,425.3614,423.5825,377.1609,401.6607,401.7394,397.4398,383.1158,340.9556,446.2616,452.9123,402.0802,431.7408,382.6353,399.4659,421.667,432.3156,439.224,446.9729,429.1827,431.5509,440.7124,441.7792,442.3051,457.7569,471.1393,474.7751,468.5757,406.5086,395.8825,446.6028,456.9204,455.8278,444.8097,428.1368,415.1765,416.3939,409.872,398.6922,391.1843,391.1494,394.5845,413.4546,432.5089,390.407,447.5625,473.0914,479.7144,439.4732,467.6112,458.2039,444.5891,429.7838,407.7614,395.9438,424.8584,433.4058,408.9797,424.1397,432.4776,436.3348,428.3164,426.745,425.2624,428.4016,406.9607,428.8506,434.8347,476.8496,465.0445,444.8374,433.7315,279.0622,364.1034,371.8044,360.3741,293.1823,226.8968,216.2113,250.5799,280.1815,303.0612,346.4782,367.4424,371.9612,382.6922,382.6856,331.0134,343.3185,387.2033,368.9577,324.3725,351.1732,418.4896,434.3343,419.5656
395.7093,399.5511,390.7128,397.6592,357.4537,325.4252,438.9933,480.533,394.0251,322.9081,300.3406,340.8406,422.1118,418.9124,407.0494,392.3768,396.5244,403.8347,421.3398,421.2851,412.7365,368.1554,444.0845,500.9806,391.5039,417.231,439.6155,459.7696,398.4107,400.233,406.1445,406.2226,351.8351,412.895,422.3127,395.1684,394.9243,397.3794,399.7435,387.5437,350.1339,431.7332,432.618,395.9148,437.0827,385.1414,398.6048,419.7283,429.7002,436.3993,443.0621,419.4586,425.6633,440.4865,440.0165,436.2229,435.3508,457.318,473.4144,470.0229,439.1771,425.2053,447.0763,457.2834,451.063,431.8332,415.532,410.5391,416.6672,421.9582,417.4198,399.0265,386.0345,385.9549,399.9051,420.3101,395.5465,444.5571,470.3176,486.6004,460.1565,452.7664,453.6341,443.8975,432.7646,413.5711,407.7842,434.651,441.8832,423.7155,424.618,440.3207,436.6938,435.1014,429.3718,423.5852,436.8245,405.0106,432.1413,437.2118,469.1205,454.588,432.862,404.7761,338.8357,278.8493,351.2953,338.105,286.0536,233.9246,235.4243,255.3367,277.8584,301.7133,358.7098,375.5966,377.8338,385.0045,376.5959,332.0501,346.4425,387.886,366.9702,314.6233,335.5686,405.3777,431.1902,421.5344
403.4166,428.0268,392.1344,394.2267,356.2558,318.8084,428.1594,464.8869,394.4483,342.2507,323.5088,328.2777,407.0554,419.8296,421.5182,403.0711,393.0177,389.7038,411.7269,413.914,409.3265,374.6592,429.8302,494.4177,394.1311,418.9118,436.7428,452.616,397.1472,417.176,420.3518,413.3675,347.4977,402.0995,408.6087,396.0811,394.328,401.9308,410.5969,400.4704,356.8702,422.9972,419.1842,400.4204,410.8968,377.0643,394.0116,416.8797,432.7928,443.9058,449.0961,429.6187,430.7901,432.2254,431.097,435.1174,417.563,443.9147,473.3493,469.1277,468.7618,456.417,451.3614,458.1938,448.5231,433.6849,421.3578,418.5304,433.6872,460.4389,463.4034,437.4573,425.7604,420.2832,424.1393,435.9082,428.6618,468.1425,476.1158,490.2642,462.5601,439.9445,449.9332,438.7978,427.9986,421.5238,431.1945,441.0115,448.7597,440.3734,425.912,447.5854,438.1438,434.1208,434.8771,435.6993,446.6989,427.2285,430.344,443.3148,468.183,446.2734,417.4498,400.4968,402.7077,255.6898,298.038,344.0105,300.1177,243.3964,263.3777,264.5813,278.5445,305.921,367.4192,384.0781,387.8209,394.7654,386.2909,341.6273,354.5009,389.8117,370.0977,328.3975,340.5258,399.6009,428.7398,418.7431
395.8762,399.5189,389.3401,389.2531,367.6569,346.2288,433.7674,443.3285,387.2698,346.5341,336.3723,343.1254,399.535,420.2272,416.9541,406.9698,392.2406,384.9644,406.0356,406.7669,402.6529,377.9614,424.244,475.6494,393.1374,419.714,436.9332,452.2126,396.9632,431.3138,422.2051,420.6443,368.3953,399.7759,402.8347,376.067,403.6806,414.1557,421.4896,404.9747,360.007,433.9062,429.9248,405.3371,368.0844,356.0966,389.4376,416.9539,437.3681,450.6952,456.6725,440.6363,435.0826,440.1699,441.3069,440.2917,398.0346,428.1053,475.4396,473.9831,471.2723,487.1225,483.043,455.7717,451.728,445.0135,434.5325,425.0666,434.028,458.8973,471.7584,460.8701,453.5535,443.8288,440.2705,455.2797,476.3227,484.8836,486.0963,488.2336,462.1144,452.1921,450.6126,440.8099,431.4544,426.3455,432.0885,446.9274,453.8622,450.3014,439.7451,456.2205,455.1824,423.0093,434.8721,447.3411,452.0423,443.3963,430.7741,451.6203,469.0112,442.5919,410.0036,399.7069,416.7842,318.2184,384.0224,353.5464,286.4962,244.7721,287.8836,278.8308,289.5003,322.5799,367.986,385.6089,364.8251,367.5204,384.4818,361.2437,368.3597,382.7504,367.5673,350.6949,354.468,392.8105,432.0746,428.1283
377.8394,354.9396,385.3069,393.3656,376.0423,365.3693,431.2262,448.1309,391.6943,339.5032,317.959,353.8829,399.0501,414.7093,411.2068,394.6876,390.4586,389.2815,401.8777,416.6885,421.3603,375.242,419.3184,466.9935,398.2179,427.1353,445.2384,461.899,425.8907,435.6886,422.2786,411.0178,397.9515,403.537,400.814,363.8289,406.1492,422.6523,434.4734,402.6407,354.8519,447.7407,445.8687,405.7269,347.9554,347.9133,391.6514,418.6426,436.0051,448.3883,454.8239,437.2569,430.279,432.8601,435.3225,438.755,383.5698,415.1367,480.9234,494.4353,474.5121,467.6712,473.5589,453.8125,445.8557,436.1486,430.2517,423.8721,421.3312,430.8206,441.5479,464.0438,458.1374,451.259,447.079,447.639,452.2625,480.6091,495.9949,484.8218,465.882,467.9973,459.9844,448.12,437.1143,433.39,442.0098,452.0724,449.6687,472.7898,458.3557,457.8565,453.3978,408.3545,426.9881,446.4982,454.6478,444.0398,449.4768,447.9918,459.0038,439.0912,414.5013,406.0743,403.8982,339.7256,343.6846,374.2127,319.5006,259.1808,286.3215,281.5054,297.182,332.3316,368.0171,384.517,352.5513,346.532,377.6202,377.3449,373.1687,374.7738,372.1548,373.2158,378.7602,399.3069,432.1997,437.4761
388.6661,360.296,377.9218,394.8624,388.4441,380.3727,432.1777,454.267,391.6789,318.8727,279.2769,350.0295,378.6324,414.8781,397.5813,377.3333,379.0535,385.5916,410.714,423.9482,425.2601,368.8753,427.1107,446.4862,395.6069,415.7509,441.9944,466.9596,444.8996,430.0808,426.1207,415.4203,420.464,426.9429,399.4907,377.3072,400.2822,424.6027,448.4331,368.9766,338.6122,441.717,450.7019,405.6779,372.0882,345.736,388.5919,413.5224,422.2283,447.642,456.9055,435.7979,430.8832,428.7631,428.1212,432.8731,371.4285,417.1561,492.1596,501.1697,476.1968,432.0765,435.6853,450.726,444.1317,434.4804,426.9456,421.4276,421.7469,416.2793,415.9074,452.9635,442.9418,437.5779,436.2685,442.0161,447.0601,472.0904,491.4376,483.6368,469.3322,478.1367,463.1026,456.2127,448.868,439.9224,442.2594,445.7405,444.1331,480.2602,465.1072,457.5109,449.3225,414.3493,426.0001,438.2927,457.5776,449.8763,463.3292,453.9458,446.8424,433.9584,420.1588,408.2217,400.9639,334.6704,295.8578,359.0037,317.9456,256.4702,267.5602,274.525,296.9141,330.8621,365.8309,385.7984,369.7888,347.9312,374.6268,386.4571,371.8707,372.0789,380.706,388.3144,383.5349,391.8611,420.5819,435.4214
360.7517,339.6567,367.1231,374.636,380.4967,381.3168,438.8283,478.7014,405.0365,313.2373,258.9559,352.9456,373.6099,410.4243,403.9938,377.3039,362.6243,362.2303,414.4189,419.0923,413.043,358.4013,424.7545,412.7094,385.1793,415.4592,437.1375,457.9028,445.0523,434.7242,430.7927,419.0157,423.319,456.7458,405.5314,387.5215,385.2905,410.5553,439.3019,322.0784,331.1523,421.8275,460.5909,411.9784,395.8645,340.112,370.2796,397.4268,409.2763,441.8244,462.7538,440.1174,431.496,424.4841,423.1822,431.5602,367.0713,424.912,497.8246,475.3936,457.367,427.7137,425.1191,447.9784,450.7924,451.0675,440.7732,421.9069,421.4954,412.5968,407.592,454.4471,447.2737,439.7843,437.4948,453.4159,470.6642,467.0393,502.8635,486.2653,465.1047,486.8726,460.61,462.8844,460.7852,434.0974,442.1689,444.1331,443.1759,464.8111,459.5694,463.7338,446.9973,433.5065,438.8644,444.4817,456.5197,447.7962,458.7428,467.8082,444.2715,430.7644,419.2672,404.8317,406.7564,343.5087,370.1136,310.7563,308.1428,262.0963,252.3766,267.7146,294.563,325.9109,363.5009,388.4556,371.6735,349.0916,376.5478,395.7574,383.5842,382.0164,384.6021,380.2684,367.4782,378.8767,414.9578,426.6668
333.024,324.2777,368.4037,374.4518,390.6866,388.4666,438.1075,473.4871,403.3325,316.8388,267.1811,360.4481,386.35,409.3719,401.3698,381.802,358.4261,354.6514,422.4117,421.9859,412.2802,361.2719,418.2599,393.5174,391.5045,413.6635,441.0309,467.1958,449.0905,434.6043,430.2887,404.9622,424.872,416.8186,414.9839,394.3616,391.0845,410.008,431.6008,312.7613,327.4761,401.8277,454.077,412.2445,419.2559,336.7745,351.04,387.187,413.6511,442.8156,463.7371,443.7426,432.9616,424.5788,422.1821,428.6401,370.9072,413.748,477.1694,447.8775,447.1605,434.6117,420.323,446.8086,454.8041,457.622,445.6756,426.51,427.2908,419.9921,423.7249,453.9167,448.1925,447.4953,452.6679,471.3304,483.0046,489.0954,510.4746,492.3137,464.3174,483.9338,464.4352,463.918,461.4821,448.7683,454.8776,454.5784,450.0032,460.4496,455.5669,473.1557,453.7481,438.7922,444.5502,450.5933,459.8719,440.83,443.4402,478.928,443.5418,428.7451,418.2142,406.0768,412.004,386.5583,402.4258,333.6651,351.3646,286.8732,245.6721,265.1926,291.043,313.1785,360.6439,385.3713,354.4735,361.9446,386.4918,391.328,385.4826,382.973,385.8949,388.1099,370.4153,374.2477,419.5753,439.2979
368.5569,379.4113,377.3252,372.0859,380.2206,384.8232,439.0049,480.739,411.2399,327.7275,284.224,379.7711,405.5944,420.2904,410.5512,392.8573,390.2621,393.2905,416.3075,417.1574,411.4911,377.2672,422.5312,411.9614,394.7867,420.2229,452.6758,483.2999,446.8394,438.625,418.2801,398.6628,425.5837,381.4874,416.8433,397.2198,396.0441,405.2726,415.5231,311.265,315.6446,391.2398,466.5428,435.6506,421.6941,326.8186,339.3514,377.8672,407.5669,439.6146,458.9614,440.0052,431.8682,422.5076,418.8314,425.0204,372.9884,405.2993,467.0893,443.9007,447.3282,482.3633,471.6104,454.3456,460.2316,459.8375,448.7593,433.913,432.1129,429.4332,440.2578,447.7957,439.4656,454.6657,471.3655,488.5806,503.2694,522.517,502.1594,474.45,450.3563,457.1353,463.6685,470.0764,474.9289,469.3842,464.0034,460.9848,449.1313,470.155,455.7772,477.1581,462.6065,452.7544,450.3165,447.9807,450.037,440.5794,448.505,492.8139,454.2141,430.3294,410.0869,401.3271,412.3294,399.2,403.3782,380.11,381.6001,294.7624,251.8266,256.274,283.1405,316.4489,367.9832,385.2291,361.3366,347.2416,369.3471,379.867,375.1211,384.5605,390.1741,384.8065,372.0901,380.4193,419.0341,431.7646
396.5047,397.1435,376.0033,381.977,381.5203,373.7165,441.2055,484.4635,408.9889,327.1101,294.7684,378.2326,388.8773,418.2272,403.0444,395.9669,412.8206,425.0783,419.1565,422.3748,421.253,401.5193,436.8179,426.4543,400.2719,426.7378,457.2578,485.4429,428.5048,458.262,429.6719,402.85,424.6001,377.8119,408.7026,405.0044,403.2407,410.6541,419.2037,322.8224,350.3201,407.5264,473.7892,448.9881,429.1369,323.7368,327.5173,367.1057,401.4023,430.5951,449.8746,437.4526,431.8603,425.9652,427.0148,437.1382,380.7156,411.2617,471.4712,455.077,457.3912,483.1125,477.0406,456.2345,454.7267,458.3586,450.3316,425.1076,417.0976,431.6986,440.6962,449.9287,450.4372,479.536,499.2241,478.7867,441.5213,475.5812,473.4953,462.2595,457.5099,436.6714,466.8183,467.0305,466.21,459.1447,456.2959,448.3066,460.6176,493.4681,455.6514,467.8444,459.0123,459.8489,459.0531,458.2349,448.8847,461.7131,466.8345,506.4912,464.9986,433.6636,405.286,397.8023,407.0287,407.1047,401.501,385.0116,371.4799,290.2498,258.58,277.8031,304.3638,329.9702,372.8786,381.6576,371.3485,338.6727,356.7029,378.5123,382.4036,386.6346,381.7307,373.9961,373.2132,387.155,413.9193,425.9427
396.5791,388.8047,379.6693,384.5516,379.2323,381.4341,450.2526,481.0327,404.6307,333.2818,314.168,372.6275,392.8078,425.2009,405.3576,394.5464,411.2849,425.4642,427.3712,423.9044,421.5631,427.6854,442.0988,434.5609,393.4818,413.4276,457.5715,498.836,434.9019,456.065,433.4647,409.1441,423.2812,356.854,404.0857,413.6752,410.586,412.8907,416.0397,311.0781,353.4761,414.8233,459.8752,416.6677,413.4732,322.3391,324.1596,364.2777,401.7297,437.8849,447.6075,438.8203,435.2543,431.042,436.0626,448.9906,407.0121,437.8394,486.933,477.0112,474.385,474.3747,469.7539,462.3564,458.053,462.5868,453.7308,413.4326,396.2566,424.6541,436.8579,467.0264,469.0609,489.1177,494.2097,449.8044,394.624,407.1681,428.4042,469.4413,478.9983,443.9431,475.6613,473.6269,469.1414,450.0669,446.1048,457.0383,476.5935,491.8536,461.403,463.0302,463.33,479.2267,471.5643,463.5776,470.4832,473.8931,470.0825,507.7183,469.5321,440.0063,413.1409,398.2269,407.4312,418.0697,413.7782,394.7594,374.5994,287.0202,276.977,320.0304,337.4281,340.995,376.1631,384.5753,379.7208,339.9301,371.5173,389.617,386.4506,397.7433,395.3653,388.4769,390.8799,400.6413,419.0794,429.6201
397.4298,383.0028,384.6879,387.8338,380.2567,388.6284,459.1138,487.8555,419.1092,357.6752,340.8805,380.3626,395.5728,414.021,404.849,388.5472,383.6351,386.9588,419.9574,422.4469,424.0598,421.9566,431.4939,429.4557,387.0715,413.0439,442.8094,471.0887,444.9426,450.5742,432.5996,426.0873,426.0542,354.8771,407.37,399.3665,398.8486,403.1997,407.988,323.1826,356.3984,439.281,465.3027,397.1247,385.8926,311.122,328.627,371.3842,407.4345,434.8842,451.0247,440.0033,435.3456,439.4542,443.6592,448.5272,427.7241,457.0052,489.8574,494.6813,490.6878,475.8165,468.2397,470.9686,476.5223,468.991,456.96,423.514,403.0242,432.5273,460.5594,486.925,476.771,466.1707,449.2258,414.1722,386.7413,407.9762,452.4037,492.9922,492.2571,460.8816,483.3379,482.5219,480.9977,475.1697,472.9756,474.4351,476.032,470.1507,478.8342,475.591,476.4818,488.1344,481.0089,473.6249,479.7474,478.8893,473.2741,503.8335,467.6154,445.0647,425.7237,405.8578,406.2254,427.5959,419.12,389.4553,366.1153,293.6098,269.6087,331.2764,352.787,346.3914,378.0876,397.011,391.7855,353.5884,369.9251,386.8113,385.8313,397.0196,401.4549,399.7251,409.0453,416.1758,419.6511,438.0204
398.1617,383.3731,388.0077,393.7199,385.3336,396.1375,476.3413,498.7115,441.3972,382.0185,347.8932,382.8155,408.8754,408.5439,389.2161,387.4679,379.5157,381.4552,419.0509,420.0819,422.1711,426.8143,407.0644,421.0304,395.7725,409.1373,440.4494,470.1601,441.2339,446.9601,446.2699,422.1763,424.8519,385.7015,399.8467,405.4346,397.6723,399.0008,401.7237,358.8444,325.7672,440.1371,474.1232,404.983,384.9444,308.3649,328.1398,368.6182,400.513,433.9592,454.6242,445.5159,439.4909,440.6251,441.4441,442.5474,436.3802,456.0144,478.0216,482.8557,480.3648,476.7898,467.7214,451.6157,448.1082,451.5954,456.471,441.5419,425.7202,451.6015,469.1201,473.5569,442.0959,429.7348,415.5593,394.9776,383.2243,425.1767,494.7545,508.7456,495.2341,480.0189,489.1779,504.889,514.9155,489.6696,485.1333,482.2033,462.5294,465.9669,481.0404,489.3736,483.8416,496.3473,480.8411,464.9494,487.1546,475.3886,470.9198,498.9442,467.6934,443.9735,422.4406,406.7351,398.1986,416.9726,429.2948,406.2056,368.8866,298.1305,247.1309,319.531,351.0933,345.6703,384.8289,403.8643,393.5105,358.5535,368.9526,394.9359,397.2509,403.2649,406.8634,401.9142,412.2902,425.3556,424.9633,444.2184
402.1192,390.6934,393.9326,395.7112,383.5875,406.2788,482.3847,476.6527,441.1275,393.2189,352.5766,392.5669,428.5488,435.4494,401.1445,400.9192,390.7701,391.2643,429.4499,425.007,426.9243,457.1754,414.0959,427.9308,398.9876,422.2309,450.1494,476.356,439.9289,445.2031,433.5086,429.9901,441.649,426.185,415.3551,408.5959,394.4915,398.0819,404.1458,425.8282,318.2982,452.211,500.5328,438.8238,393.4241,306.1639,324.5689,362.5593,391.3565,434.7112,450.1823,442.486,433.3595,433.0468,434.7864,434.8987,443.1407,464.9753,481.1701,469.6019,464.0067,490.6608,482.1764,446.9839,442.3981,442.5435,449.0363,443.23,424.0334,435.964,455.2001,458.1181,428.6734,420.0148,408.8179,399.0427,422.8136,483.1333,520.4537,499.3165,484.913,494.6543,498.2328,515.2804,525.8187,494.3364,477.782,496.0316,470.2395,478.4492,487.8643,498.6689,484.4927,482.6576,473.4327,464.1062,482.3172,475.1848,483.2235,506.9794,473.6467,448.0267,424.5495,409.6597,396.035,427.4469,430.4836,405.7111,362.2547,291.7906,231.4859,305.6067,342.2111,340.553,383.0912,393.7474,384.4577,368.6802,367.9992,395.2885,401.1162,402.1837,401.3203,386.1024,394.8548,412.8175,415.6293,440.0237
406.806,392.4229,399.6121,396.8552,391.9894,413.6403,486.307,482.9355,450.325,403.5713,361.2302,396.0245,411.3315,406.7445,391.0749,398.3031,393.9332,397.9497,430.6891,425.0899,428.4694,472.832,416.2433,409.3527,408.4314,436.9687,479.1496,518.6236,458.8567,446.4344,443.4153,428.542,429.823,446.1256,420.3657,420.578,404.3626,403.2061,404.3447,463.54,337.1329,450.1696,487.3129,461.0865,412.2757,309.4194,324.5869,361.2049,387.7986,411.857,439.5461,439.8967,434.2015,432.8998,434.349,437.8583,446.4811,466.0167,482.2589,470.6772,467.3875,487.2827,478.562,454.1363,449.6059,451.027,454.7029,428.4731,398.1171,429.5263,443.1577,447.3524,439.9117,435.6839,432.3911,432.144,456.2748,523.812,519.3392,495.1853,492.985,508.2291,507.4446,503.2843,500.169,501.6016,488.4475,508.9972,485.2111,492.6893,496.8976,506.2706,478.8809,479.8425,475.5713,471.2279,478.5323,479.2377,486.417,507.4853,478.8196,451.8796,426.0907,404.1862,389.8939,415.0724,420.1673,412.4901,362.8181,297.5406,240.929,321.9064,352.1546,337.3661,380.0766,388.6885,379.8388,368.301,365.4752,393.8381,409.8865,411.4646,405.5547,389.2994,390.1598,398.249,405.644,438.8853
413.1852,397.4254,399.9964,400.7983,392.549,422.1669,491.9744,470.1528,453.6798,417.5077,371.2412,397.5672,406.9246,397.6764,382.1331,388.0667,388.6306,394.3712,417.6988,416.6625,423.8056,469.575,427.2054,388.9475,402.4744,454.8687,497.662,537.8604,482.9294,473.8129,448.6733,424.1623,424.8539,437.9321,425.2784,416.2693,400.0854,407.1315,417.3888,429.9858,343.9288,456.4471,484.5038,462.6707,413.704,310.4907,328.7821,368.4802,397.7587,394.5176,439.6943,443.4788,434.3107,440.5537,443.5151,443.6641,440.6117,464.4128,489.2242,480.9206,476.2087,473.0001,464.0691,453.4438,447.5359,463.0442,465.2289,410.5399,372.7376,427.1371,441.4911,450.7047,443.2702,440.8629,441.2953,447.8963,474.4829,536.12,511.2097,496.2242,503.6761,520.52,519.715,501.0281,488.7691,515.2939,510.8214,509.6365,491.873,491.2124,492.3007,506.2368,467.1336,487.7863,485.101,482.0946,486.3349,482.0439,477.7292,490.7362,477.355,455.0237,431.9049,408.8907,388.1077,395.7368,432.6805,416.8744,371.4819,307.4258,250.6049,321.6882,346.8631,330.9157,378.7664,391.7813,383.6992,377.7517,379.355,396.6512,404.9492,409.0779,404.4006,387.4107,376.5792,368.0212,386.578,431.1275
421.243,412.6094,399.8177,394.7011,392.564,431.489,497.7667,472.6331,470.2849,441.8044,389.1337,403.3831,396.1458,397.6565,390.5833,388.6259,393.1433,400.7622,417.6575,413.823,417.7661,458.1602,413.5309,380.2357,404.4674,462.309,502.2984,539.976,492.9692,492.8136,437.4293,412.0146,403.5762,423.9715,411.5523,421.747,391.533,391.9557,397.1048,344.3163,318.8891,451.0514,474.8688,447.2452,417.2075,317.3101,333.3493,372.6412,401.9647,389.5113,442.2813,442.8871,433.8552,439.8645,443.3562,447.6621,448.1206,471.2669,495.4092,487.577,478.7537,456.9868,446.6549,447.1151,440.9517,467.4379,476.3274,409.2474,365.4081,441.2122,454.343,458.2113,441.2788,442.0902,450.6276,468.6039,479.2556,523.1302,511.8474,502.4659,513.0209,525.3845,518.3698,500.9573,489.7753,518.1334,527.6857,507.3113,493.9219,500.4979,498.0888,499.8205,484.9511,495.764,493.3013,490.6558,489.1118,484.2208,476.861,485.3838,490.1127,467.9062,441.9277,409.3476,397.5308,384.8308,419.9322,419.6031,377.2075,312.2723,265.5637,299.8309,318.687,318.3694,377.2068,393.4057,389.502,389.172,396.1018,396.3685,395.6311,398.4837,392.7643,381.9691,366.6221,346.4462,365.7417,415.2441
413.8166,398.3599,387.5625,386.1242,391.0293,441.151,495.1674,462.1745,477.3731,469.8611,434.253,439.5748,423.9073,411.6149,389.4993,385.8133,394.1674,406.2016,428.5014,422.5962,422.465,449.8715,418.3542,399.139,399.7061,461.4415,487.4897,512.0914,483.7519,488.9721,435.3623,435.9332,419.2368,409.5443,412.8283,409.873,394.5083,398.8083,405.9052,274.283,304.0856,460.7675,483.377,469.8453,422.8397,312.6365,327.2552,365.2459,392.8759,399.6967,456.4126,458.864,441.0752,439.7929,444.2578,450.9263,451.3978,480.5709,504.2582,491.8547,485.5623,463.259,453.4504,464.5001,460.5131,473.2969,475.3568,409.2771,366.6382,446.1381,458.2912,462.2912,451.4611,455.3695,469.5973,487.766,475.4195,522.103,518.522,505.0954,507.0679,512.7046,514.29,507.2104,501.5567,505.7461,511.5747,507.7345,496.1416,507.3303,504.8742,508.4774,484.3932,500.6805,494.5739,488.1591,483.8915,480.8921,477.068,490.7843,495.2354,474.3394,449.9992,404.9812,400.8441,399.6765,432.3293,425.5612,401.3922,326.9298,272.4035,255.8645,268.8196,290.2876,369.1409,389.3288,387.6972,389.5652,409.9353,408.5755,398.7858,406.8686,404.2042,389.6969,368.8191,345.5712,370.1834,418.6663
406.8775,394.7884,392.2712,395.176,407.6242,463.5468,502.8282,461.3233,467.1433,470.6498,470.4692,466.5728,450.4403,438.2877,400.4066,387.7124,393.2055,401.3029,416.6498,411.9597,413.9889,449.7354,427.319,406.963,417.2115,479.2747,479.576,479.7208,474.1432,472.9162,444.0392,454.075,443.6974,419.1336,408.1779,414.0265,404.7967,396.7111,389.0273,238.7303,326.3263,465.0162,487.6509,476.4088,440.0478,303.1906,306.6525,350.0864,385.64,427.6477,455.7212,450.4044,443.7248,440.8177,441.9187,446.6299,443.6006,484.97,507.9693,490.7926,493.8163,478.3158,465.8882,474.3448,469.0383,469.7347,462.8414,398.5022,363.4689,449.5697,463.7344,457.2697,453.5083,459.4212,477.6829,505.412,495.335,523.472,519.993,515.5974,502.5169,512.0809,519.3453,516.5212,512.8868,504.938,506.0225,511.8027,507.8468,515.9138,509.1284,513.1387,484.9051,491.7082,482.1747,472.4164,477.631,473.5443,481.3645,493.0771,504.9377,487.4245,465.6953,421.1942,413.9165,409.2538,461.7433,432.6018,415.5758,356.148,283.9221,243.4691,256.7228,288.0529,367.6229,383.0528,383.9836,385.9877,405.1591,412.4115,401.3149,415.3591,420.2036,401.4961,378.2923,358.9041,380.8337,416.2036
412.3932,403.2928,399.9661,396.7377,412.6109,474.9298,505.4554,472.3187,474.0593,473.6999,473.2782,475.0228,460.4726,451.1503,411.5809,375.648,390.2786,410.2352,444.8481,437.662,434.7436,452.518,428.8615,412.7103,422.172,485.6252,464.6353,444.7849,466.7506,473.2053,454.2795,465.2462,460.1586,427.9464,411.8716,412.8606,398.976,398.0212,399.0356,256.8697,368.5707,484.7013,492.4236,502.4231,443.9069,302.7477,302.6964,345.8597,383.7583,438.8981,431.3774,435.8478,449.0056,451.1953,454.1838,458.6444,459.734,489.3914,506.081,492.3249,492.4845,483.2721,470.5672,470.3235,467.8813,473.6043,465.3596,404.8805,380.6111,458.5478,467.2732,452.951,448.6028,457.5512,477.5789,514.2101,523.9946,527.8268,515.2608,526.1365,511.4236,531.5543,527.4198,524.6564,521.5032,515.127,505.8646,513.5195,511.8977,520.8449,512.8302,505.369,482.7157,489.7636,481.2568,472.5359,476.7481,481.961,497.8432,491.5595,512.9662,498.4457,478.234,430.3815,415.4339,432.3205,477.8622,437.7657,412.2281,357.5731,287.5947,256.9179,276.4252,310.7463,373.2404,380.1364,381.3707,388.28,398.813,410.4006,396.4426,408.0586,419.9346,403.533,378.8754,368.1525,390.2177,410.2215
422.1615,406.8485,400.2288,391.99,414.7746,484.4329,506.9372,474.1033,473.0381,473.2848,478.2934,481.865,474.1765,468.5085,428.6963,375.2441,381.5931,393.2931,419.4261,402.1394,400.2749,484.802,493.2317,448.558,486.7194,535.0398,501.9696,469.6607,465.4435,465.5033,458.0453,463.6679,436.8249,435.5354,418.543,415.1087,402.5178,401.4691,402.1171,322.1243,415.5507,494.2765,503.5069,510.9983,453.4505,298.2639,306.5138,355.8974,395.4184,440.0184,439.5163,454.4588,455.878,452.859,456.4318,458.8245,458.9022,489.4146,510.194,493.8033,482.2556,469.667,458.2346,457.991,459.4101,467.9402,464.2844,422.1787,405.0422,457.8263,469.3694,466.2393,463.6405,473.9276,492.0794,520.3871,527.9799,533.8347,515.4874,525.228,518.5336,543.4005,528.3967,531.4701,534.3762,532.6473,506.9196,510.4734,510.747,524.1561,517.1772,499.1424,479.069,499.6201,491.8364,483.6627,480.588,491.9522,508.0486,488.6212,510.9317,504.5227,493.1862,449.1954,426.2156,419.1184,453.7304,434.4709,411.2117,333.33,281.8145,271.4033,296.4168,332.5896,380.6175,379.0477,377.0378,384.517,390.6111,402.5792,397.8887,410.1497,419.476,404.5906,385.2407,370.6898,390.8958,417.3998
437.9659,424.2151,397.9824,388.7769,424.6894,498.0122,508.6926,483.5276,482.103,477.3503,474.2276,487.467,488.1428,484.4426,459.3663,395.0925,389.0135,391.0575,425.9377,448.0958,477.9572,546.0179,543.1121,528.0073,488.023,516.6804,490.1723,465.7312,516.6236,489.2115,410.0603,479.1632,404.7944,453.7123,429.5098,428.1771,405.2152,400.9345,399.5096,357.7428,438.1545,519.0416,503.2034,504.7427,450.7408,302.9024,318.7258,362.3833,391.1783,439.5713,478.3734,480.1797,461.3761,450.9277,448.9605,447.9507,453.6267,492.1257,513.525,495.3687,476.9629,463.1804,455.564,458.1016,462.739,466.8844,463.885,442.1205,427.4641,455.2253,479.7841,472.6867,480.7003,495.544,511.6003,526.3947,529.6774,529.5212,523.7547,521.6787,514.6134,530.4816,509.7077,519.2861,530.1648,543.5908,512.8284,511.1378,509.0733,525.0739,523.3378,501.1948,503.9951,496.0754,502.0035,508.1223,489.2223,499.863,508.1372,497.726,499.0281,498.1023,496.6161,465.6511,431.5708,393.196,423.3883,436.1214,409.4137,300.0326,268.2218,278.2555,307.7019,344.8412,389.6278,384.6009,379.6136,379.7366,375.8197,394.4989,405.8739,417.7745,421.6042,406.836,399.1909,380.3566,381.9169,409.7813
441.08,432.0332,406.9857,402.3371,444.0316,507.3346,493.6711,470.4408,472.3062,477.4954,490.2314,496.9575,487.2896,481.8928,470.7904,425.3029,408.8638,399.1416,417.5207,429.9993,432.5999,381.1554,384.527,402.3376,431.9694,385.5906,404.2957,424.1024,484.4644,541.4779,353.485,477.985,430.6697,467.731,443.2306,428.3829,399.8575,399.1285,402.3298,395.346,449.2296,511.7386,519.5272,489.4013,454.4576,296.0867,316.0434,357.9532,378.5327,424.3288,441.6295,459.4466,466.8826,472.1355,465.8421,448.6431,449.394,483.7863,500.9159,496.1463,486.4585,467.6838,451.7921,450.8638,460.1172,464.735,465.324,453.2244,439.5774,456.236,475.3665,467.4817,491.471,507.8296,524.0422,532.3741,524.5208,526.2046,525.0557,521.8774,507.6454,507.8594,494.856,510.271,527.7626,551.9644,522.5858,510.6674,524.1492,520.7699,524.7908,525.9612,530.1039,527.7883,531.0886,534.4661,525.4243,520.7334,511.3087,512.5779,513.0033,517.5253,522.6709,503.4075,465.2907,398.5925,406.792,425.0486,416.0662,282.502,267.1393,294.9848,324.0378,356.2175,396.2747,386.62,380.4036,377.6404,395.0226,405.0451,402.197,416.4367,420.7541,407.929,409.438,390.7278,383.0056,409.9865
437.6645,441.4149,427.1858,415.1928,451.8172,514.482,495.8644,468.4008,471.8512,476.6693,490.0482,505.1103,493.8345,491.0241,481.3542,444.94,428.1323,411.888,395.2644,364.8254,328.2782,254.892,189.9396,131.9774,145.9773,156.0851,154.7961,157.0261,289.3058,458.6255,366.5389,479.3097,463.0863,497.6511,456.6455,431.8419,409.5956,400.625,393.4159,399.7295,480.7699,511.6827,519.1714,469.2906,467.1017,314.1432,327.7547,366.665,385.1171,444.2537,420.4202,447.0271,447.9089,438.9531,444.2393,445.996,452.6292,498.355,523.3129,509.3423,503.9719,483.8694,453.0696,450.1484,462.9097,472.7183,474.866,460.4104,440.6319,448.2439,474.0526,481.4541,511.5058,523.6685,536.4085,536.8341,510.4247,514.549,526.8742,525.4749,505.8005,497.5342,504.1811,510.7789,520.952,547.5358,518.3375,508.1923,533.3492,518.4,524.5635,533.3029,539.668,552.6817,546.3509,539.7538,540.7067,530.3015,515.4137,521.477,537.1642,538.113,536.8138,523.6084,490.2712,422.5994,370.7137,417.3028,429.3849,282.4809,272.3289,306.5769,337.6634,371.4631,400.2136,387.2742,385.3348,381.8858,401.2627,406.2987,389.7239,411.0216,425.1602,409.592,413.2651,402.506,391.8315,411.6083
438.9171,447.0978,416.2924,411.942,458.5999,517.0306,496.6913,471.914,479.4478,477.6584,472.2115,491.5138,490.6312,511.7373,473.1303,464.7633,441.1336,419.996,401.0037,339.5141,287.8444,293.5382,274.3868,277.939,332.3596,369.443,294.6177,219.9699,154.2202,312.3608,452.6973,480.8135,495.1322,506.4768,473.4676,453.8061,410.2618,406.9792,409.4444,426.4671,489.0326,492.8561,495.8242,481.0442,493.1541,335.4122,332.5027,372.2766,399.4201,454.1345,459.2233,474.6278,456.6424,426.5706,427.571,441.5062,456.163,507.9673,533.1382,520.5236,519.6921,507.4069,482.1935,461.499,454.9204,463.8783,468.8096,454.1361,429.9587,437.5765,463.5477,489.3286,521.1437,527.5308,537.8663,539.223,506.4069,517.5425,526.0705,519.5015,513.7556,501.1899,524.017,521.1288,521.8474,540.5775,515.1118,514.3943,529.7274,511.4149,530.49,535.5459,536.0005,513.6062,512.9811,512.6557,535.7225,528.677,514.1768,527.4254,526.0038,528.5668,532.0128,525.6049,540.2121,476.2271,309.5869,392.6484,437.2604,294.6336,277.6828,314.5848,346.5514,378.3698,401.1904,387.6256,387.4314,390.2605,384.691,387.4778,385.0394,412.5047,432.7898,420.6878,418.0551,407.6436,401.8857,416.8698
452.3356,449.2133,412.0214,427.4164,501.7158,535.9274,504.7775,471.7741,475.3435,475.6884,476.5754,483.0788,484.6096,526.8822,489.3456,487.2696,466.2529,444.857,416.022,359.0344,320.9512,398.2202,462.6548,555.014,600.3715,510.6421,495.9656,476.5077,282.4616,239.397,481.9058,496.7861,493.6324,485.9493,480.7289,470.0914,426.8084,418.0414,414.3572,457.4697,487.4304,494.6552,487.7165,494.0744,479.5658,336.5457,329.5788,371.5239,408.3827,452.8153,500.4059,493.5897,459.5744,434.7802,433.3019,443.3991,464.5261,516.021,541.6532,529.4976,520.5159,513.0508,503.8881,480.9203,463.791,475.1331,476.6058,455.0132,434.4065,445.5417,470.1379,500.7856,531.9465,536.5732,542.3737,538.4576,514.2371,524.1226,521.6443,514.517,518.5304,506.6029,522.8448,526.4626,530.697,535.344,513.5217,512.4131,520.9627,506.9275,534.8487,537.6309,537.3422,458.3887,462.6349,468.0263,530.3641,525.3821,509.2755,529.3144,502.2018,508.7357,521.0019,517.8332,524.0804,502.8041,315.4612,420.7548,460.5612,315.391,287.2884,302.2813,330.1043,366.4075,401.2877,391.6765,389.2721,391.8395,358.638,365.0503,385.6966,409.9661,426.7303,420.7138,418.6165,411.5103,406.5835,414.8166
459.677,447.1121,404.612,443.4277,526.6239,547.2108,512.3384,487.0397,487.5692,484.7936,481.5139,486.176,489.4729,519.8715,489.9104,491.411,478.0152,454.1651,391.3862,361.1975,358.6258,513.1289,562.5615,611.8646,560.0193,490.8642,512.3449,533.4071,536.6814,315.3814,422.3698,501.4095,497.21,478.4946,491.5027,497.7581,439.7442,427.5412,422.3975,460.1163,464.2843,511.3735,510.9011,504.6869,466.7993,324.8096,337.5987,356.0587,351.468,442.8963,482.8477,485.4443,461.9415,445.9044,444.0973,442.0916,466.8453,522.2,540.7,525.4764,523.4383,520.9799,514.3457,505.7402,494.6546,491.3484,481.3094,456.4723,438.4922,449.415,478.6513,516.0695,531.1339,536.6683,541.1706,538.3748,525.9899,520.8719,514.1341,518.2036,519.5919,502.7159,509.9187,519.9807,530.2638,538.4191,521.0873,525.3654,525.4604,512.4955,543.0415,540.2076,532.8947,459.6614,452.7674,446.7865,533.567,517.1859,516.8372,531.3093,508.8435,509.5644,514.2915,511.9892,527.9508,523.3671,378.3599,475.5138,537.663,384.455,295.0357,293.0842,322.1182,357.3908,395.0988,390.4809,392.5795,397.7083,355.5808,362.9796,388.2146,411.8226,429.0717,423.8441,422.4394,416.471,413.6488,423.7713
456.8013,472.2052,486.4871,538.668,569.3484,557.9812,514.5057,491.3699,484.8331,480.7037,484.4464,485.339,479.6067,507.2306,502.747,503.4586,496.4553,471.5162,385.6156,383.9874,398.7399,497.8379,463.887,375.6172,325.7203,391.4731,385.9852,383.1573,475.6787,315.7292,357.0069,549.2313,518.2645,480.7596,499.8874,521.8546,448.6578,434.4623,429.56,479.2127,449.9196,520.4634,504.0782,515.2732,481.3459,313.9158,342.6284,358.8211,338.3859,420.9102,466.2787,451.2917,435.2239,440.2801,447.3607,449.6769,483.4981,530.7162,533.2482,520.5115,524.9212,528.3402,532.016,523.5614,506.6721,502.9864,483.6027,449.1315,435.2722,452.6238,492.1874,522.691,536.8461,537.517,537.05,536.2665,537.2139,525.4536,520.4423,525.4404,516.9894,495.0523,510.1342,514.7873,522.4911,544.8196,525.5027,530.1301,534.8899,513.9056,543.6274,543.9905,528.5266,496.6565,477.4255,458.3684,532.4788,524.5684,536.3199,538.6029,526.2242,525.0333,525.6871,525.4132,531.3738,525.7941,431.3617,518.8693,577.9056,451.0347,327.0856,298.5262,327.5628,368.6302,400.559,399.5099,400.7058,400.5294,357.5035,369.7917,392.756,419.1514,440.228,431.0387,420.3396,409.7919,413.0378,422.579
467.7293,514.1786,511.0564,516.0445,549.67,554.3277,534.1418,513.1576,497.4246,484.1536,480.15,479.5322,477.0948,505.3936,512.1646,498.2512,497.5301,471.3892,363.3435,396.6078,426.9098,427.3362,350.9714,322.4005,339.3546,395.8625,375.0624,354.4962,342.6292,338.7689,243.5701,526.9462,578.7013,518.5196,498.8367,521.0927,448.6363,446.5655,455.3542,525.4661,473.6184,512.7419,494.3049,520.2117,501.5118,322.1545,307.2943,355.9857,400.4099,436.1099,450.6201,419.5593,422.9386,451.3394,461.5309,461.9657,490.9846,527.9835,525.1174,517.0426,527.7828,534.7892,541.1335,533.184,517.5489,519.2277,495.2366,451.4413,440.1494,457.1605,500.2155,537.4591,547.885,541.0786,536.0818,534.8043,533.1969,534.6945,532.8433,532.7269,523.9444,497.5455,517.6409,519.9828,525.9938,550.1401,528.0367,530.8523,531.9595,517.4766,551.7817,542.5276,529.6509,513.4751,492.2988,471.0537,514.9972,523.2985,544.5189,540.4464,529.9127,533.9445,540.1338,526.5984,533.7712,526.5499,460.3955,520.7449,555.6338,498.6242,388.7228,314.7924,331.7935,380.028,407.5273,403.8532,407.829,412.0927,355.1093,365.3552,396.0566,423.6758,444.9138,435.5996,422.8622,411.6372,419.466,424.0347
486.8095,511.0773,495.1193,491.6891,508.7527,545.5287,544.0707,532.3069,520.9025,503.8994,485.6718,488.1073,484.9476,499.5362,503.646,502.4281,502.1903,475.0602,362.0861,402.5331,428.3722,370.8388,371.1453,405.1526,462.659,500.4648,455.0493,405.638,212.4289,344.5865,203.9978,329.8217,482.3264,562.1212,521.8227,500.8561,491.2911,499.7525,510.4836,517.688,504.6588,528.3276,530.751,531.5562,539.6688,357.8451,306.5923,362.4443,433.1867,445.6434,454.5959,445.3599,438.824,461.1982,476.0542,478.8802,503.9137,526.3913,521.5001,516.8724,529.1708,538.3177,542.7422,539.2851,528.5005,527.8334,507.4322,463.0037,439.5565,461.4539,511.4062,541.6027,549.0956,544.9635,541.6873,539.702,540.6446,549.0073,540.3265,542.9194,524.5989,514.0764,524.4423,534.6268,545.1257,554.0247,535.9006,531.7708,522.2244,520.8077,550.9036,538.9211,526.6228,498.4073,490.2712,482.4115,508.1599,527.1135,544.7163,542.6059,529.9869,542.1393,557.999,530.4201,540.2185,536.2734,486.7954,519.0828,545.0199,516.5189,448.5537,350.4113,347.2906,388.8534,418.4398,410.2851,409.6984,421.4154,358.567,357.1181,401.1293,436.1357,453.4685,445.2477,432.2456,415.7274,419.0357,423.3138
519.7045,524.7963,493.2732,468.2297,499.7357,553.5068,551.4152,544.0542,537.7638,527.0272,504.7055,485.5163,485.8116,487.4903,496.6299,515.8259,509.6225,482.1353,388.3294,423.845,443.9355,379.2703,394.7984,410.6122,465.6547,470.1237,459.6915,446.8621,346.467,318.1875,282.0895,290.0306,293.416,444.1033,543.8687,519.2181,506.1199,511.3457,518.6698,506.4782,516.1387,527.9648,543.2333,536.1893,544.0227,367.4045,287.7579,324.5223,384.3643,435.7379,468.085,482.1984,465.7454,468.8286,485.4153,497.905,517.656,531.5464,526.9647,517.4601,526.5269,537.0151,535.9081,530.5609,525.7021,530.2295,519.2283,488.2678,471.9166,494.8616,536.0463,545.8994,548.95,549.4372,548.4496,543.1616,541.6986,550.1588,545.0526,551.9457,528.4478,523.9562,517.9778,526.5758,536.5828,551.7316,535.0507,526.7879,504.9167,526.6096,550.3369,537.7813,532.8412,486.5069,506.2589,526.9205,506.959,531.4413,538.9828,546.5873,538.8524,546.1398,555.8589,536.8477,543.1857,537.7252,521.2201,533.9361,542.4584,524.5123,502.807,417.123,380.5982,376.5892,403.7264,403.4513,411.7383,428.465,352.0687,343.0068,399.9595,442.3368,450.5652,428.1459,423.6837,424.2408,423.9956,426.3748
565.6537,561.3613,515.8976,490.6773,536.0135,563.2388,559.9305,557.3674,558.2708,550.4735,525.7842,507.4297,496.8475,497.7623,500.7254,507.2694,510.2674,496.989,428.3671,436.1139,438.2635,410.0868,412.5248,401.9641,408.5476,441.402,510.1809,574.706,481.9043,332.8811,438.8928,382.5579,338.8307,338.1348,510.336,521.4149,519.6462,518.474,517.3297,510.9094,522.6354,527.9817,534.5331,535.043,549.1785,374.8648,281.0921,304.8532,354.258,406.2311,465.4871,512.4294,494.7811,472.1321,478.9242,494.4043,518.5814,533.905,526.5532,520.428,528.1523,534.4197,530.8436,528.6857,533.2274,538.2271,533.2731,509.4601,487.3839,500.8868,537.3383,542.9854,539.1226,546.782,549.6481,541.1748,545.7582,566.4459,543.3517,556.9359,535.1287,546.0234,544.4175,533.5622,526.0815,537.655,523.7433,520.6353,518.8439,535.0421,550.9632,540.3929,545.6442,499.3151,538.0195,577.8943,515.6357,539.959,522.9268,547.0903,537.3336,535.8238,536.1802,534.7556,540.199,536.9523,542.7888,547.1088,546.7878,535.9067,560.5458,504.85,476.7203,476.8283,443.9136,406.4923,404.1963,421.73,346.8862,338.3883,400.7914,438.6194,441.0583,419.7972,416.58,434.6612,438.0242,426.3684
586.7127,592.0793,574.5785,564.2368,588.3486,565.6428,558.5933,555.4044,563.0061,560.3043,541.7183,532.1749,513.6028,512.1675,506.9369,514.8938,509.9079,501.2177,477.3002,457.9505,440.293,437.6383,459.4662,428.0932,496.7617,521.6136,596.41,665.8638,538.2266,387.8658,494.4115,467.2852,414.0139,338.0527,463.1769,523.5513,530.7372,523.1411,514.2642,516.7271,526.1437,531.8044,520.1298,534.2612,552.3306,405.7632,285.343,302.1472,360.8788,452.9108,492.9277,495.4991,461.7597,457.1805,483.6103,511.603,542.1826,551.1661,532.4971,523.6935,534.492,540.5214,532.8563,529.6817,535.0669,536.9593,538.4636,520.6328,498.9925,516.5826,537.9359,548.7911,540.3585,550.4482,552.7446,541.9763,554.0239,570.6064,545.4094,541.5727,535.9473,558.6625,569.1034,544.0908,524.1084,535.1378,527.11,523.9789,525.2854,535.894,559.2935,534.6727,554.262,518.1532,559.6323,602.1794,519.857,531.4669,500.0333,541.5717,533.4355,525.2403,518.0552,529.7958,535.0834,535.5531,546.6861,550.3716,543.6555,533.5591,550.3771,561.8265,549.6832,530.0167,508.9821,478.0035,441.2986,422.105,338.8906,339.2866,407.8493,441.5078,437.0174,410.5092,401.9894,430.6647,451.3676,455.7147
570.9766,576.552,576.5898,562.6082,573.002,568.4016,554.804,544.1951,552.8906,557.8332,552.6688,537.7902,525.6683,543.4434,523.476,518.1538,516.4634,515.0394,510.9753,488.3997,462.4366,432.1267,514.7875,536.81,542.9859,568.9001,615.3248,656.9202,520.4985,376.4556,439.1062,490.197,449.2298,383.016,438.5676,529.8893,534.3378,525.6778,516.6173,526.0894,539.9774,545.5489,516.5866,524.152,547.2691,416.0907,294.5405,330.7788,419.4521,469.6939,477.936,488.9962,477.8514,484.3669,500.2415,509.0395,522.0964,538.6512,538.7546,524.9244,535.0604,541.4475,531.2294,528.1807,526.7243,532.1075,538.5273,528.4207,515.0052,526.0565,532.609,551.2535,541.5161,549.6002,550.1559,539.73,545.613,546.6182,552.991,533.7355,536.2832,552.373,548.5799,537.4859,528.7988,534.8416,533.2054,550.9512,529.3451,535.3089,560.4371,531.54,545.3627,533.0901,566.1343,599.8023,518.4785,521.0514,487.4096,529.3502,531.6799,521.1789,509.6796,532.9348,538.1248,534.994,541.168,547.5656,543.52,537.2857,557.2394,556.0947,548.8713,544.3143,548.5639,537.1835,504.0508,470.1586,365.9392,350.8906,404.5321,429.8083,432.162,419.6041,419.8194,441.5691,455.2809,457.2546
555.84,551.8893,560.5512,546.923,547.7205,566.8608,553.5095,542.0116,549.3054,555.8149,552.2202,533.2347,539.6639,565.46,532.8166,514.1187,520.8954,526.2261,521.7523,500.2717,472.5557,421.9927,485.4631,537.9792,514.9633,507.5617,512.2371,513.2395,380.3117,379.9415,424.0417,536.7634,485.7654,426.0125,457.3971,537.8632,538.1856,534.5381,531.6287,564.5739,546.3974,545.3538,526.0039,519.7678,539.9539,438.252,340.6884,380.0793,465.8485,462.2572,475.6401,488.9754,484.0645,493.5834,508.3741,520.2036,524.5488,532.655,539.612,534.8026,540.2968,540.2776,526.6227,524.6498,532.4788,544.6282,545.9019,531.3922,528.3017,532.9136,531.3605,544.158,540.5342,549.9547,553.082,541.1782,528.4983,525.2186,549.4707,527.3938,546.6881,543.2367,497.0747,526.5724,550.6938,539.9889,540.4193,565.563,537.0994,546.2542,553.1661,529.9363,520.7789,535.0192,550.7889,566.5797,514.9681,519.7404,497.5629,528.7598,524.566,525.7893,528.5181,533.7379,540.883,535.1227,537.8634,544.9144,548.9775,538.1274,562.2574,553.3514,536.9019,525.4259,535.0114,552.7916,549.0421,539.1823,449.9438,388.5935,405.2742,430.6461,433.4464,421.1907,434.2661,441.1345,433.8597,439.3654
553.861,543.4908,545.0438,532.737,534.7054,572.39,558.4227,546.0861,551.8573,558.1658,556.7101,543.1265,559.3746,572.1908,528.1545,527.2789,524.9169,525.1288,534.3246,532.5725,521.8365,456.555,412.2734,456.7432,445.8121,378.1789,390.82,402.886,394.489,455.1411,496.7102,591.0991,522.302,466.7905,459.5872,530.5624,537.6759,531.8298,525.3243,554.312,536.728,528.629,522.3417,525.6127,542.28,450.0343,328.1417,296.6918,299.0622,399.1657,439.2104,451.1787,457.9657,492.3257,519.429,527.8833,523.2084,531.1723,535.9392,530.7791,536.6032,532.4348,529.7672,535.1688,534.3705,538.7747,528.7077,517.8277,534.8276,541.6047,537.7399,539.4043,539.1062,546.5824,550.6235,543.6516,529.8826,526.2556,542.7708,529.7039,540.9252,540.8802,469.0612,517.267,557.7834,548.8713,554.2872,558.2877,540.0201,559.4855,551.9327,533.9565,492.3811,538.9539,538.4356,537.269,515.7524,520.6929,510.4806,528.1389,523.1387,534.3345,548.3101,535.028,537.4954,530.7277,546.5935,541.4588,542.9825,534.812,555.1771,544.4446,528.7695,518.4534,527.0413,537.5095,540.2848,552.5605,514.8932,463.427,426.7341,421.6605,440.084,455.7932,463.6,447.6944,435.5337,444.1446
570.98,547.8434,540.4362,530.6787,528.5585,568.4156,563.5743,565.0665,563.4752,563.8564,562.0378,554.6749,576.5716,589.3981,545.6205,531.1788,531.1977,532.1426,539.6522,559.4459,566.3655,494.4555,436.7114,422.567,427.7078,306.8019,299.5911,292.7443,300.7005,440.5332,535.8455,586.8151,536.9356,494.217,462.4991,530.5776,534.5664,530.1455,525.7091,507.8096,526.7294,522.293,507.9273,536.9781,551.6963,457.1323,256.8004,208.309,228.0611,370.9948,430.1415,484.0964,491.1727,515.8815,541.7057,544.7941,525.9762,529.3253,528.648,520.6138,529.5506,529.6154,530.6748,530.8176,527.483,534.2275,531.722,525.6533,538.8353,552.9952,548.3958,538.473,540.8916,548.3674,551.9849,545.124,539.2531,538.7422,526.3362,531.1871,536.3757,533.0474,474.9502,514.2176,548.6728,551.1306,552.7535,542.56,554.2746,556.3794,550.1355,532.7938,498.9672,538.8424,525.0473,510.5134,522.2633,524.0308,521.3399,528.7881,523.0015,535.6031,551.0986,535.8093,536.8112,531.9568,540.6705,542.3856,544.0568,534.8422,548.1064,535.0609,532.942,541.7711,541.3885,536.9786,537.8555,542.4772,541.2401,512.0156,466.6862,441.7799,448.5637,468.7829,499.6709,522.5389,510.0815,504.7433
588.8875,568.343,553.7391,550.1901,541.21,564.0552,563.7003,572.6439,566.8552,565.6989,571.4116,570.5003,581.7595,603.33,569.5646,531.0275,548.336,556.8802,536.5751,562.023,576.3101,525.5463,503.9942,467.816,488.3488,472.8886,479.7519,486.321,482.6536,536.4128,539.8418,563.1263,520.3502,499.2852,476.6048,530.7911,530.7466,527.5134,524.7811,464.6128,519.1127,525.5398,498.0977,537.1044,554.87,459.7056,236.9556,193.7667,232.467,379.4295,466.2518,489.6902,465.5505,505.2545,543.3149,547.1473,525.9673,524.9642,524.5356,522.3235,534.4197,535.6296,523.1978,518.7635,528.4449,532.1263,546.4238,552.7908,543.1865,554.4531,547.411,537.577,544.4985,553.4313,557.0244,549.8214,550.5779,545.0488,519.2538,544.5839,540.1043,534.7905,507.0387,526.984,545.5558,552.8743,544.1753,539.7729,560.2078,544.8896,549.6448,531.9293,522.6691,542.9744,513.2743,482.8859,537.0574,529.2952,524.2435,518.4465,525.1491,532.349,539.397,533.1246,535.3563,533.3051,531.2416,541.0048,547.6921,539.8243,549.9142,537.2574,537.6212,548.95,546.3957,541.2046,537.1896,518.8384,533.919,551.8599,531.3489,484.1577,491.6254,553.4478,588.8209,568.5309,526.6607,530.6683
583.6215,567.9132,559.056,565.1372,557.5143,561.189,563.8971,573.3841,570.0904,570.6064,577.5056,577.9697,582.4592,601.9621,584.4739,551.8422,566.8913,569.8572,533.3328,561.2698,577.4672,528.9079,537.7052,531.266,557.4415,550.4064,560.2817,568.8531,530.1204,561.821,541.0706,536.1725,502.5312,511.7563,506.6653,537.7773,536.3251,531.4912,526.7502,438.2469,519.5565,525.7452,501.2649,538.0361,552.2523,458.5878,237.6098,221.5126,297.2084,388.7603,486.3765,494.1147,484.9625,540.1163,563.9164,549.4754,522.7727,513.5731,520.6768,518.678,531.544,542.0335,529.7886,528.0087,532.595,528.0253,523.4948,526.2628,542.6684,554.85,549.0837,541.7456,544.5616,552.7619,556.8229,550.1898,542.4904,528.3278,515.1227,567.2452,543.4133,539.0756,543.7729,547.9821,551.6813,550.636,540.413,542.3581,552.9206,542.6455,551.0764,531.4478,547.7109,546.5085,512.5677,478.1762,540.0433,532.9078,516.0984,513.2964,527.325,528.6332,527.8435,532.0125,533.5314,538.1946,528.9127,540.0103,549.2766,539.2387,534.0322,539.9023,542.8336,543.2509,544.5317,537.3998,533.9538,522.0008,529.1945,533.328,565.1556,590.6604,599.1246,619.4421,617.7899,587.9044,570.459,553.5818
584.1812,581.8713,579.4673,583.514,575.8865,567.6535,567.4396,571.2698,577.5846,580.0607,576.0527,574.8081,573.8907,584.1865,583.3878,567.8195,581.2236,582.6949,539.856,534.8225,529.5024,525.6882,544.3113,554.05,569.3241,566.2999,562.3849,556.9113,495.3305,559.0416,537.6342,520.8517,492.031,536.2177,533.7899,544.0991,535.197,537.2102,540.9905,481.9026,534.8099,526.3816,533.4171,551.9829,553.643,480.3646,251.2399,260.9504,380.5548,436.6035,478.6144,463.071,484.9508,498.8301,489.9373,484.5768,498.752,511.5632,523.2405,520.003,528.5613,547.1822,544.6522,539.6578,533.91,530.9114,496.265,481.7195,539.2292,554.9487,553.0851,541.7855,545.4048,552.269,554.9241,544.4825,534.3217,533.7556,513.3179,547.7064,541.2148,544.444,560.7365,560.5723,559.1694,549.6082,541.8544,544.1137,551.9693,543.6806,552.6458,535.1359,562.4016,552.0896,527.918,503.5556,522.1609,532.5004,520.9595,516.1015,523.888,523.4025,521.521,530.3321,529.9323,538.0386,522.7835,541.3889,554.7496,545.1169,517.2131,530.6663,539.8218,539.2039,546.5576,541.2877,535.3723,529.0049,531.9689,537.0069,571.3224,595.7435,571.6905,530.3631,457.8133,390.3424,454.8377,574.8295
595.9651,607.3318,611.4357,601.0258,591.4616,584.6499,583.8433,575.639,581.405,583.6973,578.7746,574.0931,565.7375,563.0667,584.2163,574.2547,579.7491,579.5056,549.9102,499.3287,467.4283,541.7291,544.7604,555.4662,563.5985,562.5518,556.7957,549.933,503.3754,558.9027,538.0543,530.5514,528.7922,562.947,553.3429,548.3731,535.4351,542.0172,551.3317,565.0715,555.1632,532.8693,555.2016,555.4966,558.2935,507.6963,370.751,369.5285,429.6891,473.2729,494.024,493.6208,486.0585,466.9056,460.1122,465.6095,491.6685,516.7709,531.381,533.382,541.0312,552.1542,557.3552,552.4988,539.4611,542.2887,523.0282,507.5117,538.5879,556.9807,556.3621,544.4943,546.4681,550.7826,550.9592,542.2125,545.5097,561.142,540.9406,541.1321,545.2727,544.2556,557.3251,554.2455,551.8751,553.6673,550.7446,546.0841,555.5154,553.6061,563.1866,546.6127,565.9872,551.1841,538.0992,525.038,507.7575,528.9698,531.9723,522.8661,512.1268,518.7932,527.9694,533.3058,534.4514,551.9136,531.1725,556.0515,554.1741,549.3414,529.1514,530.9504,536.8517,539.5258,545.2128,540.6366,541.498,534.4855,533.9989,546.7931,561.0931,507.8938,405.233,306.3565,229.9084,227.4363,352.3672,516.778
591.7369,597.5139,615.2011,614.1821,592.8997,592.9131,595.0743,580.55,577.0145,577.2886,583.8696,582.4682,569.5206,561.6258,585.2757,574.5479,558.2078,549.1824,554.2644,472.6249,422.683,552.9941,559.7109,554.8677,555.2241,552.865,556.1603,558.6144,530.7851,570.0468,539.8919,546.5941,519.049,569.3495,558.2138,548.6454,539.9355,547.0745,556.3216,572.4261,558.2599,546.3603,558.5333,539.6621,563.4851,528.0909,384.4043,363.8741,402.0856,474.1282,485.2132,481.386,454.8377,456.4417,474.9749,486.384,515.6362,542.4872,543.0762,539.9782,546.0154,556.0515,575.4219,568.9332,545.0424,546.6798,533.6686,527.1748,554.1166,565.1069,568.6808,564.4734,546.3439,547.5027,547.4854,546.215,555.5925,574.6563,565.1394,553.8051,555.3571,546.8687,552.687,551.3095,549.832,549.7071,562.0779,548.0294,558.5506,559.537,573.8672,558.9821,572.5371,557.1306,549.192,541.3561,507.6293,529.814,528.2814,522.2247,507.374,516.2152,528.6104,532.103,539.3939,543.4362,545.9252,572.6599,562.4678,551.8202,548.1155,540.7678,540.5951,544.3055,547.7374,554.2513,553.3716,540.4994,534.3384,550.5768,561.7861,438.1163,310.3521,263.825,227.4636,238.3478,330.45,471.7493
571.3712,569.3742,589.6929,611.5988,593.4825,597.3111,595.3589,585.9088,578.6671,577.6996,588.2309,591.1447,580.9003,568.9171,595.1279,574.137,535.6075,517.3733,558.6943,458.7718,398.2744,561.9681,572.3523,569.9083,554.1017,561.6789,563.7709,565.4547,552.4942,577.6227,545.2028,555.2623,524.1177,560.9568,573.0703,549.2767,551.082,557.6337,564.3847,566.7792,555.6405,572.8884,563.8684,525.1248,571.8361,550.2615,400.4495,370.6565,400.2017,440.1156,473.5964,490.8415,469.6643,464.4478,482.1948,501.5795,531.8713,555.3244,545.561,539.9204,548.9833,557.1292,576.714,572.085,551.9439,558.2142,549.184,540.3495,561.2952,569.7025,568.7025,566.7565,549.1591,549.4084,551.7416,554.2937,551.4529,566.3273,566.0184,559.1821,564.1856,546.0859,554.2412,554.7441,554.6324,552.9973,568.048,555.3831,564.2243,569.662,570.0634,559.1177,572.8015,561.891,554.4985,547.1545,515.4219,533.2875,503.1613,512.5159,506.801,519.9108,536.0703,535.2484,529.6812,530.5826,535.0233,571.2224,569.7723,550.1378,556.5187,549.4474,547.2845,551.3,556.7831,566.8587,560.6011,551.176,547.1519,560.6619,570.6089,439.7847,317.6232,291.8077,264.1819,274.2221,361.2947,479.4125
561.4641,550.4843,578.1913,607.5403,592.3753,592.0202,588.2213,587.7866,582.4902,582.2447,589.5232,591.8469,595.4907,589.2442,602.0256,579.473,529.8292,507.1065,567.6921,461.901,398.2933,572.9875,575.2069,585.3502,559.562,568.5405,567.224,565.8211,561.467,579.3582,546.8276,549.8668,544.2086,559.2271,555.2603,562.1778,561.749,560.9421,560.2131,564.3828,553.0974,579.8594,568.3941,523.768,574.2713,559.1925,407.6287,370.5845,391.8805,427.7683,483.2136,501.0073,494.5872,504.6717,527.0787,550.7674,551.8891,556.4048,547.4879,543.4453,558.5332,560.0962,565.6959,566.2845,555.4934,555.1346,537.5214,529.3896,564.3653,574.4612,563.2484,553.3727,542.3602,547.4655,554.2305,556.285,546.2874,561.1137,554.6223,555.0482,563.2461,548.5472,558.4395,559.6692,560.2843,558.5976,568.9721,563.533,569.2737,569.1772,567.1937,551.651,561.3597,560.5267,552.6152,544.6063,531.6196,537.2527,516.9982,514.5905,514.2428,524.9302,537.2026,538.1251,527.4249,544.2709,522.4844,545.2186,565.0629,546.1983,552.0684,550.3754,549.6081,552.8319,557.3986,568.1625,559.9354,551.5412,559.5907,571.6093,576.8929,498.4368,406.1527,356.873,354.265,420.6685,478.7736,496.1213
564.8983,548.3768,578.8154,609.8949,593.3615,595.4143,593.3654,590.649,595.496,598.3469,596.1827,599.1075,611.7308,608.3047,611.7002,592.475,543.6308,520.581,578.9538,485.7098,428.7169,576.6187,576.9536,584.2,568.5081,566.6056,568.2114,569.67,565.9078,581.3201,550.8291,547.0553,556.1144,559.5378,557.0356,558.2762,564.6223,562.324,558.8027,570.1954,561.2039,541.5473,566.0738,535.829,574.9676,585.0834,459.5147,392.6478,364.3653,445.5759,487.7995,488.9531,487.6568,514.64,540.1119,553.1777,550.0273,549.7805,540.3499,545.4537,565.1353,557.62,556.6764,567.2679,560.4171,547.8695,515.237,506.9935,562.3505,577.302,564.8028,556.798,550.6828,554.3955,557.7746,554.0068,542.2684,554.422,557.6367,550.6451,562.7072,552.5608,556.0643,566.1491,573.7364,564.6617,557.2697,565.602,569.6664,569.7926,565.3459,546.45,561.3425,550.0671,546.2065,542.448,536.3773,532.0795,528.3284,513.2695,520.9113,528.9364,536.5947,537.2018,538.9355,545.4433,540.9697,523.0021,557.0165,553.306,556.528,550.6444,548.9293,552.2144,557.3668,565.1761,563.3218,555.9474,564.7779,575.0583,577.8963,553.7809,528.5696,520.4238,551.067,589.216,567.9703,539.7127
585.6666,570.1895,594.0162,613.0049,599.1501,599.0818,603.4843,604.4962,610.2528,609.0693,599.4473,607.165,614.616,612.1925,614.2869,601.1617,553.2435,530.1057,589.7083,525.6498,485.3376,580.3057,584.8822,583.3507,573.8049,567.5609,574.3105,580.5434,568.0219,583.0051,556.5864,553.1068,540.8816,555.3153,557.5575,557.4832,563.425,567.3731,570.9631,579.1774,580.1655,547.6205,576.0261,554.6882,580.5647,598.461,465.1513,400.476,381.5373,448.3578,502.6227,525.6208,519.3969,546.4492,571.4327,576.9704,558.5665,548.0193,536.3282,543.768,570.5635,564.2818,561.5095,571.7744,563.8988,552.4592,538.712,537.1638,560.272,570.8152,562.8757,566.8327,565.6058,562.0397,560.0428,556.9811,548.6069,561.9662,566.5211,553.4483,571.9891,559.9291,553.4265,566.9649,578.014,568.4033,534.3094,562.0309,567.2527,563.3083,567.0615,551.763,580.5436,558.1155,548.2978,538.6536,538.6866,536.3963,524.0472,516.9083,530.9114,537.9351,543.5938,543.2705,547.7896,535.7836,553.5584,515.2526,553.8042,557.614,553.4435,548.834,551.2354,557.6263,562.1891,565.2624,563.0832,557.8071,566.5331,574.4533,571.347,569.2416,574.0807,582.1757,590.1512,582.3098,576.2664,586.1397
598.3177,597.1358,606.6888,610.5505,598.9253,590.5289,598.9314,616.6647,620.295,618.3048,610.5331,610.0458,598.5258,608.3036,607.8385,601.4479,559.5591,540.123,598.5967,559.3375,531.7628,573.2663,585.9578,577.6237,581.9276,580.1357,578.0098,575.529,560.3036,576.897,559.4641,554.411,537.6776,568.7791,561.6358,567.9117,572.3732,579.3439,586.6995,578.0108,589.6757,579.332,591.3995,567.0298,578.4746,570.401,424.8882,373.6271,375.7938,442.4958,513.2383,504.0857,490.8431,526.8239,559.2139,577.1708,566.5338,555.8506,534.485,541.0818,566.4212,562.3907,565.5225,570.7529,562.0832,551.8784,555.2344,565.1564,567.9393,579.7693,572.9999,565.8112,567.5131,559.5225,555.6898,556.9847,553.4933,572.2182,575.9673,558.6438,564.3466,563.0957,552.9811,566.7551,578.9105,573.5336,525.3372,559.8975,562.8825,572.6212,582.4503,563.4164,589.0598,575.4928,554.6107,533.6278,534.4189,542.2307,513.8133,513.9814,523.4557,534.1942,545.0075,549.4927,549.9201,520.4102,543.7192,521.8406,556.1313,565.2108,552.4891,553.3129,558.841,563.7145,579.0458,575.3578,561.8829,568.487,574.8691,574.1169,575.7661,570.2291,564.0759,563.4354,544.6667,535.4747,565.8496,587.0945
604.3906,608.433,611.7538,612.1309,604.2988,601.1126,611.1573,618.55,622.785,617.9668,606.1094,609.4584,589.4938,605.1321,611.0245,602.7986,563.3529,545.8564,607.171,585.8375,570.5456,589.0853,579.6959,566.1602,584.8902,587.2147,582.9347,578.3627,563.3257,576.2589,562.705,552.0345,573.2093,586.7642,564.0459,583.0216,577.1373,589.9464,605.6832,584.5081,597.9105,601.6033,598.0641,577.7952,584.5101,554.1251,396.5184,343.2806,345.4035,425.6438,525.585,515.6303,516.038,535.7963,545.9113,555.9669,553.0923,553.0544,537.889,547.7938,568.2204,566.2169,566.9885,565.2219,561.4713,554.4114,557.0006,568.2058,575.3847,583.9587,577.1582,565.6498,571.1786,561.554,557.1971,559.4487,557.5403,585.3428,586.4302,559.7577,546.8537,570.0374,564.9706,572.9208,579.9482,575.6396,538.082,561.0959,559.5309,587.6268,583.4427,575.3298,592.632,584.1623,558.8093,533.2239,534.7321,536.1144,504.2576,509.7394,524.7535,535.3306,545.1753,552.7756,554.6806,523.666,537.8852,542.0566,567.2411,570.1291,555.2645,563.3766,568.2803,567.3713,579.0637,574.7985,565.6791,575.5457,575.81,574.2408,585.2047,577.3351,564.4363,562.8385,550.833,546.3112,570.9406,589.7675
619.7181,613.9867,625.3781,633.7202,617.9695,627.1462,632.3152,618.4949,619.876,615.5455,607.8345,610.6149,596.7857,611.9059,618.6199,603.5363,568.3006,553.4555,612.322,596.8284,586.4321,601.4093,572.3782,559.6568,579.9907,580.5486,585.8255,590.4818,572.6607,591.6332,577.6954,563.6414,578.0128,594.874,555.0254,577.7269,570.8004,583.3398,599.0134,595.3923,603.331,599.7985,600.0956,587.071,602.3933,566.7011,427.7459,370.2772,355.4846,425.3066,529.957,555.5465,555.188,545.5306,542.616,550.5706,554.535,554.6071,541.1153,558.0345,577.6203,573.063,570.9439,568.9672,571.8633,572.6582,570.8984,578.3545,592.4559,580.3289,563.4922,567.0052,577.0591,566.9529,560.4236,560.0656,564.4966,592.9429,588.8488,568.5852,547.498,570.0767,570.2238,573.383,576.4653,577.0565,563.8141,563.3073,556.8901,594.2303,578.305,588.9672,598.2645,582.4012,556.1174,529.6903,530.8135,539.0011,513.8698,523.165,546.4492,547.5836,545.3577,559.5401,576.3331,536.8358,547.9467,554.4283,582.4594,571.8989,562.2284,548.0244,551.7098,564.98,575.149,574.1797,568.6816,566.6799,569.6146,576.1687,587.429,579.3882,568.7465,571.0153,573.1396,567.73,568.8804,584.3352
633.4688,622.151,632.3069,643.7704,619.8451,629.2838,635.0035,619.7555,623.8641,623.4269,614.9056,611.2562,610.6225,615.4897,620.9894,612.4453,588.8755,578.6532,615.8052,600.015,586.1204,583.9615,578.92,558.4806,586.1377,575.4636,596.551,616.4088,591.337,602.3185,597.4763,577.6741,577.6732,596.2728,555.1519,575.7126,570.7559,576.504,584.1561,591.4194,599.2366,571.588,589.3742,588.1989,618.7502,584.0424,454.7551,392.7658,366.0822,451.3311,562.9171,578.8415,554.4734,567.372,570.084,552.8231,552.2601,553.8118,543.8895,565.6589,584.0139,580.6593,579.2701,575.1827,578.3557,581.2304,577.2029,581.3957,596.5064,584.2215,575.0989,576.3713,572.3091,572.691,570.5419,564.1648,573.6271,600.23,587.7644,581.4252,564.3549,570.7858,584.4768,579.1511,576.3089,588.1304,584.5251,573.6949,563.042,591.8473,580.3807,597.9858,609.6603,577.8004,552.9208,528.1373,537.8979,546.5234,533.6927,536.6525,564.9568,555.0528,539.2456,567.7378,588.3206,554.342,555.7366,556.3817,594.0309,576.3371,573.9368,559.0443,555.2482,560.8461,569.0169,573.5687,566.4603,557.7289,566.309,578.7877,579.9852,573.4379,573.5312,581.0211,582.7702,575.2254,569.1957,581.4467
638.1514,637.6155,620.9796,619.0049,631.3931,627.4651,622.8864,614.5728,617.408,618.8441,615.1078,613.8511,626.6227,625.5727,624.6644,623.6114,613.0359,607.8185,620.2394,604.6956,588.8647,575.6772,588.5596,560.4783,597.1223,583.7021,613.8412,642.1204,602.2708,600.5059,604.3862,598.704,583.9331,594.552,568.1713,573.6949,567.3513,573.3704,581.2646,588.7697,605.2424,543.3893,581.7684,593.7352,617.6309,603.869,507.0012,444.128,403.6031,465.0149,518.4307,520.5078,553.5282,587.2356,584.7963,568.3748,567.5988,564.1509,556.1088,566.2594,579.3903,586.5475,585.1655,578.8607,581.2524,585.3153,581.6248,583.704,595.521,582.3168,584.378,594.6392,571.9086,579.0781,578.9663,565.4138,575.1542,602.9739,586.9049,588.8776,586.9924,580.0059,597.6685,584.9522,575.6036,588.7134,598.4415,577.7775,569.8884,593.2117,589.077,599.0406,622.2043,593.6249,567.661,541.7332,545.0786,552.9512,538.6425,542.3345,565.5592,563.0388,556.5121,569.4015,576.2404,563.649,560.2394,560.6046,588.7051,576.8076,580.851,575.694,572.0543,572.7252,570.7348,578.3447,570.6766,557.3353,566.8551,584.0954,580.7423,574.7283,580.7991,590.1027,584.9326,583.8916,588.7604,590.5799
638.6702,637.0319,609.1959,604.6339,645.4143,638.2927,624.4443,618.9709,619.0129,620.8975,623.5582,622.9797,633.7301,639.8301,633.3513,635.802,635.6049,633.8779,625.0131,613.9045,600.3006,577.0043,590.3033,566.0183,605.1379,605.0361,626.3443,645.7789,596.6935,596.4484,594.6845,611.1376,576.3159,586.5721,574.2645,595.1735,573.0555,580.9811,593.6075,596.0437,615.6429,522.1292,583.5628,600.3537,616.249,612.6982,549.8381,491.5363,441.889,491.6031,490.9366,438.2023,515.6517,583.9319,588.0003,582.843,573.7654,572.3817,572.7067,576.5654,586.6719,596.4945,590.9109,580.5323,586.6242,594.5042,591.7219,587.6567,597.3947,583.6036,579.3563,604.9697,583.8954,585.4915,581.321,567.4098,577.3804,605.2819,584.811,588.406,592.4225,582.7538,594.7003,588.0425,584.9095,603.0506,601.3492,577.7728,578.2552,599.6327,589.2631,601.4805,624.5297,601.1672,581.078,561.0338,555.7431,557.468,540.69,540.5524,562.5798,568.0106,570.6994,561.9554,567.644,573.2629,574.2879,569.4634,581.432,576.9335,585.2116,584.5836,587.6885,595.2356,588.1638,587.7889,573.1807,555.0283,567.9321,595.5215,591.9832,581.3441,585.515,591.9088,592.7393,597.5688,603.9944,601.1522
638.6874,632.2704,605.8771,605.4685,650.6975,650.9144,634.137,622.4288,625.4992,629.7644,632.199,626.4974,630.4666,642.0266,642.582,638.4678,641.1838,638.0977,614.5099,614.3835,610.713,589.6042,598.8444,588.113,609.5566,616.6525,629.8068,641.4781,598.9996,603.4229,589.8654,618.1576,578.4385,587.8193,574.9092,600.3105,580.2249,586.0486,596.0665,602.4405,616.8087,526.4409,580.0086,597.5552,614.4543,625.3867,568.6224,517.8571,478.0779,515.7003,552.8022,478.8613,524.6243,592.5109,592.8824,577.4387,575.1751,574.7949,579.1935,592.2161,600.7336,605.5284,596.7497,591.6611,601.6924,604.313,599.3231,585.4139,584.8454,585.377,579.6138,600.8071,598.7733,595.7672,588.2975,572.5744,580.2208,613.53,589.6396,597.7486,599.7815,580.5607,596.5027,595.7191,600.3784,632.6853,599.6678,583.0627,590.3224,606.7744,596.6752,603.1496,624.3902,605.273,584.7093,564.1257,558.9281,553.0422,536.3085,541.841,563.0317,572.1173,579.23,565.0596,579.6058,584.7861,592.8357,574.7708,578.7913,590.7962,594.1486,577.5621,576.9338,586.1161,597.2607,596.6617,574.3319,558.3581,576.2188,603.4032,598.1777,586.2781,588.2466,592.4191,598.4603,608.6208,621.2175,628.8881
632.3709,632.3632,613.5359,616.3141,648.1735,655.8809,639.7139,622.6784,625.2011,628.2136,629.051,623.9409,626.776,637.8808,642.4555,642.8717,638.9805,631.5377,613.5485,619.6721,622.9655,609.9556,608.1032,619.2097,613.9113,622.1622,629.0092,634.8282,603.2171,613.9193,585.5441,628.0297,589.4708,597.7349,579.7777,577.5294,598.0363,592.5436,583.2691,607.0797,612.7616,563.0052,584.461,606.1546,603.6765,614.5033,580.9902,547.9006,521.8455,539.7294,567.9791,536.7877,571.5736,610.4483,602.5809,583.3406,576.2482,573.7697,581.424,600.6682,610.7928,612.7977,604.5261,599.2717,603.709,599.0803,592.0397,572.0084,570.1188,594.4429,577.9913,578.354,595.0615,593.9352,590.2628,581.3265,589.8652,618.5796,590.0259,599.6786,581.788,590.0417,621.1923,610.4192,604.0057,621.1644,596.8886,584.6301,594.4163,610.0375,603.7658,606.1152,635.7746,603.462,581.53,559.741,561.1944,547.3306,531.6923,545.7508,552.8436,567.53,583.4843,572.6556,589.8042,588.0817,597.5665,581.09,596.7804,616.4971,601.2911,588.1902,581.0377,574.0538,588.3021,596.3525,579.7036,568.0621,580.68,599.8853,595.8143,587.0751,590.9684,598.188,611.9933,626.3652,637.0058,623.7355
637.0988,645.3407,641.2486,644.1865,624.3055,604.9255,616.0289,619.9937,624.1489,627.2133,627.6204,627.3021,629.4954,637.5411,639.2849,636.7286,638.2926,638.2065,631.8723,630.1781,626.7369,614.0683,615.8294,635.078,611.434,624.4645,636.5513,647.3784,612.2366,619.2912,593.0167,638.9447,593.5242,598.1821,586.0892,585.8433,622.8531,599.8082,568.2191,603.7448,608.5949,603.378,595.1273,610.931,580.4059,588.8751,588.9631,557.3216,517.0573,511.0816,515.6706,529.6879,579.7548,604.8535,598.7233,588.5114,568.1185,570.7626,586.0987,599.4889,610.856,612.8679,602.1785,595.8962,599.538,592.2834,585.0995,566.2621,569.7889,599.8149,567.6263,564.233,598.298,594.268,590.7515,586.5223,593.9727,623.7559,586.7125,591.9424,575.5101,598.8896,626.2619,613.493,597.2596,567.2123,603.2607,588.7039,598.4223,608.724,610.4065,606.2051,635.1263,600.5208,576.115,551.8495,561.9728,546.7461,533.5173,547.2876,547.8427,553.1392,559.3989,569.8029,583.0234,587.2312,589.2308,579.6436,597.1221,616.0912,592.0527,579.4566,577.0944,574.6088,585.0836,591.0723,579.2276,578.1316,582.3499,596.795,600.5163,584.4588,583.3325,597.9839,610.5047,619.3625,628.9158,607.8246
641.0772,649.1769,657.6483,661.2402,620.0504,580.6012,616.9338,633.63,634.332,635.4857,639.8018,646.4007,649.6694,657.6433,647.6545,641.0289,647.384,652.9368,652.2228,638.0496,623.4711,610.574,627.1514,635.4232,617.8837,625.8101,631.205,635.8414,612.8196,617.0699,585.9762,633.2957,585.4938,598.8508,583.3495,595.2606,628.6414,596.923,556.2491,605.77,610.7077,626.7961,607.6382,610.7894,555.8602,582.8756,595.1461,560.5327,514.425,481.3305,508.8373,532.3715,593.5847,616.3013,604.0093,595.3513,572.3216,580.1039,592.5913,598.2462,608.5543,614.1801,609.4237,599.7798,597.5018,589.1056,586.3648,582.4651,589.055,609.6146,577.6501,560.582,595.2885,589.2037,584.7216,584.215,596.3954,621.4771,585.7201,585.7551,582.5531,607.0491,634.8986,616.3848,591.0845,538.0017,610.4448,596.4468,604.6508,610.8664,609.2023,606.0931,629.9651,607.7103,588.3163,568.9617,568.79,548.3433,539.6591,544.3762,550.032,549.6439,548.3937,570.2631,586.8885,591.3082,582.4998,583.9587,576.9553,591.3075,583.6909,568.3113,569.995,578.4427,595.311,598.4728,586.0077,585.6796,589.7785,599.7141,602.5906,586.9412,581.7433,591.2168,598.6721,611.4954,614.1868,602.6391
637.6317,643.414,657.8174,662.4323,626.7824,587.7097,617.8516,634.0357,637.8226,641.8139,648.8243,656.8608,655.5261,658.5648,648.5159,646.2566,650.9156,657.3026,665.0178,642.4887,622.9433,621.8411,621.0478,628.2641,613.1882,602.5827,620.0983,636.6137,616.404,608.1823,577.6102,634.483,586.944,596.3895,605.198,595.4194,624.8256,595.3507,557.4142,607.3353,611.3536,620.8488,608.1176,608.2511,555.4294,590.0462,600.2296,546.9639,477.2872,470.1167,532.4406,509.624,564.9825,620.4478,618.187,607.1628,590.9163,595.2468,601.1317,599.2997,601.8379,611.1422,614.2485,605.0651,599.8524,594.8887,600.8814,609.5385,606.631,608.8686,574.7007,545.2071,591.6798,583.9631,578.2197,578.1186,594.1534,623.9317,583.3274,582.0505,581.0961,602.3947,617.8962,611.3641,595.2538,534.9443,617.2285,611.7471,607.3581,601.6985,604.057,612.2813,632.7885,618.0421,609.3781,600.7978,573.0528,565.7929,549.3063,552.4435,556.19,552.5272,547.827,578.4307,595.8644,591.861,578.7859,585.6682,570.9786,572.5442,576.4284,563.0883,569.6057,587.2801,605.924,608.9576,597.8828,591.9719,597.0421,609.3256,622.5007,606.0914,592.4125,600.6942,605.0122,609.434,609.5032,611.1113
636.3646,651.6437,653.7892,650.1985,620.9738,592.0532,617.5859,626.7468,634.4637,638.9028,639.7775,646.2741,644.5362,642.0474,646.1619,648.5065,649.1085,651.7886,659.6276,648.4313,637.0911,624.2864,610.2438,619.4923,621.4584,602.9541,617.7058,632.5411,649.9149,616.2585,587.7478,640.3863,606.5765,591.8962,580.2649,584.8517,601.6635,588.9258,572.0894,604.0269,612.7244,615.041,611.074,598.1888,571.9185,593.5978,593.0938,524.5916,435.2563,463.6326,545.2927,545.2053,569.3132,614.4554,622.2855,612.4335,606.9095,610.326,611.087,603.4661,604.6614,613.3928,616.4944,612.3759,605.4473,600.9956,608.9495,622.6082,614.9116,605.6055,561.8832,519.7929,595.5539,589.9581,594.0471,604.8893,593.8981,621.4584,579.497,586.6359,588.8802,596.9691,551.5075,581.9925,601.1342,558.8505,620.3842,624.5986,614.9059,599.8312,606.7907,619.5123,633.0168,620.9387,615.9536,611.0661,572.0633,575.0812,558.7274,571.1104,568.9764,562.7935,556.3416,589.8241,604.1028,587.2603,578.0712,588.8602,583.923,578.9293,580.3133,565.2739,572.3522,592.0855,608.4949,614.3412,605.3275,601.7418,605.3817,614.3457,627.4633,620.3932,610.0045,610.957,613.7275,617.7329,620.0704,623.1559
642.0612,655.0918,659.1256,648.3551,628.8984,614.9715,643.5637,637.6944,641.2942,643.2528,642.1793,643.8644,645.886,644.5245,652.0585,636.8131,646.1344,654.4413,656.4759,649.5248,640.7368,622.503,618.9236,621.9893,648.2163,560.6912,576.7693,594.339,665.6531,621.4881,600.6049,641.651,612.2913,599.727,544.3776,604.8745,577.5008,580.9417,589.98,601.7747,618.7856,616.571,616.476,604.759,592.4001,587.4305,590.9791,522.8344,426.2719,490.2766,591.7801,603.5423,601.0861,602.2662,597.4042,592.3225,604.0743,614.5465,616.0513,610.3242,609.4439,614.7345,611.8391,613.1339,615.7222,610.1288,608.2729,614.9358,615.976,608.7949,549.9611,486.8521,598.1379,598.2925,611.5191,629.4548,601.3608,623.7979,586.1949,596.1849,597.9774,593.5623,508.2823,562.3439,608.8819,607.7505,624.611,628.6804,622.6724,594.1723,603.8205,626.6223,639.8641,620.5307,615.0905,609.8415,577.412,584.2589,567.7434,579.4205,581.4111,581.2205,580.9432,586.7359,595.6056,582.2896,582.1682,599.5784,595.7765,580.3066,587.8455,579.0289,584.1273,599.6078,605.1263,618.5576,619.4541,616.9047,609.8745,609.5383,616.6271,619.1414,619.6624,620.7894,625.0635,631.6252,637.4166,635.1656
650.2692,650.443,659.4365,654.9734,650.3892,650.6392,648.1473,632.6222,644.3835,650.2635,644.8392,645.8284,651.4359,653.4594,661.1766,654.4141,654.4742,653.3965,647.303,640.9606,633.7028,623.4523,632.0425,637.3997,647.5018,552.2427,536.5722,524.0649,626.9947,624.2795,609.28,628.4214,599.7374,595.3989,507.9761,612.972,557.6904,580.5704,616.5596,604.8822,620.3766,618.9269,617.5941,608.0184,611.7118,594.059,593.3926,536.966,455.6474,517.732,577.559,587.8275,588.2399,594.0111,593.7117,587.3258,595.5814,601.9244,604.147,601.1908,605.3102,613.5829,610.0811,609.0325,610.0839,608.8954,609.4232,610.6835,608.7979,609.6858,534.7448,458.5158,604.8345,607.47,607.8804,601.4801,601.5631,616.3763,595.3179,600.8857,599.3741,600.9137,525.9976,573.2761,619.0092,647.7045,626.6876,628.3152,633.2849,600.043,604.5698,627.8286,640.4711,624.2857,614.4755,604.7531,570.626,583.7282,558.0323,573.9841,582.3202,583.8872,584.6991,568.4293,587.5181,588.5808,579.9005,600.9283,620.1636,569.2269,595.614,601.4694,602.6696,611.777,611.85,626.456,624.144,621.8323,616.9021,619.6766,609.5664,607.9233,619.878,625.1867,627.0429,632.3701,639.4861,638.7977
665.746,665.2816,656.2318,646.8177,651.9241,653.4796,635.8638,636.0236,644.2142,647.3787,640.7417,639.9761,643.1944,641.0765,654.0373,657.3757,650.4183,643.7677,638.9411,636.4724,633.8768,630.6622,631.5203,649.7755,601.3784,549.0629,560.7932,572.8383,596.5635,628.0593,613.4213,616.3277,589.9434,593.446,506.6112,609.0304,557.8307,590.8942,637.7759,607.65,619.4087,617.303,610.2339,616.2956,623.1013,609.3826,596.1457,550.7348,492.0235,538.0311,593.1454,603.8868,609.3115,599.3043,588.3605,584.4348,597.2231,603.8322,602.6836,604.2564,608.9354,614.767,617.3674,614.8206,608.4434,605.8167,609.7212,612.4671,608.0018,614.8236,530.7924,448.8752,611.9874,619.2794,612.9173,586.7166,600.0716,613.3566,598.9684,607.0779,613.2432,609.5014,588.9431,605.4438,622.993,640.2051,607.0823,629.8857,622.9937,602.7943,612.5074,624.0463,645.1136,622.8855,617.9441,613.2406,560.8862,570.8617,535.4147,570.0118,579.5334,580.6682,581.1772,555.1755,588.0635,599.9588,575.7461,595.4069,628.994,530.65,586.0164,613.4693,607.527,604.6255,612.0044,633.4851,627.0887,626.654,626.8379,633.8438,613.4536,613.4922,630.4257,627.5104,628.2306,630.2556,628.73,632.3702
681.0892,697.6536,687.108,647.1768,641.4756,639.5789,629.3794,652.0562,655.8899,656.3723,654.023,659.2997,659.1301,664.8367,669.4462,664.8751,661.5503,660.1567,664.2014,653.6909,643.0619,631.078,618.0194,631.2431,624.0125,591.3139,608.3471,625.2479,637.0774,630.4366,608.2563,623.5578,597.5455,599.7798,540.1379,599.7523,584.3301,598.2603,617.4068,607.4399,617.547,620.9847,614.3004,618.5527,623.5209,616.6731,596.5327,517.9566,418.2499,519.5877,603.1161,597.3291,596.962,589.4509,584.7318,589.7504,606.6561,603.7346,593.8295,605.1242,610.8566,608.4395,617.6345,618.4979,605.8163,599.1694,605.0202,615.0417,613.2105,624.8104,548.2393,464.5541,617.6835,623.5855,615.7137,587.142,598.7477,614.1267,596.0433,606.4488,618.8551,620.84,637.7198,631.6127,624.5049,611.4472,606.8378,626.2797,622.0178,626.0496,626.7468,627.481,648.4147,622.9244,624.8573,627.1677,565.4492,559.3658,526.327,565.2361,578.5705,578.6948,577.5101,561.4348,599.5138,603.8189,576.1163,593.4996,617.9058,506.6771,575.9986,605.2955,598.5444,597.5233,617.9658,635.3184,622.5567,623.1685,624.8328,638.6218,615.2698,615.5533,636.2435,630.7499,625.873,628.4823,638.4525,642.5667
659.101,699.3216,721.1465,690.5504,652.2186,650.5657,644.0154,648.3599,661.0746,664.9848,657.165,666.0212,673.2336,677.3882,675.4981,692.3202,682.6474,673.4514,664.5005,646.6151,631.4739,630.145,611.3567,642.044,656.2986,560.0421,587.4298,615.4246,664.8261,623.1629,605.1667,623.0582,605.6503,605.1491,564.7714,599.1527,603.5739,595.1785,585.6365,610.8035,619.2566,613.8713,631.8452,623.7862,621.913,613.9397,604.4914,500.6145,360.1884,513.4559,607.9891,589.437,604.5825,596.5302,591.1382,605.7374,618.7007,607.6378,597.2944,606.7207,610.2509,613.0797,623.1343,618.9732,607.9805,606.4127,613.7278,623.9374,622.9645,624.6123,562.5953,509.0578,624.4408,607.8611,591.3768,584.2932,604.3781,619.0185,598.8257,607.3932,619.2925,642.1506,642.6511,640.4117,634.0825,605.8513,619.447,633.6362,626.6617,634.1574,641.9017,643.6641,649.8916,626.823,630.2787,634.0995,564.8478,554.8662,533.2618,571.0466,574.5192,575.4056,576.6378,568.7909,605.678,604.4835,584.7344,604.6719,615.7681,531.2408,589.3796,608.1801,599.98,597.9295,619.3898,632.9538,622.1293,623.256,633.679,649.1025,615.5644,612.2123,636.9358,636.9735,628.7376,625.462,638.9671,650.5956
657.6662,708.6005,727.5539,697.783,661.3057,668.7585,661.7405,665.5631,668.7874,670.713,670.1315,671.3436,677.3807,684.0716,679.4542,685.421,671.9412,662.7827,667.8853,650.6082,637.4315,645.1605,626.5982,651.6574,542.7405,457.4547,497.4701,538.6945,623.5707,623.4699,611.4288,628.5912,613.1337,610.4514,577.0093,612.362,619.7585,599.7922,576.7014,619.4905,617.7001,611.4027,643.8199,622.8936,621.9099,619.2192,623.2269,538.5738,418.3796,549.9749,638.4172,632.7057,629.7134,604.4766,596.371,610.3094,613.7568,608.4996,609.0695,613.8141,617.3795,624.0339,628.4293,626.0632,622.9998,620.5031,626.7804,634.5079,631.6242,629.9038,586.8585,556.7906,614.2203,586.1036,565.9629,575.9982,610.3552,620.5513,601.4404,616.0178,624.5433,649.1753,625.051,633.8071,636.6932,606.3467,622.0037,636.5545,611.1482,620.4453,645.4291,656.5553,669.1193,625.997,625.067,624.7177,556.9027,559.7268,553.6694,576.92,566.6147,569.0024,573.8616,576.7707,599.4554,600.5081,585.7281,613.2137,624.9283,583.071,605.1835,606.7531,596.7081,590.2358,611.8227,635.0538,630.8873,628.3073,636.4216,647.6607,621.6895,615.9089,629.4131,625.6542,619.7628,628.096,642.5412,642.1279
648.0715,689.9869,693.2746,670.9312,676.1179,682.235,668.9251,675.3577,673.5655,671.7089,672.9927,677.2521,675.6428,686.9872,695.1599,717.7474,688.2547,667.871,682.5518,674.4094,664.6844,644.6207,627.8735,654.2642,535.9267,388.0404,414.558,444.6821,606.366,642.6418,625.0836,630.2477,608.5148,610.7741,575.7012,619.9296,625.5071,617.025,607.3677,627.8812,620.0766,612.184,650.5969,620.9722,621.6311,628.8765,629.3099,554.4966,451.3069,569.0121,641.6262,645.4351,635.6536,613.6686,609.0056,617.0781,613.5749,614.5906,618.9889,614.112,619.8209,629.6563,630.063,630.788,629.9426,626.1359,628.7467,633.1423,637.7609,639.9717,609.6132,596.9397,603.2753,582.2947,570.2361,585.7872,614.2321,625.6951,616.9074,633.8315,624.9328,658.0785,618.6823,631.1817,639.1827,619.6812,620.7361,631.3221,618.0485,616.9846,643.8267,664.6017,667.0269,619.0785,615.8769,613.2912,562.339,563.419,549.9922,579.7429,569.8821,575.4847,584.0897,583.8175,595.5265,606.5437,583.009,597.3764,623.6168,623.3737,618.0635,608.7949,592.7562,574.7183,596.8724,631.8761,639.9448,639.5805,642.8658,637.4441,632.3762,627.7464,626.6795,631.8956,624.1088,619.6655,639.6453,655.6681
672.3217,697.9824,667.5317,628.2532,668.3827,685.8451,691.8914,683.0165,674.6393,668.9127,670.1538,667.5072,658.7194,671.2911,673.3516,706.1332,675.3797,651.8516,659.4115,664.8092,666.7339,648.9182,651.3537,694.7945,570.5783,391.2972,383.5104,382.7396,637.9494,653.2773,633.6666,621.0745,605.6448,606.4585,592.642,627.3248,629.9946,639.4458,650.3528,631.3595,646.2219,625.7416,651.7477,621.267,631.558,640.709,634.2751,545.0197,425.222,555.4599,644.3426,648.5924,622.2689,612.1492,619.7872,627.2732,633.101,632.0513,628.0176,625.5544,628.8536,633.2368,637.9981,638.6124,630.0175,622.6167,627.276,635.4374,640.2399,647.2313,621.9949,616.9331,613.1324,589.9224,586.0004,618.8348,622.9387,620.5836,616.42,627.7769,624.4685,655.2086,627.9074,635.0906,639.9657,630.5451,629.6002,627.6332,614.7312,623.5425,645.8462,656.6379,639.1334,622.3562,618.5658,614.9541,584.2548,562.8328,549.444,576.8729,580.5888,585.9811,592.1067,587.0601,606.4534,615.4306,589.3319,599.6823,623.4339,648.6463,630.4111,611.9938,595.9866,578.257,601.8724,630.2568,636.435,640.7844,639.5259,640.0112,636.9852,633.3052,636.0819,640.1307,645.5816,641.8589,638.6985,648.4803
691.1302,698.4772,657.1096,622.5014,681.1202,694.8857,697.3035,684.6868,674.3766,663.2977,653.9286,656.3141,669.7111,678.4138,669.665,680.0474,666.5801,655.2006,655.2477,666.5662,676.0353,672.3944,660.5634,665.8199,564.975,456.82,461.3989,471.3691,677.5705,654.4702,621.9349,607.5992,605.1495,613.3246,603.7123,629.1064,632.7728,641.2137,650.6694,631.2606,679.8349,655.8989,656.2817,619.8157,633.0749,637.7263,641.9691,550.3926,420.8466,566.1426,668.972,655.9127,623.3636,619.8947,625.7393,626.2759,643.5035,641.5394,628.6888,634.1036,638.6859,642.3736,649.3812,642.9457,632.9485,633.6253,637.7084,636.2263,636.7307,647.2927,637.5522,637.0098,619.206,596.4842,597.082,635.6016,625.7373,620.8169,615.3602,618.8425,632.8405,647.978,641.1818,643.774,645.7753,643.9912,642.3135,630.5242,618.4459,632.3628,651.1537,654.7995,629.6205,627.2188,619.2153,611.1348,597.8739,581.4455,577.0682,574.3814,582.8484,587.483,591.3713,596.0475,616.113,620.8549,604.1305,608.7059,619.2848,643.6901,633.0551,624.0613,615.3389,603.9099,620.0945,643.4706,646.0347,644.9182,635.4174,658.186,662.5469,647.0685,643.42,639.2652,644.5004,647.2511,647.9277,656.3351
692.7549,684.8043,639.1168,624.9647,696.4591,706.9221,700.2729,694.9359,688.3087,682.7162,677.1067,669.9802,670.7961,667.3724,672.1714,687.3416,666.8707,653.1721,667.2559,672.7121,677.5656,674.5149,648.2314,667.3225,594.2254,562.6782,571.4868,581.9373,652.1264,650.5225,623.8248,612.8702,604.843,613.1544,603.9149,630.4385,628.3627,623.9824,619.7783,627.9398,673.0282,664.4652,644.3461,617.0082,632.3878,633.9937,649.8843,568.9604,447.6912,578.8036,663.1774,640.2094,616.2925,624.0375,630.5973,627.4623,645.4448,643.5984,637.7579,644.686,648.9564,653.8793,650.0939,644.3615,642.3436,638.1594,641.2889,645.4766,639.3242,642.2982,662.9276,666.4614,619.327,616.2963,617.1157,624.4944,624.0326,623.5905,623.3777,621.8851,645.0924,650.7198,654.5128,658.131,661.3393,660.7394,651.68,640.9432,626.4462,632.6695,643.1972,667.2646,644.3301,622.4852,611.4778,600.6195,584.5823,584.3022,577.9301,593.0779,586.5281,591.6915,598.9609,610.2739,617.9101,617.3323,616.3989,615.364,626.2415,637.4947,632.5652,628.1655,626.4805,624.9183,635.3511,652.4036,657.2308,657.8606,655.1233,677.553,678.293,650.0599,642.498,650.8898,649.428,650.9017,652.0586,658.0215
697.8275,688.5602,635.1489,620.6799,698.8608,708.9312,695.8455,687.0472,682.713,679.3745,677.6642,678.0947,683.6257,679.6881,667.4108,637.1285,653.6849,668.9393,677.0689,678.175,677.7754,669.1715,664.9977,625.8267,570.1331,554.7685,585.7544,616.2731,629.7252,657.2802,634.1946,624.0142,607.0568,609.6036,603.465,631.4054,624.6758,599.0905,571.5641,623.9304,641.397,641.0794,623.2058,618.8954,632.6443,641.504,655.0337,600.5736,518.9615,599.939,657.4411,646.5273,619.1403,630.6122,644.194,643.2482,644.3268,643.5443,645.8084,649.6194,652.0291,649.2382,653.4271,656.2531,645.7932,641.2716,642.7881,650.0546,642.2325,634.4192,666.7598,674.2647,627.382,643.1311,647.5275,628.6594,623.5876,623.1476,624.7985,641.7416,650.5349,662.1718,649.5452,654.793,659.6232,659.8604,646.6838,638.9913,633.9819,642.3749,659.0969,676.9509,651.7131,622.8658,612.1815,601.7471,590.5698,582.6665,567.0589,595.7819,590.6553,597.7253,607.2273,602.1943,618.4664,624.0134,613.72,620.5597,629.6321,639.9067,648.2157,629.6133,626.4239,634.3598,648.034,660.2422,660.7906,665.8873,662.0247,690.3119,676.6744,651.3121,651.0983,643.3616,645.7434,655.3595,656.0736,666.7063
697.8997,696.8829,650.5057,636.4075,704.0186,706.8697,690.8879,691.0573,690.0418,690.9133,695.9688,699.421,698.9869,694.4043,653.1012,581.7153,628.7641,670.2446,685.0349,688.1938,690.1317,684.998,670.7872,555.6644,521.3215,598.1959,612.411,626.5444,637.849,666.4358,637.3818,632.168,606.1034,612.4756,614.4158,639.5266,637.2927,593.5856,544.7977,631.5881,604.0393,633.7233,633.7887,631.7263,645.6317,648.2151,653.0557,626.042,585.8044,627.8317,666.0107,658.9678,643.4655,649.0926,654.5215,652.7986,652.4301,649.8544,644.6921,652.8364,659.4861,658.1113,659.5975,655.7797,653.1608,656.7964,661.5353,658.0206,639.1897,633.5269,662.2367,678.5883,652.4749,661.8238,660.0675,637.6696,630.2241,624.3439,643.7518,655.588,642.5286,669.5317,670.9305,661.0267,652.1933,651.244,653.5455,636.1301,655.1263,644.9446,676.6612,686.6828,661.315,627.6415,610.58,593.747,593.4559,591.7094,575.8828,590.0829,585.7891,590.8443,597.626,600.9085,630.7582,634.9783,623.3803,644.8151,632.739,628.7908,640.3289,640.8188,645.4907,654.3923,660.6426,675.3917,678.4254,688.021,687.0913,685.9197,681.362,667.1707,661.2421,662.3869,664.9359,668.2357,657.6674,659.9513
691.6465,696.9285,680.3005,676.6077,702.0776,694.5483,682.4611,696.5377,697.3916,700.9475,704.9525,700.2939,703.7131,699.1676,658.7084,559.6383,625.0944,678.3082,678.3093,679.3533,680.673,682.9206,669.2568,570.8703,503.7679,632.0214,632.841,633.8114,640.5038,662.753,629.7062,628.3404,631.0328,632.9344,630.3812,644.9504,650.0565,607.0408,557.7805,641.3004,593.7288,637.8711,644.1494,643.2705,649.6076,643.7327,663.732,654.7469,630.4988,648.7997,678.4735,666.006,660.2267,656.8923,654.4117,657.1848,657.5226,656.1578,656.1315,652.6254,659.8238,669.2496,668.2699,667.7357,664.2097,658.4219,659.2706,664.012,651.3738,640.7979,656.9916,662.1874,657.3221,659.4878,655.1259,640.11,638.9459,640.1985,648.7791,649.5017,644.6895,657.7253,672.8707,668.521,662.014,645.3793,659.4922,654.6201,661.6404,672.9925,693.0397,693.0386,683.5231,631.02,608.8805,587.159,580.1907,600.1172,569.6333,601.2,581.2501,592.2709,608.7712,617.0402,632.6224,626.1461,630.9473,632.442,640.4546,647.9762,643.8022,633.5978,640.0701,654.1086,658.1169,677.5506,683.6179,681.2322,677.1972,683.1683,680.785,682.4579,686.1716,679.6136,674.5297,668.2273,660.1636,673.6635
677.9442,685.5437,701.8441,707.7254,681.691,677.1954,691.8444,697.9622,698.1505,697.9841,697.8347,703.8438,715.0502,712.3502,688.3644,608.6988,644.1425,677.0128,695.2047,696.6102,697.9068,694.3207,657.6078,595.296,542.0428,657.8588,643.8007,630.7555,654.9503,671.5289,643.0714,643.3899,636.0261,637.1332,637.8226,642.193,658.7239,628.078,590.9683,644.1384,603.341,637.3082,639.2327,649.5961,649.9296,649.3484,664.91,656.8135,637.5991,653.8351,678.8323,682.0784,677.502,673.6605,680.8922,695.2662,672.6921,653.4934,656.4451,661.6094,663.3276,667.0784,673.8239,665.5573,653.9484,651.4569,658.8683,665.2975,657.5927,658.0869,648.8641,644.6973,656.7756,662.0208,662.3348,650.4924,640.744,639.4706,647.4581,660.8365,648.6788,665.4191,676.0504,675.0209,672.3303,661.2995,669.9431,665.5392,669.9172,693.7846,719.6103,685.1096,681.2987,647.2671,621.8672,596.5862,582.7727,598.1832,561.2375,593.2706,588.9332,594.7438,602.7888,615.1083,630.0975,629.0402,626.152,628.6606,646.4144,657.7958,657.5021,642.7145,650.2142,669.3268,681.3893,695.4237,692.8999,689.3488,691.601,685.8979,678.3521,676.0918,676.5789,677.6135,678.0229,675.6749,676.0462,685.1824
667.1422,683.3336,695.7106,700.5681,677.5806,678.8481,694.777,701.1028,701.6516,703.097,706.6395,710.9636,713.4624,707.5887,686.4394,640.2556,675.6344,701.5867,689.4752,692.328,692.632,679.3358,668.7588,555.1161,554.1282,646.7843,632.7026,620.4956,676.6813,667.9706,654.4125,655.8947,634.0319,645.0724,645.9888,645.8875,658.5621,644.8552,627.4406,640.618,638.5305,629.1938,634.2065,680.9304,690.0295,669.4373,683.6423,674.9202,651.9703,672.5833,700.4254,678.524,666.9772,663.3953,677.1371,705.9116,679.144,637.9257,642.4464,640.7195,652.432,674.2793,668.129,666.0115,667.3782,663.7946,665.0386,670.1721,677.3715,675.4565,645.1896,645.9397,676.2202,671.2059,665.6786,659.6482,654.2399,648.9112,658.6545,668.7418,656.3528,684.1066,703.7798,702.3885,698.0769,680.0954,703.1149,692.5602,704.0073,695.1263,719.54,691.5902,702.7769,647.1419,619.9018,593.0526,576.2868,588.9004,562.2064,597.7018,584.086,592.5563,605.1863,615.1695,628.7251,631.0502,646.8591,633.172,650.9042,666.7606,661.3882,639.7101,646.8789,668.2832,678.1215,682.2491,681.6348,681.3798,685.0951,688.994,684.9097,683.8881,685.4376,683.3665,679.0871,676.235,683.7127,691.3239
671.0445,687.5339,688.6973,695.0887,692.6477,699.0457,693.9763,695.9106,698.5695,698.9933,699.26,705.7102,700.8853,701.7736,687.1412,628.7946,681.0683,720.5186,707.3774,710.6514,711.0174,694.5853,674.4225,557.7488,576.3297,632.6337,646.5058,660.6207,683.1909,659.386,653.3818,646.6744,634.8329,639.5878,649.662,660.2759,668.0737,665.6846,661.981,637.9818,671.6062,664.5119,652.6719,716.8978,709.8569,698.7789,704.4384,698.8348,687.6542,693.124,706.5679,702.0609,699.9331,682.3661,692.0979,727.6323,689.0532,650.4652,659.3907,650.7903,655.9861,679.3652,681.0387,674.5159,672.3187,674.3718,677.9031,680.3666,684.4868,688.8111,673.0726,666.6204,681.2352,676.343,678.6504,687.2054,673.6139,679.9296,680.7403,686.0203,680.6967,698.6502,703.1992,704.524,706.7773,712.2246,696.5506,700.7342,713.1979,699.3723,720.7067,678.0374,688.1094,670.0115,643.8771,617.6322,589.0287,586.8268,557.3008,599.0757,599.6735,604.9697,611.8029,610.2875,623.5527,631.1879,641.9005,631.6177,637.0121,653.4565,666.9048,655.647,660.1958,675.553,674.35,681.2066,682.9487,675.9837,669.1058,692.3058,693.1951,682.3325,683.749,681.3312,678.2799,674.6468,688.7782,705.777
685.5633,688.7552,691.6479,706.7968,702.7189,701.2976,696.5768,695.0195,699.4267,698.5811,695.7165,707.5709,704.7736,713.5603,699.3622,643.3372,696.7524,735.2409,712.8437,711.1666,707.2836,688.6144,661.3503,626.8896,611.6985,665.7122,670.8066,676.9592,721.2077,680.3573,663.9969,680.5266,670.7484,676.1364,672.8812,688.5576,698.8987,707.4607,715.8937,661.0622,704.4289,730.165,690.6272,701.3832,721.3493,714.434,714.7058,725.3798,737.9902,715.1715,699.8323,693.1299,702.4885,697.9461,695.1022,702.3258,688.6153,679.2992,676.8476,671.2476,687.9922,692.0554,683.4744,692.3554,694.7496,691.9749,694.5054,704.2203,710.2855,705.014,700.0422,709.3385,705.4025,693.451,690.1893,702.543,696.6671,691.0938,706.6062,689.9287,686.6471,700.3661,720.3596,716.556,713.059,711.3038,707.9014,710.7892,712.0486,711.0884,715.3226,670.3297,689.6813,675.9274,645.8045,615.4563,584.3616,576.5703,568.1918,598.2574,597.3868,599.2803,602.188,622.9285,635.3155,642.8364,653.1655,641.0007,643.8445,659.7816,667.6341,652.9564,653.7434,664.4446,652.1024,667.8354,675.707,671.9902,670.6946,695.5598,693.2137,673.6195,670.7717,670.2805,675.4748,673.441,686.4614,711.653
688.8375,689.8698,692.1692,706.4308,697.7199,692.4995,696.7351,695.6891,703.8358,706.8044,700.643,702.5956,709.7191,707.457,691.6631,670.9132,707.0648,729.7751,700.479,703.5676,705.3946,693.4901,648.694,673.2229,623.3371,694.9166,699.7863,705.5159,742.0729,697.1426,686.5491,696.7633,677.7891,695.5871,715.1855,705.3829,740.9807,722.9927,697.1394,671.0707,736.5272,731.9902,750.549,686.9904,703.3422,715.2381,706.2161,702.5404,702.1816,684.7357,686.2487,695.2053,714.1484,718.8035,692.1276,653.604,663.688,700.0689,711.9495,708.6241,704.8727,697.3889,689.8703,699.3807,709.8867,703.769,713.0803,722.1212,711.9849,711.3363,719.3021,744.3813,712.884,699.9083,695.7101,704.0937,693.894,694.7015,688.7224,691.1277,693.7913,694.4603,704.1185,703.8759,702.9248,699.9022,714.0511,699.3682,705.0708,707.1691,696.9021,696.4638,691.3747,677.3784,661.4777,645.5507,609.2385,551.0063,565.4272,598.549,618.8854,615.0031,607.8913,619.4178,634.2171,642.8798,642.0922,636.3021,642.4964,654.1551,647.2543,655.8221,666.8621,675.0855,640.0173,649.8342,662.0634,667.0052,675.6068,687.9726,684.2573,667.8093,666.0658,675.0849,680.0568,675.8057,683.0423,705.3232
675.4813,691.1682,699.0319,707.8224,699.0141,689.5987,693.9955,695.6085,701.4006,704.7265,699.6499,698.5057,711.531,692.2347,676.2739,636.454,679.4814,711.7452,701.4255,712.4772,720.8643,709.9015,682.4371,681.4163,671.3926,719.5961,716.1607,713.2338,728.869,728.0879,696.8936,686.6683,687.023,680.7996,682.5965,696.0547,704.2453,705.1655,705.2117,690.2082,719.8395,719.8356,735.4089,667.3629,699.2903,706.5723,707.8596,703.5074,695.0712,682.1942,684.191,690.7513,710.1848,722.2338,681.118,612.0029,654.4975,714.5681,722.399,706.1606,692.0266,694.0812,694.8152,698.3248,699.673,698.6961,705.4818,717.5227,716.2299,711.7766,722.6446,728.6155,707.2661,700.1446,695.4751,698.1619,702.2997,698.1649,686.8331,678.6762,689.4567,692.675,698.8798,696.6468,695.8067,703.6047,704.4205,690.1588,706.6718,705.3698,693.8378,700.4048,690.2845,686.9067,684.7197,682.5492,618.2983,527.8698,583.5268,609.2677,630.1054,628.6574,624.0184,628.9114,646.9477,656.3069,658.657,650.4788,658.7001,668.6548,670.648,663.3995,665.8367,673.6351,645.5121,657.1522,675.0618,674.4243,672.4643,688.0674,684.1009,671.5223,674.3007,679.9146,679.7468,674.9811,679.7259,692.6005
672.7269,694.7057,703.5428,705.8534,705.9475,694.5054,691.1482,691.752,694.1639,696.7644,697.04,697.9387,708.0496,699.9437,687.5893,629.249,657.9127,686.5889,710.7333,712.5498,715.1014,717.3193,691.3777,721.491,720.6288,708.6306,714.5837,719.3525,681.3951,729.4879,721.9117,694.2882,691.5118,703.8852,716.0427,706.814,716.9478,712.6079,706.0177,684.8944,727.5515,728.8087,730.3029,675.7302,712.6286,709.2027,711.0184,716.7428,720.0493,713.8417,701.542,698.7073,715.8912,736.6119,690.3383,603.066,655.0045,727.3363,726.6476,701.0612,693.4619,699.0027,696.0613,696.5361,696.1987,704.1396,704.9412,709.7878,719.519,707.379,695.7294,689.3511,702.6648,697.294,691.3794,688.5113,693.3719,690.1392,690.3408,677.0198,683.6354,685.1755,705.653,696.0595,688.6775,694.5211,689.5702,694.3965,708.3707,700.4667,702.2786,690.6524,683.6731,685.0002,685.1373,685.2579,626.7536,538.3854,586.1636,603.9767,629.2151,632.3594,632.1235,627.7391,642.1198,661.0328,653.3762,660.403,655.6403,664.5954,669.9644,660.6227,660.4525,666.1354,646.965,661.6219,686.1937,692.7969,673.9202,682.3831,688.168,679.8018,681.2354,684.666,677.6268,672.4833,681.6978,689.021
684.6263,696.2277,700.8252,703.4563,702.2525,693.4543,689.0653,692.0977,696.4999,698.528,694.4814,693.9797,701.0345,696.0049,698.8584,670.4468,671.6543,679.7241,711.2637,711.2673,712.5238,716.6411,693.3923,730.9944,705.5352,720.04,724.8573,727.2385,641.7565,736.0645,747.7193,720.4828,697.2579,688.8412,704.9417,696.9812,691.0438,692.74,695.3864,671.1339,730.3999,730.7687,752.0164,699.6829,720.1194,717.3521,719.4825,729.9038,740.558,736.9754,726.2092,727.6286,738.2949,750.1711,697.0745,602.6286,655.0981,724.5594,736.403,714.4969,699.861,706.5063,706.0614,717.2791,715.748,705.5746,695.1336,703.348,719.476,705.0035,692.6057,691.5515,707.0647,704.7114,697.6794,685.1114,687.724,691.3942,695.128,679.5882,680.1682,686.5414,710.189,702.0445,695.4349,695.7994,675.8455,699.6322,708.8045,698.9703,683.6611,675.4936,663.8823,691.5159,685.997,680.0217,625.6137,545.4512,589.8737,621.0591,613.0355,630.3521,651.9572,647.8561,649.7128,647.3298,650.4667,651.6674,655.3064,657.5342,663.4058,667.8234,669.0384,669.4078,648.8665,665.1411,681.9216,688.9648,680.6762,681.1196,682.7542,680.9534,683.1154,684.074,674.7184,670.5475,682.2746,689.762
694.9378,707.7811,699.6221,697.7901,696.5318,690.6788,693.6693,697.2964,700.6719,702.0323,696.2294,694.1032,704.5221,689.2693,702.3974,694.055,664.1259,654.1968,717.8846,715.0494,714.3443,722.2634,703.8683,738.301,722.626,722.6734,731.6771,737.0212,610.1821,735.0161,755.2267,732.185,697.0315,696.1633,690.6313,700.491,642.7629,680.3665,731.7131,696.9939,721.5502,727.433,759.9316,724.0193,723.3713,717.1179,719.4523,718.9178,715.1229,734.8307,738.297,734.0483,739.8506,744.3711,691.8405,604.9435,648.795,719.2444,740.0102,732.6647,719.3953,713.2238,702.5798,712.9884,715.1813,691.4792,680.8041,698.0741,713.951,698.6959,699.8486,724.6299,709.8611,710.4648,706.4783,692.8628,688.0599,693.0855,685.4194,676.9929,689.9113,700.1146,718.2183,705.7905,695.1573,693.6037,675.9101,711.8775,712.1276,699.5008,668.3132,669.2524,657.3174,700.7598,698.7867,696.1885,634.3291,560.2393,599.5247,621.27,605.6159,621.7415,643.0425,648.8488,659.9336,663.0638,646.5001,657.9028,669.172,660.3265,660.7141,669.3338,676.3909,682.3126,653.8083,671.2884,683.8264,684.6024,683.0176,681.6071,685.4452,684.7664,682.3438,682.0386,678.4213,676.0967,678.8209,683.1546
697.3387,713.8081,700.3057,692.5249,697.0794,697.5103,697.0505,701.6383,702.5388,702.9977,699.3289,698.9867,711.92,696.6628,709.8368,704.5854,671.1542,657.4078,718.0616,722.7056,726.8401,726.7911,721.8309,735.3753,736.6676,741.9512,746.03,746.6847,623.5857,728.9377,710.2142,707.9113,693.9091,717.9261,705.1561,722.1341,703.6749,719.7848,741.0807,701.359,717.3641,722.3837,744.1454,730.8234,725.7949,709.6219,719.6761,706.8539,680.9236,715.1245,730.0242,732.5551,737.1672,740.361,690.5125,606.6975,645.4944,714.1287,721.4841,721.8585,725.0024,711.4773,696.8058,700.9794,697.4386,678.6712,675.1777,696.8947,712.2619,702.3929,701.3699,720.2264,711.3436,702.0517,695.4252,692.0589,688.6447,704.4717,699.4861,685.9355,696.9412,717.5291,736.1273,716.7606,701.416,708.0554,684.231,720.1276,712.0576,700.2578,679.9498,665.7822,670.181,697.4514,700.8521,703.9242,637.2504,603.1447,601.344,609.0631,608.802,621.2967,635.7771,640.5009,651.3803,657.8798,640.0643,656.698,671.1199,663.1764,668.3027,673.3616,680.7723,690.4346,671.1427,689.7324,700.0101,689.5648,683.8101,691.0746,689.1698,679.4825,678.9846,683.2949,684.8071,685.237,681.7134,681.6019
706.5582,719.4449,705.0193,694.4471,702.233,707.5723,702.2861,705.5668,707.0098,710.7232,711.0008,704.6802,722.1755,716.1646,717.1775,708.7581,678.5825,664.8066,714.3141,723.4805,730.4755,721.7714,702.55,724.4572,727.8611,745.4235,744.1429,740.7375,660.5897,727.6117,704.2919,689.9647,661.2145,696.7669,692.2003,715.4764,729.7368,728.0578,724.4347,711.6765,713.2225,710.9,693.8752,716.6546,725.6436,704.9068,716.8106,696.9378,659.4322,708.2451,730.4719,734.9421,731.7277,731.6762,689.1143,615.0776,651.9235,715.0184,693.1274,695.5261,722.4992,713.5464,706.7999,694.5842,673.2127,665.6559,677.0948,706.1919,716.0786,710.8492,688.0447,679.8947,710.7625,698.4532,692.876,697.8749,695.3408,712.6115,712.7999,693.7449,698.3051,716.7683,746.9055,729.47,713.9479,708.6956,688.8665,709.528,705.3193,705.0164,680.9614,666.6934,691.7726,707.094,706.1637,705.0098,647.1224,639.8654,603.7193,613.9657,626.2737,632.0438,636.928,654.2632,660.0701,644.9758,647.9276,651.8335,667.2573,668.9598,669.9252,669.306,675.9457,686.3301,682.4009,690.1538,701.5983,697.9774,683.4272,693.8134,697.7923,681.8237,677.5248,683.5765,688.103,691.7108,689.1573,692.6261
733.8445,729.2394,710.3389,704.5656,710.4038,709.5319,703.3971,710.0698,713.323,717.7447,719.931,715.3644,722.2809,726.5173,720.759,709.2909,693.7153,689.342,726.7731,729.7212,731.0071,720.4689,704.9677,733.1045,725.118,735.7894,736.7283,736.5807,697.1736,731.4167,710.9236,711.8187,685.621,724.9343,726.9222,732.8988,743.2221,739.0001,732.7846,733.8051,709.7803,704.4819,644.9848,693.1956,729.2942,719.3012,721.7692,700.4937,666.9557,706.4977,724.1153,729.0283,718.5187,715.2006,692.1579,649.017,681.2982,726.9515,678.779,683.3535,728.1996,720.8611,720.3792,694.7644,656.2131,652.4814,679.3663,722.6719,722.4947,711.3156,672.1105,651.1002,711.4164,703.6927,699.7228,700.4397,695.0188,707.209,714.6713,697.701,699.2603,710.7375,732.5246,725.8923,718.1273,703.4313,695.3686,703.309,702.8052,700.3922,701.3458,676.134,724.9885,712.306,705.9929,699.7674,665.3732,658.5092,629.389,627.3362,652.1431,652.6671,649.2821,650.8707,671.0508,669.6119,658.2312,661.9627,673.9744,664.0797,663.1895,672.221,680.8731,688.7215,687.9661,689.8953,697.5689,698.2444,683.2103,692.8964,703.7157,691.1122,685.5104,691.0104,694.2405,698.1236,694.9108,696.6947
728.4578,718.8842,704.1201,703.3846,717.4988,717.6414,709.2826,712.7833,720.081,720.1376,710.8644,716.9021,724.811,730.9709,721.1738,719.3608,722.1282,727.9298,741.977,731.7057,720.282,703.471,704.1813,739.293,722.994,720.8263,729.5486,737.8845,732.1432,742.0538,731.3223,738.6862,727.242,743.832,720.1717,720.4169,727.3127,725.3575,722.1609,738.1073,704.7228,707.4305,626.241,685.6709,731.1696,727.03,726.6884,691.379,640.6891,687.0526,714.3785,748.0084,727.8873,708.5101,704.864,695.5759,712.7422,732.4367,664.9031,669.5105,726.075,721.8607,726.5758,691.7244,648.6495,661.2359,690.047,722.6649,721.8704,712.5729,679.8373,658.6213,717.1758,716.1503,714.1297,706.2497,697.1805,709.6847,713.8439,704.533,709.2205,707.7117,705.9208,714.0768,720.2264,713.3715,709.0627,703.5536,716.9805,706.5138,720.976,721.1541,727.4975,712.277,708.0704,704.0154,667.1802,662.2997,655.5078,651.103,661.7017,665.7857,668.6738,651.6213,682.6135,676.8494,659.95,666.4456,677.1168,662.6968,681.3576,682.515,684.6479,692.8568,688.9225,695.8689,703.3522,699.9911,684.9208,689.9285,698.2562,690.3926,686.7253,690.2378,695.5458,698.545,692.978,688.4589
711.4545,703.9746,699.7927,700.2205,719.4871,725.27,712.9673,721.925,732.6646,737.6221,730.6686,731.0013,745.4673,754.7357,743.946,722.9016,738.7642,747.095,725.944,721.2811,710.0441,670.3289,717.8015,744.9834,735.4854,722.7943,723.3332,724.4386,746.0522,733.1251,740.9017,737.8972,746.0119,747.7202,719.1761,715.3282,718.4468,715.0948,710.8138,729.6808,705.1799,716.476,647.774,686.3113,729.3131,727.833,714.0696,673.5498,622.8555,676.2177,713.7951,772.8917,754.1453,719.6428,718.14,721.5259,722.7454,727.5605,656.0023,655.7937,712.1437,712.5665,718.8773,686.7681,651.7749,666.5467,685.8107,711.5273,723.9531,719.6531,692.5287,664.2721,720.0258,724.2507,724.0631,712.9424,708.0188,717.9951,714.278,709.3406,713.2331,709.5844,685.9161,705.664,724.933,735.7039,708.2736,709.4371,734.7734,727.5328,722.9185,733.6965,711.3076,717.0902,714.4167,711.6268,681.8712,676.986,679.0594,678.1791,669.9593,677.1998,686.7841,679.8263,695.0242,679.6278,658.2344,670.8221,687.293,670.3987,690.0996,687.0096,686.7036,694.5491,688.4818,702.6901,707.0374,702.0391,691.6269,695.2982,697.0969,689.63,688.4526,690.907,696.7715,695.3555,685.3845,680.1902
705.9482,707.3564,705.7108,711.4137,730.634,736.9572,723.6512,722.5669,741.2183,750.3448,739.2572,737.1673,752.3495,757.5118,750.4088,744.6187,755.6511,757.89,729.0904,736.0114,731.295,670.3339,720.2839,727.5832,738.1638,730.3568,724.2319,719.1622,752.3334,724.6772,696.5687,702.7266,692.1707,739.3032,741.5716,731.0837,724.2942,724.0933,724.7015,735.7855,721.5161,724.7617,702.3112,699.8906,714.886,718.5563,719.0333,685.6117,638.9672,689.5023,719.5714,756.8646,748.0481,728.1874,731.1263,738.8598,726.9732,724.225,674.6736,670.9448,710.6843,713.4064,709.295,686.4357,677.3501,692.9312,707.1502,719.2466,720.6304,713.1866,686.0439,655.2132,709.1187,711.6533,711.8092,710.0392,718.6278,721.8365,711.2759,712.3463,712.0536,717.1629,688.4398,711.9343,734.0054,740.1324,700.7928,703.5692,718.1325,724.4937,691.4525,729.6221,714.5776,720.4805,711.7921,702.9028,689.4556,690.9605,688.6828,688.1874,665.1271,672.2108,684.0264,675.2772,671.1792,673.8489,668.0001,686.8143,694.7758,677.4866,689.9053,693.572,696.6846,703.3824,689.6932,700.886,709.5762,705.7322,688.0823,697.1498,700.5817,692.1679,691.8995,690.7737,691.1708,686.1528,687.0204,692.6693
702.3073,703.2029,705.5751,715.1597,723.0014,716.0798,710.1863,712.5629,715.4549,714.6873,707.7213,708.8167,718.4103,722.7902,728.0527,746.416,748.392,745.8264,728.7945,737.8249,732.8523,660.4387,722.5532,727.7783,734.1661,720.1439,717.3613,716.1806,772.8621,719.3917,703.223,713.8909,680.3773,705.319,713.5723,736.3328,724.3767,722.0692,721.5928,727.7969,720.9536,705.2784,730.1738,699.2889,725.5688,722.6519,723.0923,707.2415,682.3887,706.307,718.2497,690.9952,712.6794,732.6764,736.5297,743.6021,731.5763,725.1367,701.4117,690.4987,707.2079,712.8599,715.2261,708.3185,703.8986,716.4257,726.6052,726.8879,721.6721,718.5308,690.3129,669.1047,705.2568,707.0065,706.7806,705.9437,714.8724,717.1471,713.7842,715.4822,705.6031,712.4126,703.1348,713.1096,723.9761,735.6324,710.668,714.8931,709.2926,694.5031,654.4886,710.2892,706.305,703.7546,696.735,689.6538,679.7431,691.5514,692.6653,685.7504,664.5627,669.226,677.8412,667.4617,658.5396,676.5825,662.7142,673.8081,686.7068,683.1147,697.6108,697.2559,703.529,716.6819,694.9315,692.4435,698.5979,703.2073,690.3088,697.4955,703.8154,693.3658,692.3712,698.2852,693.2006,681.6591,689.3184,706.2057
711.4521,712.6585,720.9899,731.9777,732.7351,717.0012,710.586,709.3893,703.1003,699.8353,702.3514,708.0236,715.6341,704.7543,723.4324,726.3755,733.844,736.9603,725.0911,732.7307,725.3712,645.5032,711.0139,739.4022,737.0834,721.3177,710.8922,702.6216,772.5893,731.9323,689.6019,696.887,684.2857,701.943,697.3325,731.33,728.2287,718.647,708.8177,712.4969,717.2444,715.6277,734.7628,717.0239,728.3109,717.0898,708.8157,712.604,719.0937,714.681,711.0806,609.6145,663.152,720.5032,723.6504,734.6479,736.3563,719.9129,718.6807,711.8696,705.8497,716.1601,719.27,716.3825,711.9988,712.0771,708.6503,702.5218,708.7658,715.7113,696.8455,691.6347,711.8415,712.0812,712.5729,712.8563,713.9842,724.5157,732.2904,720.9183,707.4459,719.6907,744.7502,730.0905,719.5517,731.6378,710.319,724.8433,713.8441,677.4373,651.434,697.8658,693.5167,689.7571,690.1637,690.6276,689.0094,694.189,699.9445,698.2614,676.7739,675.6127,677.7069,678.6982,668.5352,673.0839,664.5365,672.653,689.4386,686.8689,697.7197,699.931,708.5562,722.7339,696.8205,695.1854,702.3801,706.9763,694.147,695.0277,706.2023,694.0288,688.0132,698.5776,693.8356,683.8829,689.5131,700.7897
706.5295,711.655,723.9094,732.215,738.9688,719.2188,699.8705,711.6438,714.2947,712.3704,703.6991,712.8011,729.2117,709.8149,727.9683,722.4507,728.8308,738.4664,758.3228,758.7728,746.42,672.8953,725.2007,720.5747,724.9948,718.8022,719.7001,721.0726,739.5237,718.6867,681.661,671.9765,658.5988,727.8869,708.538,715.1159,718.2671,711.4221,703.3433,692.0938,731.04,718.9828,716.5613,712.0897,728.2614,696.3231,707.6053,721.0029,726.8986,717.3992,712.2841,550.6,624.4999,722.7446,729.3655,735.96,731.5535,718.3406,728.8469,721.6948,710.5342,711.6426,701.6782,705.9547,711.1331,704.4346,698.5515,704.5444,714.7445,712.7736,710.6865,702.9286,717.9594,720.9152,723.0891,722.7906,721.2869,727.9033,744.6061,722.9753,721.0042,724.9513,753.8183,737.6483,720.7239,700.0416,691.637,704.113,697.2701,657.8737,641.1842,703.8033,696.3474,703.5775,694.4216,685.0402,692.3075,687.32,681.8242,689.8134,685.9571,683.6134,681.7208,666.8217,664.2845,679.9072,676.6,680.1204,692.9437,696.5435,700.1124,700.9084,704.8613,710.892,695.1281,694.5106,702.8461,700.2894,683.4273,693.6404,708.7308,693.4146,682.9521,687.9572,692.0986,696.3938,699.5463,699.0699
716.0905,721.0456,718.326,729.8206,742.5447,729.5784,705.3823,723.3393,736.9893,740.513,728.2546,728.9026,718.3945,705.3041,731.6089,737.3201,728.5989,721.6699,723.1967,727.8107,725.3955,688.5602,716.7795,726.5206,708.0978,719.1951,710.4926,702.2922,712.4838,712.6552,694.053,686.2244,686.7239,730.5067,725.0586,733.2042,727.691,719.9774,712.201,702.5388,737.4038,710.7025,708.3735,700.5513,706.7374,699.9461,706.1839,704.7626,697.8102,698.4514,698.9674,551.4022,617.0594,715.2676,724.5545,725.9598,728.3748,722.9309,744.701,724.7882,693.257,706.6447,709.5816,704.0233,701.2684,701.8517,705.368,714.4206,713.0451,709.4675,712.6404,700.4016,729.5605,733.18,734.4219,729.7878,725.6953,728.0876,735.9394,720.4424,721.9572,721.7848,752.6309,740.5071,720.8928,665.1597,711.7717,713.6317,689.5641,652.0024,660.6583,691.1234,695.3677,707.1884,703.0357,698.6632,703.1594,687.7725,647.6743,679.2763,690.5123,697.7527,704.9135,667.7319,685.249,697.6846,687.0242,683.5806,697.5669,702.1146,699.5991,698.7033,695.9488,691.9609,688.6998,700.4741,703.2912,698.5737,683.8502,694.5546,699.4935,679.9065,674.9127,684.291,693.3812,697.8229,702.6494,701.1993
744.4517,754.2422,740.0696,731.2082,739.3875,741.0137,727.4603,739.371,743.5359,743.7469,739.9066,742.9954,730.4158,714.5372,736.7549,748.6,738.6054,730.4582,729.9694,727.5135,722.5332,705.7583,715.4706,710.511,696.6392,723.2559,720.5051,717.726,713.9587,715.6749,683.28,702.2027,690.0246,708.7062,706.2973,710.1411,739.7867,729.6052,713.7396,702.3556,718.1068,710.3802,687.1766,692.2628,697.1998,702.0831,708.1536,678.5348,635.1505,674.5802,704.9751,562.3781,622.355,709.739,716.1755,719.9973,725.319,718.3163,734.4493,726.3629,698.1964,694.1898,687.5019,688.9247,697.4661,699.9815,701.7915,705.4896,711.2136,710.1597,703.4429,705.7447,721.8626,728.6824,729.7745,721.1459,727.0349,735.4833,727.8932,729.8306,709.0936,712.9099,753.2868,736.8731,711.5417,644.2141,706.5123,716.9293,711.6934,687.5939,677.3518,710.9612,699.4039,706.2714,701.1558,695.8752,712.5508,680.9415,657.2562,679.7198,682.6385,692.7987,704.4268,675.3638,683.1319,705.9895,692.9596,700.1507,708.8488,699.9447,701.3244,702.3898,697.0042,689.8763,686.051,702.3169,693.8072,693.1603,693.1876,696.6933,683.0778,669.8468,678.2197,690.7045,699.1675,698.7734,695.4808,690.6761
744.7676,744.522,741.4279,725.705,721.1885,730.3585,717.7867,724.4197,724.2923,724.2968,719.1666,712.8735,727.0372,724.8036,741.6108,738.5417,732.9532,729.6284,733.2355,722.4994,711.0862,696.7163,695.8627,725.2639,685.3364,727.3857,722.7864,718.131,711.5516,718.3409,684.6132,693.1307,703.561,752.5508,714.5221,671.0591,703.7581,707.8782,707.0446,713.7255,685.0802,689.3064,689.1263,692.1279,709.0659,722.5647,716.465,692.3481,663.6628,689.4401,709.5405,560.7764,619.5212,710.8157,719.6061,724.2751,731.3528,719.5005,719.9171,710.6156,696.2302,695.0334,696.8582,697.0779,691.8707,701.587,718.9794,732.3577,727.2351,723.1847,712.7274,712.8122,727.4943,734.6762,735.9897,723.7229,721.8633,736.8569,729.7103,725.6852,721.8358,714.3144,759.7385,733.8367,696.3749,609.9388,728.9565,734.5988,708.0664,721.4767,709.6429,707.7955,690.6046,711.7325,705.1974,698.2815,702.3124,682.1316,665.8047,683.6563,664.9606,674.5909,688.9966,671.5542,677.5339,707.8662,694.5615,695.0677,710.1256,693.4027,694.4144,699.6682,694.4697,685.8911,690.1104,699.5435,653.0468,667.7891,690.5941,697.3802,679.986,672.3492,686.4333,693.8051,696.6176,699.0583,697.2516,688.4875
690.8134,706.7505,723.0944,719.1019,720.292,734.0206,716.9141,736.8447,734.4819,730.8234,727.3632,732.316,739.8824,743.0984,740.4103,741.7329,741.5792,738.2806,723.6667,720.7791,717.3479,710.5721,706.2505,714.6538,674.2715,717.9547,717.449,717.0123,719.073,716.8013,714.6201,731.3588,734.2866,736.4398,719.7132,695.1935,713.3657,715.2895,714.3962,735.4514,675.7219,706.7755,698.5702,697.108,724.3232,725.8972,712.8934,712.9561,718.5886,711.3318,715.8618,574.6714,642.0653,726.7418,729.7205,735.1163,734.6791,716.1614,714.5921,711.2764,703.6458,703.7771,702.3654,695.0433,683.5062,686.0931,700.4749,720.6573,722.3618,717.9471,713.5859,713.6306,713.6801,718.3849,718.1154,713.5444,731.4286,744.2733,730.0745,725.3716,710.5175,718.0443,741.9336,724.2477,690.7275,584.1384,716.4752,730.6903,720.5698,728.3822,689.5754,720.8998,701.0317,713.3386,702.0308,690.398,705.2881,699.0818,676.6006,697.5495,688.5594,695.373,705.067,688.7034,692.9594,707.2466,682.501,684.7728,713.7159,706.3544,699.5214,697.5311,700.0647,704.6431,700.8636,707.8804,645.2886,669.3569,684.2484,692.533,680.471,678.4544,695.4064,691.7612,693.455,696.691,693.8295,693.3545
660.7159,673.1219,701.7353,714.2556,720.3019,716.7262,708.3757,734.8404,737.8597,739.3345,732.022,715.4237,717.7983,741.113,743.2177,743.6693,736.9843,729.5643,722.3145,731.5079,733.098,694.4213,705.6216,709.2374,699.4373,719.4011,712.0072,705.6117,735.6707,734.2919,725.5427,733.6501,717.1826,707.2982,701.5599,712.2513,723.4736,719.6221,713.7769,721.7691,663.4847,690.8197,714.7761,708.4648,726.3972,719.3287,713.4002,722.0978,734.7463,713.312,697.0166,562.1694,625.076,710.534,716.2928,718.6099,719.9496,702.8059,706.6766,707.86,690.5766,693.9693,696.0844,683.1937,679.7162,689.132,701.1143,706.0701,693.3406,694.0143,706.8096,700.8606,712.3546,718.2672,716.2566,703.0052,708.635,707.1772,705.3375,699.7358,698.2862,702.0771,715.7293,702.9359,674.9127,577.0543,710.0467,709.6564,709.5552,711.5891,690.8674,695.467,680.7538,681.5776,681.0232,680.4498,692.3821,686.1788,690.5788,712.7194,693.5294,698.613,707.9437,697.0099,705.8879,703.1573,674.3605,663.417,673.5621,709.8868,710.8994,698.7292,708.7285,727.8566,697.4684,694.5782,648.7056,681.8771,678.3099,691.5574,683.389,677.5442,695.5178,688.2897,700.7778,698.2399,686.2427,699.9183
616.7675,630.6523,664.0645,690.3331,704.3242,712.775,714.0718,713.9783,713.3692,712.0521,706.4445,702.0352,717.8618,729.2948,723.902,722.9728,705.6433,694.701,710.3449,719.7183,722.2313,689.4518,708.4412,714.5945,705.2405,707.0809,704.1944,701.1879,694.0904,718.479,723.828,712.5642,700.1038,676.9895,660.1411,705.144,731.1371,710.4227,683.8577,700.8768,684.5479,702.3811,705.674,699.687,703.0194,690.2743,702.3774,708.0929,707.1246,707.2775,696.988,548.6237,622.901,711.7493,708.8904,703.7178,700.2943,686.6224,689.5216,691.7483,680.9602,681.7745,681.7788,679.2051,678.8748,675.21,685.3227,702.9965,694.7796,686.3763,697.4012,698.7009,697.8138,704.6931,704.7361,697.1567,710.5355,708.0707,693.8821,708.3718,701.3975,712.9934,719.1253,714.253,695.6381,609.9015,704.4332,711.1841,699.6816,694.6832,692.5309,677.8091,690.2161,682.937,677.9161,672.9263,687.4276,695.8081,692.1428,696.2562,695.1157,697.3823,700.247,692.5652,711.8062,715.1612,660.7664,648.6111,651.8149,700.8958,709.871,706.5324,713.5138,723.5255,690.6555,692.537,658.1348,682.4374,678.209,692.3427,683.5737,670.9852,687.6062,691.9487,703.2667,700.0811,686.103,692.7761
616.5856,634.178,668.881,700.8698,720.1241,709.0347,695.1009,695.2209,706.6584,712.2673,706.7191,706.3574,712.9462,721.4761,711.7512,704.9354,697.034,692.5214,701.8301,706.4263,707.2149,688.4989,699.259,702.9834,688.0108,694.217,698.2311,701.9781,696.1661,717.1049,704.5887,627.4271,571.398,550.8021,588.3818,696.4862,708.8551,698.9431,687.5979,698.6778,715.1791,707.5577,712.1373,707.2781,705.5295,697.4039,698.0084,702.3302,706.519,696.4702,680.1566,538.4534,610.1349,694.162,687.0197,675.9855,685.5411,692.5274,684.5029,689.0737,689.8045,683.061,679.4929,667.4641,660.0886,663.498,685.9442,707.0162,688.3218,691.0013,705.0396,687.8617,686.9451,693.2198,693.8506,686.2901,694.1041,697.7937,689.0065,691.298,670.7539,681.6713,701.9727,699.5194,689.3471,640.8301,691.0439,711.4288,687.9254,676.3415,680.6118,679.2728,696.4642,670.5565,663.9683,657.646,667.8209,681.2585,687.8495,694.1605,702.3121,704.8099,706.4639,694.4092,721.9779,726.0646,655.7574,656.2822,683.8429,695.8473,692.66,707.7878,712.1958,708.1957,687.9554,698.4443,668.5957,673.5449,675.5952,694.3745,707.243,682.9653,677.3979,693.1326,693.3424,688.7214,692.7388,705.0495
648.0106,665.9509,695.402,701.9313,731.9293,727.1465,710.6688,708.8025,717.6994,720.1568,709.0075,698.7423,693.8459,700.444,699.7671,712.6815,710.7029,707.1063,699.2227,704.8442,707.017,691.1769,698.6103,692.5789,678.7594,697.7382,694.7522,692.0005,698.0696,721.8914,687.166,575.4413,490.177,470.0848,559.6615,676.4235,708.6608,704.4357,696.6526,703.233,780.1886,722.9245,721.6685,721.3036,733.1258,710.4067,706.3875,710.8608,714.2856,710.3047,703.6943,579.5797,639.6578,714.8083,702.1169,679.5988,698.0909,713.8032,687.1679,692.8256,711.4119,704.6906,694.778,669.36,658.4924,680.4057,706.8159,725.887,716.0453,707.8201,712.8809,703.1489,708.3965,708.3824,709.6421,703.8177,683.7952,693.2416,684.8622,684.7526,663.0667,668.6719,692.6541,687.9028,680.149,658.2877,677.5117,657.675,676.9825,672.3021,683.2417,678.9624,697.8472,671.691,662.5922,653.7283,675.4447,711.4289,690.2559,693.8953,697.2394,701.061,705.0105,696.7755,707.4805,709.492,674.6963,658.2842,675.6768,707.1242,705.557,704.9272,692.0546,671.5024,668.2023,686.469,667.6179,670.6796,668.2812,694.7347,724.8862,692.0322,666.6257,674.0062,683.0257,689.4052,689.8338,697.1359
641.9603,681.9771,708.6548,706.0745,736.6924,720.2999,695.2081,702.8063,709.1031,712.4801,706.3131,691.956,677.973,672.2045,678.9841,699.1383,695.6446,692.979,694.0847,695.9543,696.7184,693.0331,704.0533,692.4156,684.9193,697.2355,688.9155,681.3512,701.6951,727.8937,672.6277,532.7766,478.3107,489.1635,579.889,680.996,728.5579,713.8706,691.7023,713.5079,774.5778,719.4832,701.9678,693.9393,714.0409,715.1686,714.2808,711.5764,707.2134,715.6585,724.4882,653.7243,686.1999,721.7772,708.7797,693.9351,712.5225,717.8354,670.8494,674.9098,699.655,709.6106,717.3821,685.5747,671.8878,695.6556,717.2653,729.8193,722.1385,705.7766,701.8243,700.1367,709.2958,708.1913,701.7574,695.1355,717.1152,716.3277,698.2081,696.0483,680.296,682.9518,695.3181,690.1439,684.0743,673.0306,657.7524,553.325,667.1566,676.8854,667.5495,687.9575,693.0053,683.4199,671.6779,659.9061,689.2289,705.9655,673.1124,699.0873,692.652,695.5942,700.5707,690.1485,713.2573,721.1595,688.8231,673.3588,680.1245,712.42,701.0683,708.5048,681.7968,633.8694,650.9944,690.3477,692.2576,657.5024,668.0081,704.2199,722.4781,698.799,679.9078,688.9492,688.0598,690.1034,701.2964,704.5663
660.0408,696.9218,700.0854,686.0481,711.787,695.2394,683.5017,703.8058,704.9572,706.52,703.6346,688.4542,679.3271,685.7217,689.594,680.1794,679.1042,680.0974,684.676,662.7682,647.5005,672.7162,690.3652,695.0056,695.5657,701.896,688.179,675.61,705.1635,717.9898,701.6938,562.1559,554.6712,519.045,583.6796,692.9138,708.5915,697.9537,685.2712,708.0902,746.3301,711.6348,691.2697,693.11,704.3036,679.5685,679.9684,678.3368,670.8406,681.7064,686.4272,700.1232,694.8534,691.7237,678.8526,653.1829,676.5148,696.2782,662.9915,663.8805,679.3967,681.6957,690.288,679.6415,673.0723,681.9363,692.0468,703.0107,707.1567,696.7527,684.6805,686.6859,688.2828,692.437,685.8331,671.5903,698.5033,695.1289,673.943,666.3229,662.0252,665.1406,676.9929,676.1129,676.1295,679.4233,644.9052,486.587,662.4763,676.5176,659.7099,687.0299,686.5164,673.1765,668.0649,663.0666,668.5652,681.5921,677.3506,702.5189,701.7659,698.5921,695.5852,667.6025,694.1519,706.4572,680.2076,670.5695,682.8112,696.3787,690.036,694.7624,658.9683,602.5694,637.0953,690.3643,699.7246,667.2795,669.3951,700.5248,699.2955,694.6961,693.1205,681.0936,674.0764,680.7746,695.4488,693.7783
685.4518,693.0844,682.6504,671.4238,691.7477,693.1375,684.9407,701.0099,702.0418,704.0181,707.6989,701.7452,686.9009,702.4332,699.3435,700.8731,701.8518,698.3309,676.9933,664.517,656.3539,674.0173,682.8974,680.9927,694.6172,695.7934,674.9711,655.6064,689.649,695.4863,734.5543,639.7543,643.3615,641.8953,682.5688,747.0444,713.8002,690.8094,670.686,706.591,721.2617,683.5997,677.7635,682.2306,691.7552,667.6547,675.053,675.1761,666.6599,680.6014,678.927,732.538,709.8136,678.4091,669.246,653.9711,673.4398,686.3511,669.55,662.386,661.71,633.2195,642.4858,681.2751,679.2682,676.6954,683.0628,695.4347,698.3397,685.6036,667.9218,680.7694,677.211,677.0708,671.422,664.3579,684.2752,686.3995,683.0162,695.992,688.7807,689.1653,693.11,692.837,696.509,717.2566,647.5522,443.1572,666.1891,676.4508,657.5049,680.5071,671.0765,665.7233,662.5092,659.3245,656.2419,654.2902,681.452,689.0915,680.3234,678.4893,677.9009,668.4321,692.5259,701.938,694.7057,632.3226,661.2015,694.9681,687.5543,690.6243,658.4084,607.1332,637.9059,685.3268,698.4526,676.8989,666.7289,696.5545,686.3916,685.2899,694.7802,677.8224,651.2702,659.5542,695.5748,689.5723
