0,1,2,3,4,5,6,7,8,9,10,11,12,13,14,15,16,17,18,19,20,21,22,23,24,25,26,27,28,29,30,31,32,33,34,35,36,37,38,39,40,41,42,43,44,45,46,47,48,49,50,51,52,53,54,55,56,57,58,59,60,61,62,63,64,65,66,67,68,69,70,71,72,73,74,75,76,77,78,79,80,81,82,83,84,85,86,87,88,89,90,91,92,93,94,95,96,97,98,99,100,101,102,103,104,105,106,107,108,109,110,111,112,113,114,115,116,117,118,119,120,121,122,123,124,125,126,127
585.7582,596.6403,591.0815,562.0102,561.8247,586.2733,558.6278,526.3112,538.8852,519.9473,515.85,535.4261,539.1658,567.1486,579.6258,582.9388,569.3474,563.9277,561.484,560.8586,578.9479,584.2986,547.8893,321.0966,340.7586,278.9997,479.7615,507.2046,516.7855,546.2552,531.3961,529.9335,518.7338,523.1163,525.5114,525.1835,516.8204,522.1628,536.0068,533.5405,528.915,482.2387,420.7185,436.4566,490.0121,526.3473,529.2128,469.6994,364.1093,265.4374,261.46,319.5048,346.9408,377.0224,419.4505,414.3783,427.5519,512.8282,589.6616,587.7723,595.1306,600.6147,604.4108,581.7011,578.9302,587.9432,588.6664,590.9974,585.3242,590.2676,575.2819,557.626,482.9265,414.5136,396.3685,410.6032,394.6819,278.7289,216.6664,191.1195,248.0883,351.7484,470.7345,567.6213,602.9922,615.1025,608.5439,573.0725,493.6279,434.686,472.5934,518.8801,469.1744,313.2801,336.0647,300.4637,293.4417,352.27,441.4964,486.0692,509.5279,420.4524,364.935,366.4728,251.1286,257.9236,265.9482,451.2759,561.9285,321.9499,340.0217,314.3463,390.1318,285.563,339.8583,432.203,443.9905,433.9108,452.5247,428.136,369.8393,260.2538,242.9148,275.1142,402.41,490.1178,492.226,511.5684
599.2917,607.4584,595.2618,574.178,570.3649,586.2997,582.5106,558.8585,550.6447,525.8943,515.6345,535.1634,551.4163,576.061,581.8013,582.3,578.1333,564.4521,559.9949,554.4851,542.2153,595.5397,553.3333,327.0111,343.4828,284.6164,451.9882,488.1018,510.5172,534.4492,530.8163,528.5313,512.9685,518.5234,522.71,523.8085,516.6994,517.201,523.2368,525.42,525.9409,497.7532,446.6129,455.9363,503.2339,532.4296,538.3125,488.111,376.2451,274.173,268.72,306.222,336.7131,339.2077,384.86,419.9919,461.2534,530.321,602.7189,595.2863,598.51,606.4547,612.2309,583.9597,581.336,593.3488,590.8041,593.9253,593.8221,587.5701,578.5424,569.2347,520.5298,495.2088,468.4345,472.2582,452.3502,344.4258,330.5486,322.5428,353.8877,420.8462,511.4935,581.0166,602.6325,597.9186,585.1745,548.5051,460.4641,381.9686,355.906,427.4796,506.7896,363.1085,365.4098,367.2374,345.9373,398.3191,531.0701,509.1705,490.4983,481.3078,419.9062,389.4991,347.2632,319.2349,292.643,473.1692,610.767,376.0938,346.9049,386.4482,610.2946,487.0058,410.171,448.3796,435.1219,401.9875,400.8365,350.8805,325.1615,309.0948,288.8121,351.5544,571.4744,644.5269,549.2274,505.6049
606.2456,606.528,601.0627,582.2371,574.7931,563.0377,554.1052,577.3814,558.5012,555.3911,558.0319,563.9648,557.402,581.3223,585.9158,588.1956,586.0483,574.4938,562.0647,550.1833,547.7636,597.7693,566.4909,338.7796,342.0352,263.1317,458.5379,492.1041,508.8114,535.7461,510.5119,518.9791,524.1427,517.6059,515.6022,516.028,522.23,525.4512,525.9487,524.4694,532.5828,503.5685,447.5344,459.9625,510.3212,540.7722,544.1773,490.788,381.4564,290.6204,286.277,299.2618,334.1572,357.6318,471.4866,472.8405,476.7388,511.0552,618.0927,611.0243,586.0476,597.8322,607.6591,586.7405,588.7288,598.0981,594.0941,593.4679,583.2283,584.0345,585.4238,586.743,580.8209,579.8975,542.1315,527.0381,536.087,532.3171,485.97,473.4165,498.0998,529.7156,564.358,599.1018,604.5098,569.0737,556.2209,537.8036,412.6104,296.8796,289.3111,319.886,453.255,548.8422,450.4654,446.1249,487.85,566.5023,609.7433,581.2435,552.5184,530.036,547.1738,472.3385,407.1191,358.8111,311.8457,458.4822,490.8526,454.1718,439.2011,428.955,474.9333,573.9851,537.2803,468.9352,385.725,298.7065,397.2461,391.1494,408.2931,359.4243,322.3785,313.4348,455.3462,525.5186,458.0875,439.2136
596.7961,592.0132,582.6208,580.6114,583.5874,572.9802,573.4444,600.361,585.9261,579.6393,573.5167,562.8799,553.3817,575.7654,573.2888,573.4762,579.7703,579.2405,573.1907,566.0237,550.7076,591.4238,566.9377,338.7483,330.92,259.2605,462.4532,493.154,505.9989,530.2332,518.5688,520.2185,516.3562,518.5975,519.7968,519.7195,521.5722,518.4141,512.3665,516.2205,526.5101,502.9999,457.015,471.7338,519.4432,546.9529,550.8538,499.3871,385.7711,290.0183,291.5494,310.4808,354.7514,424.1758,519.6193,474.6014,444.7174,490.2083,597.1057,615.5384,573.1895,582.811,590.6503,570.9,583.1663,585.6945,580.7574,579.4064,566.1995,574.1716,575.6835,576.1036,577.2407,552.1316,535.496,549.9884,559.9519,611.8895,623.8659,609.7338,606.804,610.1209,581.1592,545.2271,559.687,539.5581,532.5689,572.9355,450.3871,294.3006,313.0193,326.5871,418.7619,547.4435,456.6987,459.0362,464.6718,533.9484,594.5226,545.3178,501.4452,493.2318,524.0345,516.6652,404.3317,401.0521,398.3404,477.5109,439.7658,407.2152,549.454,548.3512,462.9283,470.5401,420.3188,286.2269,227.494,193.5469,387.0821,411.7902,430.0993,393.0032,324.1611,383.0626,473.8622,466.3051,405.5847,400.0007
592.9019,580.9107,574.9636,576.0712,575.0171,575.613,570.7958,583.3587,584.2466,557.4671,541.6926,543.2397,541.5127,578.1741,582.4719,576.908,570.934,568.2529,574.2847,579.3141,575.3752,596.3129,561.8369,343.5004,331.7963,252.8113,477.4122,507.9593,518.4542,529.1565,512.8088,509.0319,520.3901,521.9275,519.2776,516.5148,520.9236,522.0141,519.9114,525.4689,537.994,501.2153,445.107,468.4683,525.3281,557.197,548.7104,488.3386,386.9629,286.1937,292.6454,316.9627,374.9625,510.0027,542.7318,497.0609,465.5001,501.3554,587.118,618.7883,580.1915,584.7692,587.8175,567.4672,582.5109,589.8389,583.2,577.3975,562.8895,579.738,566.1707,548.3447,459.7357,462.8058,505.817,562.0508,572.6779,559.0014,604.7706,616.6694,603.9452,594.6385,529.4517,482.3956,467.6959,451.9602,476.4658,503.7052,448.6552,376.8273,362.2369,351.5159,341.6957,334.1083,408.4999,539.7621,499.5993,532.231,589.7648,564.814,541.7946,537.5688,585.2333,601.3578,557.945,531.5406,505.4831,529.4413,373.1893,282.8043,464.6234,547.7625,459.5378,403.0159,288.0701,253.411,240.2477,227.0176,379.7188,450.1769,430.0548,417.956,430.1892,498.5462,476.9449,410.4843,373.4901,368.4875
583.7617,569.7269,567.255,577.1002,581.0476,555.1412,518.5879,544.4971,573.7256,563.8452,548.0856,525.3344,531.079,564.4611,570.5385,568.5178,562.3331,569.5093,570.0049,569.2686,558.3155,590.3329,554.1456,358.4688,341.2232,234.9156,458.398,498.3529,519.0765,529.1224,514.5179,507.7782,510.8211,518.5425,522.8073,525.5813,526.3242,523.4055,519.1224,523.8519,531.6733,493.54,435.1763,457.7193,512.6197,535.678,522.1946,470.054,380.4186,282.5698,294.0697,322.6948,385.6228,508.3783,542.7867,494.2425,464.2609,515.8018,600.9134,625.0161,603.5491,594.0276,584.761,580.2838,595.0024,593.4482,581.0031,579.5858,568.4194,584.5665,554.5349,518.2901,423.6094,432.2299,489.8926,576.38,594.3717,564.7357,573.175,596.8205,598.9322,590.6027,508.4314,476.371,449.0259,457.81,499.8416,507.5226,490.8634,431.2274,394.7987,383.7379,391.6187,350.5821,381.0147,560.4078,600.1742,562.2046,565.1861,568.6248,566.1975,538.7703,555.0717,528.272,556.9988,553.4005,549.5824,514.0823,309.7597,282.2074,403.812,472.9943,442.6711,395.7,185.1194,201.948,241.2157,270.208,376.6546,459.1618,437.7852,395.5428,413.48,496.1067,486.8229,427.8067,391.1159,375.0912
593.2489,570.3805,570.552,580.1875,562.0426,508.0993,459.3019,519.4034,564.3624,582.9395,577.7507,538.3004,549.5418,562.8119,574.3228,564.3111,565.2063,561.2791,562.3618,562.3632,552.408,566.6046,564.1862,365.283,342.9617,238.3761,450.1459,489.785,511.3443,520.0491,511.5266,504.6646,510.6426,518.9501,520.3423,519.4252,517.6405,514.3941,510.6153,521.5767,530.7226,481.9009,417.0226,438.2966,493.8917,521.5597,510.6917,454.1606,363.4816,275.2404,284.2259,308.8149,374.7667,479.1258,519.905,481.6783,462.406,522.4012,600.194,624.3021,603.8034,596.3227,588.4939,575.8475,585.5549,582.2004,575.0486,581.5665,565.7476,580.0917,539.2028,490.9043,429.4261,391.3195,444.1869,562.7759,582.2224,582.5566,585.0708,582.0677,585.8831,594.2952,539.3909,474.5403,476.9213,502.6101,511.2983,529.1252,528.7039,468.241,385.7444,319.2842,307.0467,331.3723,350.4741,443.9436,550.9446,559.0139,540.7349,520.9505,505.4046,516.4907,542.5491,504.2625,432.5391,450.3881,468.3162,497.6588,356.1292,319.5414,290.9417,407.5217,420.8321,401.7326,176.4862,140.9216,198.8137,267.5509,427.8703,512.1903,476.8133,408.4023,412.7368,488.1712,508.7847,467.6165,418.2911,410.7533
599.6357,579.7252,573.3032,579.8577,554.678,501.4095,486.2026,521.0341,545.9136,575.2719,581.9279,549.1249,549.6985,556.6405,560.9717,559.6313,554.3157,574.498,581.033,586.9816,581.7508,506.2278,563.5096,327.8356,337.9254,238.4478,457.5258,491.8266,506.8428,530.485,511.7542,502.1661,516.1476,517.522,518.9274,522.2026,527.5223,521.2041,508.7044,520.6277,529.347,484.5651,421.673,438.1997,492.3974,521.3207,512.8807,448.9451,349.5836,276.2664,291.9085,306.4533,379.8467,469.2816,441.7668,406.1786,397.8325,495.815,584.2267,599.771,600.375,586.9564,573.733,563.925,561.699,553.1855,548.3213,568.9923,559.9494,581.8419,541.4532,492.7431,454.3382,438.4639,461.9297,546.6625,570.2357,578.6649,537.2487,506.0081,529.4207,573.6469,578.3776,519.8094,501.4612,503.0851,490.9472,499.3122,510.7711,471.7251,358.9545,282.965,283.6967,316.2521,368.896,455.6395,530.8616,533.0944,541.9934,535.4713,520.1717,468.9671,493.7903,450.2628,406.174,399.4561,393.384,480.4185,410.8146,355.4303,335.7422,439.3159,451.5861,446.5417,296.8131,185.3015,197.2567,238.4733,366.1506,446.6624,526.535,448.1008,431.0745,511.8405,530.6255,492.9774,449.7075,460.1629
604.3325,592.6873,588.846,592.7604,554.4825,525.4033,536.4735,536.0897,549.1578,564.616,572.0552,558.9487,550.8502,568.5952,567.4957,567.7099,567.8859,586.0968,589.8635,594.3992,599.5072,493.1014,545.0199,291.2751,329.1741,252.0165,451.9607,480.6336,491.5392,522.4619,513.2097,514.2751,519.0978,516.4749,520.4682,527.5164,522.5786,512.0135,501.2766,516.2607,529.537,494.4917,437.0507,451.6046,503.1962,529.7687,518.1525,453.0978,352.3304,277.3237,297.6938,304.6803,373.1027,460.7814,381.5252,338.6833,330.6928,456.389,561.9917,588.2264,588.493,573.9359,559.7948,552.215,540.5963,531.3636,527.3165,545.137,556.5648,581.9334,563.6646,539.6725,464.1682,484.349,503.8553,540.53,567.0065,575.202,500.1432,483.9584,513.3052,541.9351,547.4309,514.7311,457.0092,468.8846,478.0059,472.6959,522.3805,485.9413,352.3092,258.0382,288.8734,401.1291,475.8378,551.3217,503.5459,495.7578,512.137,521.812,523.6354,483.1008,450.7529,430.7244,351.933,369.6427,387.7939,469.6201,490.216,419.111,394.4945,454.2295,479.0881,520.4293,487.2404,324.9718,311.2857,345.0315,446.3926,517.7995,557.2648,506.9106,443.4086,442.7482,464.6619,461.4287,442.2369,427.7037
596.4698,592.7521,590.0333,562.554,522.0771,541.4251,578.3496,552.351,554.1762,566.2791,567.2516,551.6558,560.2417,570.4598,568.5163,567.2856,565.6094,584.4571,599.4608,611.9778,593.8251,517.8068,565.3138,303.4911,331.6843,250.3461,438.2235,481.1454,508.8149,530.3831,513.0765,515.7231,507.0655,514.0438,519.5911,522.5298,504.8104,498.0864,501.2688,522.6737,531.6927,498.146,446.5692,463.5983,512.5139,532.0417,520.4718,458.1531,356.8363,286.3647,310.5565,322.5134,360.8534,399.2293,378.4579,385.6128,410.1531,501.4021,580.1545,602.4744,591.6588,569.6075,548.0318,534.6443,536.27,545.5076,542.5634,529.1935,542.6979,566.4854,572.8765,576.9531,560.747,529.9724,537.2285,551.7064,576.2979,571.2545,481.3714,477.2037,508.9121,527.9456,535.9309,506.929,451.5424,456.9516,497.0471,496.1461,527.7797,517.806,365.5414,249.075,258.0937,361.6341,422.8842,503.5381,528.2387,509.8901,509.3411,523.7521,531.7647,503.5815,476.3585,498.9844,384.4093,400.9027,417.616,466.0248,514.2606,463.6171,460.8785,546.6613,496.3257,523.6437,561.9062,466.7704,438.4391,436.5616,430.73,474.6614,487.8268,482.2621,450.3258,421.6876,431.3791,429.6748,405.3906,376.4327
589.2564,587.5174,587.2278,548.8464,506.247,542.902,570.9738,554.7954,561.6351,558.2256,554.7594,555.2383,566.8464,578.9016,584.0709,582.6467,579.0793,580.735,581.2324,582.0898,580.2711,486.2492,601.7189,371.3585,341.0242,201.5804,441.6798,486.8529,511.4181,536.0486,508.3864,506.7151,501.8174,511.9709,513.6774,510.5795,497.5336,497.8975,507.0324,522.1557,528.8257,505.2511,458.2805,473.3271,519.2664,534.1821,521.961,463.8397,366.3884,296.5637,302.1704,296.1066,374.3107,459.7587,478.1278,464.0695,472.3376,559.351,603.6144,604.8837,591.789,569.4406,547.7393,537.7061,562.6956,568.5738,551.5246,534.0239,546.1659,554.1001,560.139,566.0137,581.2648,580.8409,568.6504,575.4785,585.0573,567.0383,461.1869,447.9585,495.9704,542.7652,577.8668,551.452,505.089,521.7628,549.9622,521.7921,519.2379,503.7773,379.8388,282.9346,302.8378,360.1036,281.1183,365.2196,469.3791,503.8635,527.3375,539.949,542.2162,489.6865,454.1863,431.7881,351.2161,399.2221,446.854,440.5388,469.7595,451.8968,399.9815,417.7584,425.2726,472.7656,556.3511,448.4701,402.9106,386.6719,401.026,418.262,423.9846,451.6925,465.0701,424.2914,405.6741,405.2784,394.2886,356.7962
620.1182,603.6016,592.0253,581.4441,575.8406,575.173,578.5316,572.1326,562.8355,559.4855,554.304,550.3811,560.0767,568.9332,576.102,577.4944,574.3334,574.0823,576.5919,579.1603,573.5392,444.2338,623.4128,429.8863,348.5299,233.9506,454.5652,487.9931,501.8272,533.2808,510.3827,500.6572,504.15,514.7153,511.5299,503.0671,497.9256,503.5588,513.7828,523.2806,532.0256,504.4168,459.5717,482.1255,524.5913,532.7167,525.656,477.6972,377.2709,305.2948,310.3523,301.6342,353.619,403.7291,464.219,446.3847,441.0732,475.138,472.8649,497.843,518.0009,517.2949,516.5812,516.9025,550.043,564.1927,544.7891,527.7676,524.119,526.6227,532.5993,538.9528,535.765,552.7184,563.5421,547.827,555.0822,529.3276,473.4388,476.4521,508.3327,538.3361,578.6747,584.4003,541.1897,494.7014,447.8142,417.3764,457.7293,461.6868,348.1917,244.8649,271.0153,358.7217,224.4594,292.9789,387.7296,506.1182,525.3357,527.8113,526.7109,502.5866,451.6322,366.6191,331.5668,374.8234,418.0894,462.7167,451.8043,440.6888,388.8451,335.2564,357.9821,436.4865,487.7242,404.1775,361.2569,337.4123,285.2101,342.5329,419.302,457.2974,458.6382,449.603,436.6897,423.4013,412.8318,368.5365
583.4366,594.1309,587.9307,586.0187,593.9833,588.3236,581.8937,575.9684,561.5382,565.7332,564.034,551.4333,549.726,563.5625,578.7134,569.6588,567.6085,565.6161,568.1264,570.6235,566.8049,476.7438,612.0153,431.9552,346.799,234.7904,447.2208,481.3405,496.7651,527.2696,509.7986,495.6911,505.1881,511.37,508.4798,503.3698,502.5121,508.179,516.1393,519.9906,524.5236,501.4978,456.0411,475.4085,520.5925,532.1539,526.3065,477.8407,382.2249,303.3956,303.3621,316.9087,317.3967,320.2777,416.7063,419.3639,428.9613,458.1897,457.2501,472.8652,497.5187,498.8491,501.2504,520.6213,531.8266,549.8116,558.4534,537.6017,527.4516,538.1163,542.5142,545.8694,539.4036,538.5406,545.8238,552.1558,550.6907,518.9726,453.409,443.867,465.8008,486.8731,519.3401,563.3882,552.2349,505.8339,457.6113,411.144,466.3341,521.2403,434.3146,339.607,295.5978,297.2469,218.5784,310.1514,420.8623,536.8242,557.2527,549.6564,533.1124,476.0426,476.2895,456.9714,399.1736,434.7528,470.2809,498.4525,475.5845,441.7501,426.7697,351.3349,401.5695,413.8331,484.4698,360.5005,308.1723,288.3607,226.3499,299.2061,396.6182,451.5246,452.7964,474.4092,480.8647,457.0428,432.2832,404.1553
515.9949,562.6904,575.5461,543.3003,542.1863,572.2654,572.9605,573.9291,561.2735,564.1506,565.7084,562.5847,561.739,578.7286,586.9625,577.5889,569.6831,563.1008,563.8508,566.2289,582.7424,552.174,606.1404,441.3025,340.2527,215.4591,428.2017,473.5294,501.1037,535.1269,516.171,500.5685,503.8103,504.506,502.9828,501.393,497.5378,504.8034,518.0435,516.8194,518.4522,502.4009,453.9743,463.3665,509.5315,529.6404,530.3818,478.84,383.7946,309.104,297.9127,321.3342,328.6132,337.3202,438.9855,447.8733,458.169,470.2366,469.199,490.2189,525.1049,530.092,535.3057,543.7617,540.5064,536.0721,551.1083,539.7401,536.1517,547.265,545.4267,541.7691,535.9995,536.5958,545.3137,556.1828,564.5734,543.8205,501.4642,469.4441,452.4133,439.5616,426.9976,492.7961,544.0055,555.6753,521.4731,471.1506,525.6553,581.4091,558.5642,511.4241,430.2101,354.2153,307.9332,373.8491,464.6022,544.8004,558.1398,569.8477,566.9529,494.1906,493.7471,501.772,516.0807,503.6293,491.2716,492.4271,566.0654,543.7142,449.1812,351.7002,359.8745,378.1808,520.8467,422.6801,372.6656,352.4312,347.3523,420.8599,505.1788,515.7494,478.0002,510.1796,529.6734,504.8801,478.8666,440.028
502.9528,553.8,571.9773,547.9689,545.9388,563.2961,559.7507,566.1686,567.543,569.8807,568.2097,561.4359,565.9844,571.128,567.8237,563.9954,559.8198,559.7582,561.5143,564.9845,584.6949,572.832,574.0507,443.1835,344.2273,207.9389,430.003,477.6254,506.7058,537.1587,525.6856,512.0032,504.1271,505.2807,506.6869,507.3596,501.636,508.3568,522.6018,520.7186,517.8768,501.0184,448.791,446.1832,488.2527,514.3105,521.567,467.2573,364.4925,309.369,312.1404,312.5258,351.4568,410.4907,507.912,531.7772,554.8638,572.2042,578.6258,592.7466,603.4203,595.1643,585.927,562.7736,593.0087,565.3238,569.6227,567.7415,565.4833,581.0308,574.1507,564.2011,544.4725,546.4694,555.7221,566.8805,578.9592,582.756,574.9924,549.7197,506.39,456.8629,440.9318,480.7508,540.9595,599.1783,583.4044,537.209,557.8625,591.4946,617.6741,607.9252,573.4247,569.1116,516.0934,543.9716,607.1089,608.9587,598.3538,613.1182,615.7069,552.1486,507.1102,561.4659,558.7499,523.524,488.8197,529.3207,569.3087,561.7758,456.0932,400.0449,390.9674,464.5653,525.689,472.899,458.8705,462.2169,502.8776,507.3238,551.3731,490.6218,418.237,500.6106,560.493,507.3321,420.549,341.0024
519.9253,561.4058,576.0784,575.8611,573.1205,567.0843,566.3464,564.7951,566.3582,568.5757,563.821,551.3029,557.4468,557.4543,556.8072,556.7479,551.5271,554.7292,560.2575,566.5034,579.019,569.6212,550.2391,427.4171,342.6567,196.5659,432.1207,487.3911,523.4241,532.4763,521.5504,514.766,514.3607,510.7046,509.043,508.5422,502.3432,510.1869,526.1909,523.4142,518.559,499.8347,447.3442,436.1803,471.5139,501.5928,513.0217,462.3595,356.2376,304.3164,306.2174,283.5937,371.8917,476.76,581.3021,606.8436,630.5504,641.3442,626.118,614.7983,616.498,600.3935,583.7593,559.2455,553.3702,547.9763,565.0021,564.4225,558.8521,588.6103,575.1283,555.7129,536.6175,548.0167,555.0266,564.1956,577.4782,582.9364,580.4409,581.8849,536.8062,464.215,464.6623,495.1841,519.7165,553.8027,563.0431,550.3718,537.2154,535.5152,560.1356,577.5964,607.0638,639.6227,594.1108,576.2626,573.1284,553.6741,546.7496,568.4025,582.1652,547.6792,493.9848,546.0725,535.5794,497.3768,459.1554,418.222,423.6921,508.6151,446.6972,423.4583,393.4517,500.5672,489.9717,469.8946,513.6971,573.6689,589.7635,577.0723,590.1223,466.6675,343.2499,423.3822,539.4738,508.5302,399.2415,344.9287
605.8577,591.2643,589.7798,582.9964,572.9166,575.7677,575.0978,567.7466,562.1636,569.9478,569.1686,548.8645,535.7988,547.33,564.0674,560.7762,556.6089,556.3675,565.4156,574.2208,580.1812,581.7024,564.8987,436.1713,343.7287,191.2776,429.8956,490.3818,531.7751,519.2148,506.863,506.2715,510.3461,512.73,511.4821,509.2213,502.0186,508.9106,523.8246,524.277,522.1899,504.521,456.9536,440.782,468.0457,498.7938,509.2344,462.4707,363.6493,312.4271,320.7743,296.0179,385.5055,521.7606,579.1486,593.5458,606.5987,608.856,588.4936,583.5797,582.9805,574.3653,564.8251,541.4943,549.7975,550.2763,531.0342,540.7419,543.5789,559.195,549.1928,535.7709,523.4815,536.7487,548.91,546.1017,558.3472,546.473,562.2208,591.8885,555.5403,483.5579,475.7527,507.7073,527.0202,548.6717,570.5591,571.5953,557.3514,542.3747,530.5049,524.8641,544.5049,565.1283,529.5749,515.7252,548.1905,539.1514,546.1006,569.7279,585.8752,564.0993,563.835,557.9795,550.9976,499.127,446.6173,301.9542,379.7157,538.9537,503.5897,467.8152,450.0858,504.2105,501.5816,456.631,507.6684,586.5405,543.0227,460.808,491.0544,458.7088,323.3874,310.4873,428.7737,434.1496,332.8222,300.7624
568.8899,567.8356,573.3553,569.9785,569.0058,578.0206,574.7363,582.913,586.5375,584.9835,579.6957,564.3091,553.8302,569.6879,581.3405,576.7416,577.7188,567.525,578.0813,588.7242,601.2032,626.5123,619.7474,485.9994,341.9501,188.1442,425.5296,485.8981,527.2893,509.5091,498.8761,501.6036,501.0641,507.9345,507.1524,502.7968,493.208,501.7949,520.4789,523.9214,528.8464,513.47,465.7817,453.6952,482.4348,510.7521,515.6353,471.9597,378.3084,309.5912,298.1854,272.8229,389.1368,499.1581,508.7607,521.1161,533.7972,548.4097,566.4519,585.4711,595.5438,593.6983,591.5964,584.8422,563.5566,572.3015,558.2605,556.7758,561.883,580.6225,576.075,568.4053,537.6131,554.8041,562.6255,570.6688,575.624,555.6058,552.7386,556.4991,547.8265,533.6654,510.9404,530.5093,561.013,579.3213,590.1769,602.5162,610.056,564.8113,488.8419,438.0278,474.5336,554.9365,506.9712,409.6461,457.209,505.6764,538.6441,546.3895,557.692,576.1218,514.244,488.4068,503.6385,495.464,485.7644,256.1679,357.6068,478.1846,428.8332,416.4541,419.5418,433.4076,378.8206,368.9602,394.9911,427.0606,383.8931,299.1693,277.8542,276.6228,234.4051,242.3478,284.3269,279.5738,244.2106,222.4462
578.16,582.7145,579.8202,569.3143,575.1774,578.7692,567.1397,579.9113,583.7784,578.3336,573.7832,565.3422,552.6066,572.0948,588.0746,582.4642,582.5705,569.6992,571.1214,572.9813,578.7529,573.0526,574.8642,451.9954,346.1363,213.6525,438.4519,495.2567,534.1326,517.6103,504.0298,507.9642,502.2038,508.4273,510.4796,509.4753,497.5373,504.5191,523.2024,524.1478,533.9465,517.7704,470.3508,464.1899,493.9413,520.5823,523.7143,483.1137,393.2411,316.0731,313.394,304.9077,324.6757,298.5084,322.4684,319.306,320.1151,337.5658,364.4653,413.1007,465.7656,474.219,484.1942,516.8806,498.5964,535.491,546.416,541.7702,538.8627,553.9201,549.8055,543.0353,510.2022,516.7427,524.5728,545.5983,555.8616,535.1639,530.1815,523.1381,511.9902,502.3268,490.5345,498.622,515.1371,536.476,541.1125,538.8918,559.0342,535.9421,455.1305,390.9182,411.0249,497.2443,459.0224,362.0991,378.8881,416.746,467.962,476.7224,491.6945,527.2731,479.4034,498.1673,462.8325,469.3293,474.1403,235.8559,395.5724,412.3546,351.9251,313.4093,365.8936,318.1904,243.7458,288.4407,319.8649,340.0754,308.6512,240.9103,187.3324,233.5215,248.0083,243.7885,276.5179,279.7211,248.967,233.0832
626.5466,628.4313,611.5185,590.5928,587.9837,573.2963,547.4642,558.5707,566.6487,560.0068,557.1129,555.2642,544.9476,562.532,568.8129,568.5104,566.5645,555.5045,549.8884,545.1111,548.372,537.8854,541.6848,459.725,345.2572,202.6801,442.9776,498.1113,533.5509,528.603,516.9529,515.899,516.9789,517.4731,517.2493,516.8312,510.6563,514.5697,524.7067,524.2849,536.4005,508.2679,462.0518,474.5739,508.0476,525.1375,522.2601,482.5499,401.7709,321.9016,294.6471,285.2315,318.4,316.4658,373.835,372.1103,373.1778,382.8549,386.2253,412.5992,453.953,455.6971,458.7599,481.709,466.4612,510.5382,521.0989,525.064,529.7938,534.5946,528.811,521.6823,494.1767,511.7955,509.3491,521.6678,529.4752,539.2687,536.3668,556.1493,549.7788,520.7106,503.3336,524.1821,534.6858,524.1645,511.9282,500.9917,503.3377,483.5223,428.6543,400.5758,423.3782,474.3151,490.167,374.5703,346.9933,359.6646,461.9908,482.1318,505.3482,533.3627,484.8492,480.8044,462.7159,483.2978,501.8728,231.0804,321.167,381.5871,369.1524,346.0325,365.6028,294.0906,217.8374,231.9848,283.8895,340.4621,304.1185,231.856,202.7957,227.7045,282.4028,298.1062,340.7149,356.1776,321.4343,305.6795
434.4761,474.3752,506.6086,537.7051,551.3492,543.0549,522.553,528.8418,530.4927,527.0825,529.1031,537.2718,535.2951,547.0597,548.9687,545.7023,533.5615,521.6453,517.2028,512.9829,511.3358,512.8228,517.6309,464.1639,347.5683,190.8659,416.897,483.0656,531.9089,529.0555,521.4047,511.9069,514.73,511.6714,512.4697,515.5701,515.1237,519.1738,526.2109,528.5671,532.0599,503.4676,455.6292,465.1123,503.2831,522.8865,519.0565,478.2141,405.8561,328.942,295.4587,294.755,326.3775,312.2884,353.1652,344.5541,341.5471,359.04,375.2659,413.7733,445.4073,450.2649,456.385,480.7952,447.6498,505.4953,515.3164,511.19,511.2354,523.9417,524.5511,523.4715,487.7491,506.3056,522.1898,527.1176,538.4499,556.5538,538.4587,552.0668,553.5576,534.8547,509.4265,511.719,531.9313,531.6431,506.3898,504.8619,535.4418,513.9418,433.3275,406.6024,444.2159,471.0313,489.4731,347.1287,315.2172,332.2189,456.0005,476.4976,499.5316,532.9476,534.0809,471.9588,473.989,503.4133,530.7982,264.1389,296.2563,429.1187,462.2668,429.5675,453.4745,292.465,230.7138,333.5065,414.048,479.8056,426.6154,267.1096,248.479,305.9735,384.8755,453.7657,529.7446,531.3132,465.0467,389.951
403.7351,457.8956,495.1919,519.4814,526.312,517.1581,522.5094,531.8459,540.3641,530.61,527.8597,536.2111,536.4394,550.1624,562.1597,550.1656,539.3854,533.7014,533.5325,534.2237,543.9994,552.3371,567.9084,528.3521,336.9236,171.42,385.8203,462.2987,523.5405,516.556,513.4761,513.0051,503.0812,509.4613,512.3737,512.1227,510.8836,515.7736,523.8999,525.6285,524.3486,499.43,447.4677,448.8881,489.816,514.7816,518.7247,482.7633,410.5465,332.069,294.2711,294.3968,340.0479,379.6542,395.5697,398.0344,409.0635,451.413,480.8914,488.8036,510.3798,515.1775,520.4643,531.66,487.7759,551.1243,555.9545,552.316,555.5457,561.2321,560.7774,559.5181,534.312,553.161,550.843,549.9513,553.8742,540.6,508.0768,514.0715,535.9695,554.5181,540.1554,559.2173,593.8203,581.5427,564.6424,573.1774,584.6847,558.403,489.054,452.921,473.1092,494.2108,480.4901,403.5647,385.7691,424.9684,486.3662,509.1972,535.0522,571.8334,564.8781,517.057,498.1472,502.6276,505.8116,322.0865,360.0856,386.3036,331.8139,292.115,306.6554,174.6597,221.9687,326.5984,442.5211,560.4214,545.9685,386.2057,315.5584,362.9666,438.9514,489.9549,492.5287,449.4279,389.0843,355.2145
406.3114,451.735,496.1723,526.1901,508.863,495.9964,536.9693,549.3793,556.8276,549.288,545.332,549.8215,557.484,567.17,562.13,561.9084,555.8268,545.9653,550.321,554.9778,563.9699,589.4117,595.9844,551.4877,339.3233,155.781,377.1846,456.1638,519.3322,513.1877,501.3375,511.2413,498.0813,502.5914,507.2466,509.3412,498.5821,502.5309,516.5217,517.5607,523.1824,504.1929,457.8923,457.5843,489.4107,509.4338,513.5203,480.0783,409.2773,332.3941,266.3282,269.7745,471.3215,634.3696,623.7613,615.9939,614.2243,633.0521,637.3266,628.3472,623.6951,617.1772,607.7725,553.7466,554.0397,585.5303,577.7352,572.8061,570.2645,577.3757,568.8772,558.2781,532.718,541.3425,547.2047,555.2161,562.7792,529.6378,514.7156,502.6559,502.0669,511.2754,515.3759,559.6432,576.4396,530.2762,530.3038,556.6105,534.7375,497.1054,458.1815,423.8802,422.5604,447.4604,424.8627,398.0408,405.7753,461.3051,481.5458,504.4336,526.1813,539.5376,531.9901,467.2109,404.6089,407.7386,410.6029,375.1823,342.6898,290.8601,226.27,225.465,223.9199,224.6891,250.7225,270.9328,353.1043,452.7395,487.5373,445.2794,395.9633,418.1149,483.5298,491.1764,448.9211,386.5756,314.2304,303.7971
420.422,463.949,518.3619,567.3206,518.6439,482.5837,553.5292,563.1243,572.9945,565.0958,557.8546,552.3094,554.6866,557.2709,517.4026,570.0992,562.6364,551.6494,556.2566,560.04,556.6306,576.8292,563.8852,520.5649,350.2929,183.6798,396.2755,465.6296,519.2476,511.6734,506.2788,505.4193,503.8882,496.128,498.0952,504.0433,502.4883,505.6534,512.7745,517.2427,531.4842,520.5625,470.0887,468.5182,506.3484,527.6288,526.8312,485.4073,411.0841,329.1398,268.8192,270.3535,439.0769,607.241,577.6723,562.4208,549.1989,545.4191,548.3657,548.5742,546.3771,546.8028,543.9362,491.9006,549.9294,566.8099,551.6031,543.166,548.0317,564.2657,554.8952,542.1418,529.8268,535.97,537.6021,546.856,558.3866,533.1194,469.907,463.555,491.9033,520.8705,536.644,573.0302,544.6215,501.1642,497.873,504.9909,499.6703,458.9164,435.6826,411.7156,387.7632,389.4207,430.8996,441.3672,447.2403,500.6485,479.5212,493.8433,510.3399,534.7791,525.2352,458.5741,402.6702,403.912,405.2927,426.7047,427.9931,326.5212,225.7055,239.3946,277.5639,301.6215,328.1712,297.2423,337.7258,401.2469,463.4261,478.7508,477.8591,485.0642,538.7163,522.8452,464.9836,401.6669,325.4626,308.6433
627.1217,619.6057,605.0027,595.8144,504.8595,459.3386,549.3634,555.9764,572.7618,569.7701,560.7062,539.5946,533.9262,536.2541,493.2402,559.8613,550.241,541.3784,548.8342,554.0477,538.3613,568.9352,570.0369,511.053,344.7693,328.1867,421.903,476.1702,526.1026,502.5168,503.008,508.7052,497.7399,500.24,500.083,497.1505,496.7184,502.6631,511.2087,520.066,534.6117,525.1801,480.8032,474.1918,505.5457,529.6756,533.2337,493.5197,415.6782,323.3851,238.6784,225.1334,401.3583,577.5104,554.5355,556.4609,554.1653,538.8685,539.8177,545.8842,548.3554,550.4565,548.8881,492.2791,551.5687,551.8063,548.854,540.3423,554.8076,561.3609,551.1597,538.9462,525.926,531.1017,539.7123,544.3258,553.1663,558.0513,504.6563,501.0686,522.2642,536.5024,545.2036,572.9072,526.1296,491.0009,494.8846,490.0505,493.6631,461.5873,431.4112,404.6638,374.8275,369.0388,439.5634,470.9877,472.8221,528.3049,517.5276,513.1679,512.6498,531.8532,533.5807,471.3575,434.7696,416.3147,397.9993,399.8034,406.844,335.9244,287.6836,251.3281,275.2006,260.9467,334.8643,335.6498,370.9737,421.4525,454.7582,442.3808,465.7028,484.8625,526.5234,520.93,499.1011,473.8801,432.2984,368.8957
583.3894,581.8867,574.5934,579.9797,482.7981,430.288,542.1409,552.2545,569.6212,566.0908,554.495,529.4523,525.0576,529.4572,507.0031,555.898,545.2389,543.6726,550.3746,555.4718,545.8328,572.7481,579.7274,527.616,345.8877,331.9312,435.2986,484.224,527.3712,507.2228,508.514,506.8221,506.7145,503.9486,504.0164,505.4402,501.4538,498.6775,497.6724,503.7411,526.7239,511.4583,468.0756,470.6064,505.7646,536.8496,543.632,496.8045,405.4246,312.1455,229.1827,214.6877,422.3581,589.4777,561.8024,572.644,573.6287,542.5444,539.3426,538.7382,550.0392,556.7487,560.0302,510.794,538.8767,549.769,534.123,525.7877,544.2197,538.8082,531.3842,524.0201,517.4244,525.4871,524.2003,535.7413,547.4768,558.6525,529.0938,520.5269,515.2413,500.8654,528.4471,557.3359,515.5547,479.8652,493.9597,513.0929,487.9921,446.0526,454.371,455.2854,431.6203,405.836,452.2426,520.1637,482.9006,499.9279,511.5197,509.195,510.6795,531.4833,535.6638,494.4013,459.4312,438.7977,418.2294,407.0465,394.9866,334.1606,275.1767,233.9012,213.0156,200.6343,278.6918,349.1472,407.3769,463.8817,485.1743,461.5229,488.2369,466.1273,474.4091,493.2191,509.8327,507.4415,482.2566,442.5961
575.0239,582.2574,571.3524,568.2252,458.9641,411.4043,546.8085,556.1243,573.8831,569.9337,559.0347,537.8972,536.4241,534.7207,505.4461,558.4325,546.1334,545.7621,552.7156,559.4183,563.4603,568.2026,582.4938,546.3026,341.3964,336.4033,412.1408,477.9471,542.3769,509.5757,503.7886,510.3402,502.3461,504.9416,504.9426,502.5122,503.1634,505.2297,507.3246,512.5917,522.698,503.1387,449.454,441.8154,481.495,518.614,536.7796,490.351,395.1858,309.6731,222.5896,231.0195,438.6382,584.8621,560.1938,574.4449,579.8336,552.0969,532.8227,529.8257,530.2112,546.7357,560.8395,537.2784,551.7549,553.429,527.27,514.1503,532.6263,541.8707,542.2568,541.657,526.4202,527.5455,517.4823,533.6268,540.9294,537.7874,527.7227,526.6204,528.5101,528.9212,531.2485,540.7817,540.7332,535.7636,539.8546,557.2874,509.0753,427.998,432.8445,453.6545,461.8037,435.6407,487.4554,519.1968,515.0031,505.0894,512.8947,514.5205,521.03,549.2665,538.1285,494.0081,505.364,488.3774,471.4682,465.7328,454.1828,374.9117,307.1088,309.2619,239.1855,207.7106,276.9708,386.7274,444.9025,487.6972,481.4891,411.4667,474.2343,494.9659,461.1416,465.56,475.6836,476.9732,480.8998,468.9737
580.2836,572.9406,559.7186,551.8691,444.3373,415.5381,553.0533,552.2177,574.6885,579.2364,574.8234,553.5153,546.752,538.3789,500.9173,561.704,542.2701,538.3583,550.2548,561.5495,566.1937,567.136,557.6475,553.1267,354.9808,336.8171,405.669,470.774,535.0388,526.1436,514.1846,508.9883,511.8609,511.0183,512.613,515.6284,507.4742,504.0553,505.3963,511.626,526.2429,495.8234,429.3366,424.7688,467.735,502.0073,519.1338,473.4485,379.8573,290.464,205.9841,248.2134,462.9603,580.3627,548.2965,562.6053,572.5331,558.5008,523.1703,537.7225,516.6331,537.166,555.8625,545.7595,558.0548,554.8212,537.0805,527.8655,542.8791,556.6844,552.8456,546.7995,533.4223,528.1101,532.8474,544.2418,550.1337,536.2946,537.5006,541.1116,538.3534,534.097,526.4373,520.0673,514.0244,523.8605,536.4642,548.5723,515.1326,453.5726,456.0247,460.9036,460.0023,453.9452,454.2522,427.1662,458.6507,495.3242,522.6784,511.0144,511.0704,561.1114,511.4543,457.806,486.8238,488.7732,490.5542,468.0637,489.17,391.1282,311.6083,336.7909,293.5888,257.7523,343.8126,414.814,461.5179,504.0626,479.9851,381.9818,429.6876,483.7041,478.4129,471.6021,449.6583,431.3379,427.8713,455.0178
551.0948,544.5646,536.295,557.0075,465.7467,426.3546,558.8439,563.6302,582.8882,585.9997,575.6884,542.5159,537.3823,547.6613,541.0127,572.6558,547.2592,540.4575,551.3488,561.1942,559.1579,546.002,522.4384,558.2177,374.5117,341.3953,385.5351,459.5098,535.8437,522.1916,508.4962,516.0381,516.6104,513.231,512.3449,512.4276,506.5171,507.398,512.9285,521.6829,538.3093,501.3218,413.3363,395.349,440.4487,478.829,498.2914,447.2126,358.7132,284.0659,210.4812,289.7085,489.7501,573.3297,532.1037,550.7791,562.3845,543.8293,518.7798,522.0337,501.133,521.4247,540.1111,533.0565,529.8462,541.6946,538.4477,534.8626,530.8259,542.3649,531.1445,516.8398,512.1921,530.2236,531.9845,533.0181,539.0662,529.5827,500.3529,513.606,533.068,542.579,541.5911,548.1212,539.3091,536.1896,555.6541,580.3422,564.1561,512.3499,496.6668,470.636,467.6312,500.78,446.0029,403.1621,442.4427,491.5991,478.7061,477.157,479.5613,501.3433,502.9712,471.5769,450.0677,476.6904,502.9921,483.0201,506.5759,447.8643,368.5404,381.5718,360.6138,353.0541,442.4463,436.3575,454.9167,487.338,463.31,405.6347,421.1679,457.9651,490.5597,482.9944,447.1489,423.1289,409.2898,434.5513
547.9416,533.094,534.4854,564.1111,476.127,434.4318,566.0325,582.7433,592.5582,593.8743,579.8293,539.4944,534.701,563.8784,574.4243,576.0361,563.7646,551.8964,552.0643,552.7337,557.1183,536.6055,527.8148,553.2921,423.7615,345.4752,379.9807,447.8376,518.1426,515.5717,512.0956,504.011,508.3862,497.2583,499.9459,509.4136,506.6045,504.1163,504.452,516.9597,534.1091,495.4005,403.9206,386.8792,436.3923,475.1944,494.512,442.8772,357.9328,282.0437,218.9379,331.7536,501.2494,564.4333,534.5696,541.7535,544.4698,528.5792,509.1795,500.7906,484.1757,498.601,512.7568,522.2847,523.8091,534.8195,534.8624,531.0643,509.9727,521.65,511.124,497.3586,503.735,511.625,502.8119,507.9365,534.92,540.8595,508.223,510.5364,529.8915,545.5676,545.9243,562.6725,564.922,546.5024,545.6925,567.9962,581.0779,544.3435,479.9442,420.2424,402.0636,443.9584,434.9647,364.8973,427.6705,509.6378,497.5247,471.5551,452.3738,472.305,493.1039,428.6376,433.2019,459.3593,485.5423,515.4296,498.0374,491.7809,450.7603,424.757,392.8199,381.1865,441.6107,419.4163,399.2165,385.6161,436.5487,406.7084,390.7077,429.2273,455.7975,468.6656,472.425,466.6844,458.9532,457.3512
554.3593,543.759,542.6707,560.0867,468.1521,428.9734,555.7228,561.4503,561.695,552.3589,537.2448,515.294,520.0294,551.368,565.0972,560.095,544.8868,546.3815,534.8202,526.6978,552.5166,535.7583,545.163,542.241,427.7032,344.3969,398.2917,458.3766,518.2109,508.4295,506.8478,500.6393,498.5572,497.6637,498.0888,499.0095,495.3317,494.4592,495.968,506.1115,529.1332,495.2761,416.9344,404.79,446.7898,484.0029,503.5012,458.9135,379.2438,291.85,238.8242,385.3623,521.5403,552.4374,522.85,532.1868,534.453,512.6123,505.6204,497.2688,484.7947,495.9874,507.1065,516.6931,516.5016,521.5274,522.8966,518.5802,498.571,507.5158,504.3383,499.2509,497.2965,504.2899,492.3279,503.9976,537.3801,541.8558,514.3251,493.7551,502.2142,522.5589,537.6821,554.2835,540.2188,513.3647,513.4216,542.6244,555.1182,512.1198,453.3491,414.7257,401.3875,404.6246,447.7168,439.1515,467.3585,507.8972,525.8621,469.7887,427.8592,465.9049,509.202,480.761,467.7892,480.2867,492.8341,512.5867,473.6667,458.0097,470.4183,433.9795,417.8796,363.9351,454.1442,422.8062,361.6953,302.0492,329.865,375.19,413.5757,431.8977,434.7574,452.4208,484.5224,483.6381,455.8399,450.6346
562.3743,541.5855,534.2771,536.043,448.7834,416.4344,517.2759,522.7741,526.2839,519.4012,515.3181,514.6345,510.9852,522.4001,535.2622,531.1051,525.6637,529.7574,517.0229,508.3436,540.8912,540.7751,546.2547,547.1056,444.722,391.4424,418.1436,463.4726,510.07,495.0251,500.2753,496.7908,496.7121,496.7107,499.8184,504.1749,496.5436,495.0871,499.2778,504.8189,528.389,505.5011,437.3053,423.9599,459.5033,492.5292,511.834,477.2112,402.809,313.8314,281.2139,433.2957,533.3596,546.5051,520.1528,528.5308,529.3959,506.8413,509.4781,506.9122,494.0383,503.4948,513.0001,522.6858,515.3182,526.0891,518.3489,512.6299,501.7395,509.1495,506.9496,503.2987,500.663,507.5587,504.5822,510.2379,540.2671,525.6107,502.4425,494.3386,500.4739,511.8421,528.6475,532.485,517.3273,517.718,521.663,541.7449,556.6255,516.7655,471.6416,418.2137,381.8144,427.2287,486.3754,457.0667,431.701,452.9137,488.0464,474.8248,460.8838,451.4999,494.2278,488.1426,448.8741,459.4409,470.0665,489.1533,463.0448,412.0443,480.9743,471.9101,456.6992,356.7831,461.8195,418.3716,340.8403,266.1461,199.4709,245.1051,385.0794,436.5076,436.6748,422.2261,439.0338,457.7425,455.6382,454.0595
506.7625,502.0478,499.0754,503.6163,434.9698,406.0023,490.3238,496.2054,516.3561,527.4272,536.3235,530.3844,509.1309,517.7878,520.8277,497.153,507.2564,521.1742,521.091,523.1071,546.8459,559.1125,563.2231,560.2225,457.5328,402.5692,437.6636,476.8749,515.9331,495.3758,504.4531,491.7173,500.8398,499.4156,500.9498,505.3905,503.2533,501.1422,500.4722,503.6501,526.2847,512.17,450.3343,438.0309,471.9574,498.1974,515.2756,492.6284,425.1947,349.0175,352.6103,481.3776,544.5417,539.9077,515.5095,517.1841,521.2405,531.7137,528.4501,517.8005,497.7973,511.5019,524.5875,527.3568,520.5827,531.3538,522.4356,520.6932,523.6271,509.9464,513.4753,519.3994,523.5987,527.507,517.1718,514.5929,539.7505,523.2482,492.4005,487.9995,498.2773,510.0648,526.0721,523.4559,509.4422,499.9379,502.9808,544.4306,576.7145,545.7407,493.1975,432.0204,382.167,398.9839,447.2475,460.0434,435.8095,445.7768,457.3716,487.7167,507.6905,479.5499,505.9005,479.2244,471.9299,474.3673,476.7995,478.4636,435.4166,428.7668,557.3772,555.6719,472.7903,366.4466,432.9858,383.8116,303.207,223.5533,191.0887,205.4853,372.1537,449.412,430.8666,409.1199,433.0607,445.5191,427.4591,431.8943
533.6382,532.3551,520.8148,527.4292,468.4784,441.1138,531.8618,540.1709,555.4004,564.1376,568.2314,549.9276,516.725,530.232,533.7571,489.1784,517.0005,527.0164,528.1063,532.6425,571.3022,568.2513,572.7018,556.6323,476.5297,382.7401,423.5528,473.8654,524.2429,499.2599,499.2097,489.5096,496.6655,500.2255,497.9476,494.5936,497.9864,501.4917,503.5876,503.2346,521.9952,518.3575,460.2688,439.1831,476.3496,517.5137,538.2062,501.4093,426.5493,377.709,409.1789,512.0526,545.948,529.2751,510.7881,508.3325,512.6903,538.1042,537.4675,525.5477,508.087,520.5941,531.8879,524.0727,528.879,535.7008,523.7773,533.0687,528.7885,512.9384,520.8049,531.8157,545.0341,543.9708,524.9069,536.9875,550.255,527.0341,478.9115,479.7488,504.9018,528.5385,546.2518,535.2289,518.6463,505.2935,480.0963,504.1198,551.102,526.8259,468.7187,412.8468,395.8345,397.8617,335.6869,379.6017,466.5408,439.9044,429.2992,473.0474,505.1458,478.5421,486.3213,472.7693,470.4909,476.4442,482.2913,472.8167,425.289,447.5779,521.4076,559.4648,500.4532,405.9887,438.6001,420.6855,336.5894,239.3672,263.8353,269.0324,397.274,463.4878,438.4232,418.7444,453.8756,476.1535,466.2653,464.3594
555.8567,545.5194,538.2692,553.7524,494.6868,470.4531,566.5235,577.7491,582.2623,577.1143,574.676,562.8118,529.9987,552.816,555.9371,494.9572,529.7231,537.9225,539.5152,542.4335,558.9646,565.928,549.2073,575.4564,455.6418,368.0308,398.6321,457.0175,517.2917,499.5877,494.0047,489.2916,503.3975,494.1029,485.3823,479.8486,489.4422,497.8422,502.3691,497.6287,515.041,513.6782,450.3168,407.9751,437.2848,493.7111,525.6676,478.8392,390.0909,371.8787,442.8507,532.3309,537.2754,531.9516,513.9432,509.8707,514.8334,545.8922,536.4601,526.0829,515.3738,526.0851,536.1008,535.4043,548.6236,530.073,533.2158,536.1115,531.0286,525.8395,526.5336,527.97,544.2653,550.1588,536.7968,548.643,546.1481,524.9761,487.9801,486.9987,502.8795,516.7025,536.7599,535.773,501.7632,488.5513,482.2266,499.5553,533.4402,512.9081,479.0376,436.4317,407.3427,406.881,367.6435,399.5082,498.5687,448.1637,445.2868,496.5735,537.4525,519.3918,489.7252,457.0952,473.6748,485.9505,498.0418,483.5442,436.7703,450.7231,532.157,540.1266,521.3359,414.8899,451.9795,463.2726,394.0756,306.6449,336.3568,314.1953,420.5125,500.1984,493.7395,469.3375,473.2491,503.2292,538.7177,515.571
581.2813,562.226,556.9181,571.1448,503.7808,475.0928,557.9642,565.9183,576.973,560.632,550.2021,549.6017,545.5339,559.0977,556.8972,501.5873,530.0381,537.1153,532.5071,529.1243,539.9502,566.6129,562.662,563.3557,451.9887,359.8705,373.7187,431.9888,493.7784,490.7876,489.7046,487.3074,484.1057,482.2023,481.4395,480.935,492.8825,498.9755,499.4785,496.8554,514.9387,506.1231,429.8371,364.7457,395.1036,483.9837,544.7343,497.3291,395.5334,398.2083,476.1582,544.1602,541.1066,534.8784,508.1585,506.359,511.9249,540.7288,541.7145,523.2903,514.8598,529.8793,544.1962,546.9168,541.8423,531.6699,538.122,537.5808,537.5266,541.5628,532.7708,522.2988,535.7957,543.8018,535.4122,526.8339,535.8287,541.0154,501.141,478.7024,486.8032,501.943,527.5442,538.8101,517.17,481.1262,470.8126,511.358,548.0517,531.8077,495.6635,474.579,477.0855,448.5343,385.7545,428.1502,532.7878,457.2147,457.9515,487.0354,513.0355,521.175,516.0369,456.0835,491.9244,485.1376,478.5724,503.9567,423.8742,449.0967,524.8256,523.8256,512.6159,432.3531,459.4771,490.5165,440.6561,370.0966,372.8442,325.7332,424.7346,508.4579,522.1272,509.3081,485.656,486.0758,505.9857,479.0134
557.5001,550.1731,546.6918,560.7341,517.0842,492.0794,551.1358,554.1708,552.0027,540.21,538.5732,550.1498,542.4662,553.0371,550.53,505.8814,547.658,562.7865,552.2282,544.0205,560.765,574.2551,576.5115,583.7457,481.8799,381.8214,373.3416,429.1685,490.4619,488.7104,494.0736,497.4112,477.9251,480.6989,487.3839,492.4968,499.2946,503.8058,506.824,513.274,532.1384,515.9698,423.7429,345.7651,363.0301,429.196,478.2026,448.23,380.6597,407.8047,498.9172,559.4152,539.5137,537.6833,515.9602,522.5978,528.5098,533.7305,541.8132,515.8547,508.7173,525.8311,542.0499,543.6721,540.3503,539.8727,543.7591,543.9139,547.3864,539.0919,530.4866,521.9895,521.8985,532.0364,524.8942,512.814,511.6442,522.5882,491.5199,481.2707,492.4978,504.2869,524.9227,516.6556,515.2727,523.9728,511.1788,522.4574,561.0762,569.6916,546.593,530.2494,534.7128,526.9316,453.8383,423.6936,495.8452,484.2803,486.8945,491.8015,493.3095,481.13,493.7648,436.8095,476.8688,449.3442,422.1805,447.0652,425.5357,479.8606,489.2377,481.6909,486.7272,449.7291,397.9021,455.2806,468.9086,463.7009,389.7305,321.4441,427.0345,504.1391,505.9809,500.1179,483.9928,476.7415,483.6156,472.1343
533.438,538.9417,536.2144,549.763,526.9847,508.3879,552.4073,557.9586,552.598,547.9281,549.4087,563.4161,572.9778,575.2764,557.385,532.8069,538.0028,559.2457,555.3074,553.3687,572.5775,587.5306,585.2167,556.7489,506.9125,423.8582,419.4828,464.4867,513.6288,512.7102,520.7858,518.4529,525.6877,522.0876,522.3674,525.4683,540.6161,545.7972,543.4489,538.3893,548.4968,544.5634,469.454,388.7225,387.2321,431.0628,468.6098,468.582,454.4826,512.0999,588.9502,586.5195,557.2079,540.8735,527.9204,527.9739,527.547,525.7354,524.1588,514.9737,525.044,542.2175,557.5557,543.6161,538.2559,535.2653,534.7528,530.5939,542.3067,530.7773,533.7256,538.8132,517.3578,530.0368,527.4198,507.9745,495.7742,503.3203,497.8078,510.1299,524.2955,532.1354,539.4894,503.0131,492.5032,519.7036,515.7542,511.5189,531.0577,532.4554,507.9803,465.7595,438.212,474.4258,453.3835,410.085,423.9503,459.724,490.6858,485.2393,474.6719,446.9516,483.5995,437.1778,438.8732,427.0545,415.5514,449.5711,442.4595,466.8943,415.8684,424.8662,432.0858,369.1997,338.1537,400.0864,472.3399,542.062,420.2431,357.9512,425.8032,477.1518,485.1854,495.9606,484.7621,473.5989,478.1433,468.965
535.5488,548.5887,556.2234,573.3106,560.74,538.7596,549.4033,551.4375,551.1168,541.4778,536.7644,544.7226,556.2135,565.3403,560.1937,533.3199,558.6733,573.22,566.9348,561.316,564.0647,585.4296,594.7271,554.1067,543.0171,483.7439,493.6199,508.439,523.2876,524.1407,538.4705,536.2869,546.3321,543.7576,546.2622,552.2987,586.3931,591.5651,576.386,562.1912,568.1253,564.9156,510.4532,468.4558,480.0913,508.0709,524.827,529.4894,542.1217,577.0965,595.3481,558.9183,554.9946,544.3439,541.6527,532.907,526.296,522.1815,498.9376,514.8897,536.9129,547.9822,558.5729,561.0543,552.2341,534.402,534.9659,529.9385,549.21,546.5826,547.4105,548.9678,530.8434,531.4406,532.2778,516.0464,498.7534,509.5048,509.0287,520.8188,530.4144,532.6892,537.3337,480.7913,481.175,520.08,514.8508,525.4363,532.2635,505.617,468.0958,436.1457,422.5569,444.9909,460.5092,412.7368,467.3953,469.8105,475.572,481.4346,478.4303,440.5565,485.8508,438.5634,420.9868,408.3697,396.2914,461.8993,483.7921,411.4124,390.0238,338.8632,372.7252,336.4785,347.7821,389.6253,437.7006,486.293,416.1488,436.6248,486.4128,500.5376,496.4319,491.421,469.8438,467.4495,489.2413,492.9341
540.8381,546.8445,551.9114,560.7991,556.7506,546.5301,542.2368,544.6492,546.5779,537.1777,534.497,546.1736,553.6729,555.124,550.2534,537.2272,549.2907,528.915,540.2307,549.3747,536.6874,545.8372,565.9466,570.0036,591.906,586.3253,597.4897,575.0078,549.2646,518.234,536.7405,545.0189,534.9056,554.1104,567.5903,575.6405,622.6987,621.6084,588.3107,576.931,592.2645,588.4042,554.3493,530.5321,541.7428,571.9085,602.6191,615.5888,607.55,600.4777,568.0627,527.7737,532.5692,530.9565,535.4069,529.4732,525.6371,517.2969,467.454,500.5926,517.4941,517.6713,518.111,522.6123,522.1757,513.2009,522.034,521.816,529.7321,531.134,527.2863,522.8588,520.6743,532.0861,531.7372,520.7323,507.2173,508.575,504.1448,493.4745,494.7148,502.8544,514.0593,437.3913,444.831,501.5039,505.9019,538.9463,558.7918,530.5436,475.6666,421.5305,392.1237,445.1801,517.3967,468.7809,472.8284,474.6468,507.0677,492.8221,479.0889,472.7863,491.3929,459.4008,451.3062,454.185,457.474,519.9036,497.3463,386.2604,411.441,360.6205,371.2191,319.8679,349.2281,411.3473,447.0842,474.7506,452.823,488.1439,500.2438,517.7832,507.6107,485.4342,445.2985,443.3174,483.9509,509.3971
559.8198,552.2634,546.1227,553.5959,556.6772,544.2487,542.5944,552.6992,559.9659,551.8823,540.1624,530.8508,541.3171,533.2217,531.3355,519.5311,527.0242,494.4971,519.0574,540.7578,531.7725,521.7728,526.2706,526.5546,545.5156,571.6562,593.6652,576.9708,556.6771,527.6859,537.9706,560.9781,560.3998,577.8182,582.6364,580.5377,579.8902,582.1345,585.4893,595.817,605.7249,608.6248,592.6796,576.4952,580.3333,592.4241,590.4771,582.1974,577.954,563.4197,535.5692,499.571,519.6125,514.9926,519.0938,514.9551,514.7557,512.8177,451.8826,487.4675,512.5166,512.9328,513.9894,525.2275,532.4084,526.4265,536.0135,529.4988,534.9777,521.674,521.0229,522.2216,519.7616,532.643,528.6804,514.816,501.5913,512.1362,498.0365,473.2,477.7145,497.3449,512.4205,451.2009,467.0841,512.6877,503.1664,537.0551,567.9823,553.1049,525.4564,471.5417,406.2322,435.9657,514.9133,526.8941,487.9177,448.3727,491.5588,482.3988,474.173,474.1834,488.9116,452.9501,436.2879,455.8376,475.6913,539.3825,522.4968,443.6368,397.8811,366.7627,366.4956,331.3756,421.3367,487.9818,508.7909,520.278,477.6797,491.6299,525.0331,531.9916,521.2925,478.9011,429.2322,435.2535,478.5033,515.4067
531.7948,533.7864,542.6046,548.4788,554.8018,557.6335,564.7377,572.0432,555.5753,554.0178,556.6017,560.6136,548.7916,546.853,537.3264,537.8813,527.4221,535.5317,527.7354,520.5198,519.0356,510.5889,513.2621,499.5464,529.5127,528.3678,521.4468,516.2324,511.2057,505.1754,517.0464,538.88,537.3304,537.9028,513.1588,478.7601,502.8353,526.7055,537.7783,548.4297,561.3488,573.958,578.5505,572.9056,567.2302,565.9811,561.1448,551.597,539.4747,503.0177,461.136,475.0336,490.7897,504.6877,515.0699,516.6768,508.4446,474.2722,492.82,495.6237,485.5372,489.1255,493.8125,515.329,512.0984,520.8411,513.5504,519.6912,512.7205,511.0366,510.3427,509.698,531.4468,517.0413,500.775,490.7211,510.1655,493.6422,453.3702,452.6228,469.372,484.1971,458.6769,480.7829,503.3711,490.6433,522.3934,567.4413,564.2225,518.0162,455.1634,417.1099,436.8978,488.8612,505.713,442.1614,408.3714,406.5459,468.4259,460.5994,458.5999,479.3053,440.9889,438.2425,418.5337,448.7648,478.7602,474.7546,451.6098,417.9349,357.3658,335.8792,291.2459,405.5385,425.343,463.5976,444.0609,406.2026,458.6165,497.4409,520.6174,518.7279,492.9767,464.7712,498.356,517.8127,494.9514,488.205
536.2355,538.0801,534.1336,528.6588,531.6924,538.2961,544.3525,546.16,542.0303,539.5143,547.8386,568.5014,560.6174,558.8886,548.212,533.9376,535.9087,553.2589,550.4922,546.4998,530.2906,527.8962,528.0976,501.5544,494.596,522.0632,522.7172,528.9905,535.9621,532.4207,510.018,517.4903,517.1193,490.5971,448.5155,403.3726,466.5748,502.0207,500.2578,499.6876,507.0754,519.1601,532.7222,534.9541,533.2135,539.0972,535.6194,525.4314,511.2342,491.9679,489.1405,484.58,488.5879,507.644,515.6623,523.7944,527.4528,514.7109,506.6228,504.8504,526.8228,527.4178,527.4539,518.1074,498.5571,524.3008,512.1935,523.0769,525.9608,528.1219,521.2177,513.1627,517.4351,519.6497,512.2391,513.6641,519.2972,500.8885,463.7754,485.202,507.5827,513.1373,499.4787,500.8232,511.0593,487.1159,498.1498,551.1605,545.4135,487.3592,427.0591,390.5287,420.2066,475.3056,467.2403,430.6307,402.4433,389.2797,434.8064,454.6352,474.3834,485.1193,439.7288,409.3877,392.2039,402.4931,413.0359,460.143,453.1792,445.8389,337.5954,296.3952,273.3552,345.6137,394.5007,440.5208,397.847,330.8413,423.1725,475.6103,507.8961,510.5693,485.9886,466.6677,488.0623,478.6679,427.4377,419.2985
562.0109,559.9108,553.5482,553.0397,551.4567,547.6309,544.0602,545.8917,542.7538,540.4177,543.6703,554.9384,555.5473,561.0527,567.0135,552.7767,516.7963,553.6008,553.0137,553.2371,561.8013,565.4354,571.4675,554.0663,543.728,553.5117,550.369,561.4645,573.9778,538.4999,529.0047,523.6107,512.5317,503.7175,455.1479,392.4586,463.8247,501.8263,494.2717,481.5019,496.8033,488.7055,472.969,481.5171,484.5212,479.1571,471.3004,469.2088,474.5473,466.5951,459.4742,473.1719,487.064,501.2451,505.208,509.688,512.605,509.9434,510.0812,514.2528,521.5467,521.7825,522.4736,529.1725,498.5063,515.1534,519.6581,526.9561,508.4853,507.1303,507.2921,507.4142,517.0634,516.8535,519.3679,516.309,522.7896,509.2609,458.9799,460.7144,487.332,509.9931,516.5878,513.0674,515.157,499.8867,507.5654,537.4179,514.8775,477.092,466.7198,464.0913,466.2185,432.5821,391.8214,417.7578,412.4702,431.3069,436.1264,462.3654,488.5828,507.7799,478.5094,432.8984,393.5018,412.797,431.9121,425.0589,431.0222,429.0892,336.0999,308.1941,287.5487,324.2432,342.8196,383.5174,345.6582,284.7775,397.8296,471.1754,501.762,507.1336,494.377,505.2746,521.5934,504.1905,467.0346,453.4692
555.7305,550.4616,551.5898,554.9948,548.3,544.3071,549.3099,552.6262,546.2462,539.777,542.9061,558.6478,550.806,547.9993,558.2808,543.1918,507.4211,571.036,566.843,562.4924,557.135,562.6779,581.2227,584.3706,577.3366,597.3132,583.6226,584.4146,586.7756,571.2839,565.4318,579.4388,575.8374,556.9412,504.6807,441.8974,529.2136,569.3619,553.6652,537.4933,511.1456,487.4168,477.0545,473.974,474.5159,476.8742,476.8909,482.2517,495.3678,501.7237,503.2024,507.7539,517.936,513.3143,515.9899,511.5483,514.3996,531.7676,496.572,512.9653,522.9894,531.726,539.6378,533.8517,516.6494,515.0984,525.3483,527.136,522.6295,521.7543,518.9983,515.9537,517.5519,505.9999,500.3618,505.7125,527.1245,532.0219,487.9797,487.6548,508.1352,523.0453,534.3454,531.4795,523.9926,497.1801,498.9976,534.5037,530.1635,512.6137,512.5128,514.0099,496.5982,438.6753,388.9908,385.8259,441.9058,466.7452,477.8692,501.7859,514.9421,472.2233,455.8612,459.3978,370.9486,411.822,452.4428,456.6531,496.6752,471.8751,404.6523,357.8792,333.7592,407.0482,346.5662,347.925,300.9656,235.1653,405.7507,473.5827,488.0315,521.2848,512.4983,517.7986,521.9314,498.9307,469.1054,452.9056
568.4301,556.0409,563.676,574.9727,560.0658,556.194,570.4053,574.2725,563.6847,549.4885,544.3975,554.8395,554.2739,563.3512,575.0975,557.0209,553.8109,575.6176,575.7007,575.8347,575.9071,566.5863,554.6246,555.9274,577.5285,575.4762,562.5215,571.8806,583.3912,592.0891,585.3721,592.1047,594.7773,563.6171,505.728,441.9289,532.5643,578.9915,570.0916,566.3965,553.1909,538.1175,521.605,509.5519,504.1438,496.4286,491.3551,504.2582,538.9026,554.5976,543.2327,542.0232,528.0304,518.6083,521.229,520.7983,521.8259,523.5928,506.8534,511.9218,525.7535,530.1199,534.5537,539.6444,532.2325,487.6922,530.2135,538.3785,529.499,529.7076,528.3573,526.6838,519.4785,504.448,497.3046,511.2965,523.7835,499.1144,462.9683,499.2578,528.0187,532.7827,542.8396,539.5411,524.8188,498.7875,500.0361,541.9222,551.1009,528.7919,521.0342,492.4969,427.3827,390.6576,409.7047,435.3521,502.1103,462.8305,446.8226,445.6776,443.1828,434.3591,434.2188,441.9845,425.1124,466.7791,507.8973,469.9326,498.862,498.8439,438.9055,356.246,326.7565,441.5708,354.6884,362.8781,324.5458,264.8371,427.3835,498.4706,513.4421,534.4775,533.4144,518.3109,533.6544,516.9079,459.0403,447.8866
568.0222,556.6191,554.3759,558.9697,546.0585,550.7116,560.7032,555.0204,552.8478,544.2809,545.4067,561.6476,560.1863,562.5963,570.7617,557.1771,571.2365,577.4027,578.8275,579.0695,567.3484,565.5163,546.6516,573.0369,568.5996,567.1973,550.4031,559.1741,570.4352,576.3401,562.0562,567.1119,562.9679,542.3182,499.2108,449.674,528.6001,572.1624,570.3971,574.3063,584.1157,590.6708,581.9882,566.5197,555.7246,547.0844,540.3694,544.2935,559.3027,561.5885,549.0034,539.9072,524.8959,528.8535,526.4043,525.3746,527.4983,532.8384,501.8934,498.5895,515.8262,528.9948,541.0728,535.0459,513.5233,444.5487,528.2355,541.2827,543.0437,535.8282,526.388,516.7686,516.3792,496.5071,491.8155,501.6625,517.9803,478.1216,442.9772,484.1483,521.5377,539.059,545.4749,525.6896,518.689,510.0834,504.4994,538.962,564.076,546.4067,513.4804,457.8751,380.2996,356.3058,374.1647,404.8554,474.7189,432.6487,413.757,396.9637,384.4297,398.9635,433.7884,436.5427,460.441,468.3312,475.7052,408.6547,438.0184,519.122,506.4337,408.5726,336.472,499.0018,469.7417,391.1993,367.2821,358.4328,469.1305,519.5885,550.7399,565.1711,538.3438,507.396,503.2399,493.7078,469.7024,466.8288
580.8331,581.5952,573.3356,566.6614,548.3536,547.2726,559.6472,557.0709,550.6632,552.4007,551.4185,544.4888,543.8663,560.6816,571.1299,548.7177,541.7419,552.506,560.0538,565.2496,545.7956,534.1,523.8909,553.6343,545.2629,534.8129,514.928,528.4615,545.1835,545.8648,524.8319,539.4921,521.6138,525.7707,495.0744,448.8898,518.8293,555.1547,549.6942,553.3501,555.993,564.1707,570.1827,555.8049,545.6846,551.237,545.3071,531.4313,527.3021,529.7592,533.7226,525.3602,516.0667,516.1038,522.447,525.4294,529.2435,530.0042,504.8376,498.8537,526.8377,533.5401,539.8306,538.6204,512.4028,436.3548,518.0582,533.9075,527.8981,517.4194,515.7601,515.2607,517.7212,501.1817,511.3538,530.6679,531.7831,441.6868,402.6018,430.0122,463.9371,493.5055,528.8328,527.7631,519.1216,501.5223,501.8942,534.0272,543.1837,531.7294,506.6376,439.7872,385.7119,435.2158,393.9863,406.9778,442.9539,400.0125,395.1627,376.0391,363.825,393.6388,447.5276,476.1636,469.6736,442.2753,414.8887,389.1897,424.8097,506.382,511.1923,456.24,367.4585,513.2363,577.002,398.3102,345.238,339.9949,423.1262,490.385,550.0508,570.9255,553.5687,517.2859,489.6366,473.1465,457.3549,475.0965
538.4884,550.5876,575.7978,579.6718,558.4141,556.2438,560.5908,547.7275,540.5737,553.5154,564.3055,566.6996,562.1163,567.533,582.6169,578.4942,565.1995,566.4385,564.6754,562.3462,554.712,558.2285,552.7071,565.5095,566.6145,565.1431,536.0261,536.6924,540.3175,543.1597,533.866,569.5842,562.1726,553.1827,520.8297,479.0904,514.7182,543.864,553.0154,555.2243,553.3261,567.0788,567.6149,552.2231,544.5703,540.4646,527.632,516.655,529.2545,542.6464,543.9732,536.2562,512.9213,515.458,504.8641,513.2986,523.7316,531.8438,500.9504,506.9221,520.1898,534.1993,547.02,540.0131,513.5951,454.0707,517.7407,519.628,529.6716,520.1334,517.6863,516.3905,515.2368,506.4895,501.0184,522.6398,530.2249,445.3547,402.7676,399.1969,410.7947,429.3898,483.322,511.3199,518.7401,533.8352,531.3628,498.0213,491.1719,521.6773,521.7495,480.2634,416.5453,405.5225,358.9336,390.7652,399.4156,429.6162,454.0832,434.9679,414.8687,397.1489,435.3398,495.4408,479.9206,436.8848,393.8808,355.4616,424.035,483.4013,585.184,460.7313,270.5682,388.3708,497.9266,298.5605,259.9864,283.7251,323.4211,455.0348,530.8585,535.3466,521.6651,490.3588,509.5396,519.9311,491.601,501.6471
528.102,533.212,557.8468,570.9898,556.3112,555.0836,566.6528,561.8132,545.4001,544.4418,542.5403,542.9734,551.4937,548.334,541.2352,542.5934,542.2693,555.4895,557.5012,558.3085,547.1683,550.2211,549.6389,559.5908,546.5741,550.8848,540.7712,544.0583,548.6931,544.2605,536.9932,531.2076,511.707,527.0873,520.1802,501.5327,519.1554,532.6665,536.2754,548.8987,547.02,551.3954,558.2707,552.8275,547.4887,544.2212,535.778,527.6079,536.3685,549.8582,538.2081,518.2377,522.5346,509.5283,504.6095,507.9523,515.9117,531.4764,505.7559,510.8617,528.0391,534.623,540.34,531.9254,518.7167,488.4163,540.7317,541.3406,528.3415,515.2137,518.3942,523.6391,531.5568,506.3629,503.1666,525.293,532.0944,521.9252,476.491,448.2934,443.0536,441.9119,473.4376,513.6389,519.3813,525.7423,535.7604,511.4091,514.0586,528.6319,478.5641,441.8497,417.7954,376.2463,351.3396,374.529,417.2928,430.6872,462.7079,454.4758,443.3696,425.9623,471.8712,505.0843,487.1586,460.6722,434.1692,405.258,479.4083,501.3805,557.8071,376.6876,153.3731,187.7941,265.1189,148.2775,173.1264,248.6187,285.3686,432.998,519.9142,502.7241,488.9734,454.7013,499.0065,539.8469,524.0046,539.458
536.339,550.9493,571.7573,575.5621,567.4786,562.7017,561.6614,543.4512,522.3558,534.1617,543.1386,548.5144,557.9096,548.0236,520.3723,544.192,541.256,553.2488,554.757,556.6248,562.4715,569.6965,559.3186,554.1678,553.1424,572.2571,549.9623,550.2897,552.9944,554.1167,537.6051,535.1945,504.348,518.3049,524.7856,523.1057,534.6036,536.0944,529.7903,543.3513,549.6348,553.8353,552.8882,552.0667,553.6862,547.4787,540.8179,533.2405,537.4308,554.3885,516.5391,464.4131,523.728,512.9111,513.3682,524.8594,535.6821,536.4258,505.9437,496.2174,523.8212,532.8613,540.247,520.6312,491.7649,512.0216,543.1474,538.5046,535.7559,525.8055,522.1241,519.3309,523.1572,509.4006,496.0185,511.8755,538.0493,520.9188,479.0277,480.9894,477.81,458.7007,474.0401,509.9135,524.2631,534.7415,557.9197,565.831,518.251,450.8407,418.3694,409.6443,386.7449,329.1143,390.2241,422.4651,459.869,434.9676,487.529,490.1575,483.3372,436.7084,471.3635,493.1923,497.4691,488.6671,479.974,486.9931,533.0632,543.7066,393.7793,235.7629,115.987,117.3186,135.7385,122.8844,175.185,247.0902,315.321,463.85,538.9698,502.222,466.4978,470.0299,505.4605,518.2167,503.5481,547.9976
563.8181,549.5505,542.2717,551.5662,554.2019,553.4437,551.8729,544.5732,532.9511,541.5827,545.3152,543.1024,550.4787,537.6797,505.6489,517.4825,517.853,530.8775,543.2943,554.1623,549.3681,557.295,535.5133,547.0613,525.8539,536.9937,531.1147,538.1297,546.4644,547.6204,530.2648,512.0601,481.6194,513.1198,533.3458,542.8426,543.2935,534.0203,521.9172,535.6817,541.9223,542.9543,549.8411,557.8078,558.3,548.7282,536.7387,529.6498,540.7158,554.6649,502.2462,437.0176,510.4379,507.1463,508.4442,518.6791,531.675,541.8577,498.7965,502.0194,523.4307,530.5553,536.0884,515.5713,484.1541,511.1251,543.4172,533.8663,517.7768,503.4298,504.1454,506.7497,525.5024,514.8046,500.5172,515.6884,514.802,467.557,396.5644,433.7033,462.8296,456.4215,470.1579,511.089,529.1547,526.3028,544.4056,554.2079,508.3423,454.4402,439.3772,450.4338,451.7393,386.8483,404.5406,455.3554,496.7897,491.1459,504.6686,520.1843,518.9518,441.4082,470.9714,492.4312,476.5968,477.7292,478.8345,476.0436,498.295,504.5999,382.2368,214.2924,308.1148,172.691,173.0145,226.4396,247.6959,259.1016,315.068,455.069,574.5686,550.3847,507.5409,518.7664,508.3118,477.4363,452.2867,491.0167
570.5734,544.3443,526.677,541.9786,551.0906,550.65,549.0416,555.6573,553.0694,550.7319,547.9836,546.4548,553.7453,552.0385,511.1445,546.9557,546.1735,547.1096,550.6315,552.6044,539.8865,555.0632,545.6235,556.2532,537.3467,547.149,549.6964,553.9571,558.4294,561.1039,555.8536,555.7118,543.9907,549.7758,554.1404,555.8237,543.3817,534.3456,530.0556,539.8975,549.3814,558.3581,560.5701,556.6949,552.3761,544.9056,537.7764,526.6281,525.5441,547.7766,513.7495,458.0914,532.0757,528.2095,527.1985,524.4893,527.3696,538.2635,494.9413,496.4879,519.8703,526.3967,531.6816,517.0114,503.9027,496.8432,542.09,518.455,497.3529,498.9022,506.0234,513.5784,519.5096,509.3829,494.8061,517.7919,505.5512,431.0465,377.2822,398.7918,432.7125,457.4689,480.5726,510.0508,529.9388,529.9005,537.2905,522.6503,449.735,401.6888,417.3467,444.2032,477.4387,453.5482,393.577,439.6747,522.4977,511.9556,496.7271,533.9733,550.9139,467.6754,467.5071,497.9944,471.7035,464.3238,456.7633,423.1236,476.1425,480.6879,369.8149,207.0994,310.8958,149.4484,159.5744,291.1796,330.4993,339.8853,353.4363,391.855,515.1458,539.8865,521.8519,565.1097,535.5424,479.7265,458.097,453.3153
553.7748,535.3503,532.3884,550.2893,559.5101,559.7089,560.5181,561.3707,561.976,564.4943,564.0925,556.5787,552.0532,548.0196,522.6768,556.8967,558.6629,546.0338,551.3174,556.0211,554.8708,559.1993,566.6645,562.6069,565.7302,546.8654,548.4844,549.2968,549.9034,558.3137,551.8123,561.8541,569.7673,566.0623,566.4666,569.3272,562.3807,562.7109,568.7578,580.4319,579.9392,573.2125,571.53,568.7557,561.2405,551.329,543.5386,536.1912,538.9681,559.3405,536.5753,497.5287,548.5664,539.0867,539.687,543.3306,543.2931,525.4222,494.9134,488.6039,513.7873,527.0854,538.8932,526.8208,518.6553,519.5051,535.1251,524.9197,512.0793,521.3112,522.8595,523.1584,523.8068,509.7895,502.1534,516.4348,505.518,421.383,376.6133,421.1596,464.4782,490.2661,509.0791,527.1667,534.6049,534.9188,538.8337,491.498,412.9583,409.9422,466.5178,487.974,466.9753,449.8413,394.8803,434.0587,522.2963,392.4919,431.347,466.6723,486.584,430.7371,442.2607,494.8172,472.5689,439.7353,407.1245,406.6281,448.3488,443.4367,437.1802,267.7686,320.8005,331.0676,277.9651,374.6411,409.227,416.9087,402.0455,382.6621,486.9179,543.0552,514.4365,551.8954,520.5406,451.2487,417.2073,437.7798
567.3835,554.8309,544.0772,548.9703,549.1779,550.116,556.7155,571.9204,578.727,578.4289,570.3548,553.2041,557.3962,552.9305,534.8786,549.498,554.0807,551.0299,564.8768,576.0476,559.2978,553.6246,557.6112,567.5744,574.6006,550.7134,549.1633,554.8681,561.1091,561.6964,535.2339,550.3311,552.8314,558.8631,561.7847,562.6286,541.8751,535.8181,541.696,549.8654,549.0369,540.8844,537.1786,537.3773,540.9849,547.9741,550.0121,544.3773,542.1329,547.1736,539.1205,528.1539,549.5278,552.4162,542.6264,554.6628,557.7789,526.1847,497.6947,492.9921,510.503,528.0588,544.3727,540.7046,537.9861,549.7455,541.5593,533.9651,522.707,528.8977,527.9379,525.8517,525.0876,506.0991,500.7,513.0414,519.0797,446.7351,384.3224,441.1934,500.1782,532.1497,511.9807,512.599,537.371,539.7072,556.2763,546.29,503.6461,484.7011,463.3226,398.524,339.2673,379.4694,361.6537,418.8937,389.6519,263.5275,285.2305,282.5469,281.6099,304.0288,419.1823,524.0669,496.4942,464.8694,433.5182,441.6248,450.894,460.3056,543.0285,332.6719,325.345,363.0288,434.4816,541.6519,564.713,563.1197,509.6247,471.1056,481.4012,456.7335,470.9156,534.3081,512.714,453.8299,415.6332,449.428
551.8438,553.4792,543.3029,539.9811,535.6141,544.7789,555.1066,557.6004,562.5154,559.2795,554.1484,549.4949,555.6771,553.5913,542.4192,549.5471,553.8712,554.4583,571.5804,585.0571,561.1082,561.2212,564.3188,575.796,568.4916,563.5078,554.5109,557.6576,561.9672,557.639,535.1257,541.6616,537.054,547.9185,548.9786,544.5261,529.6195,530.8883,542.4016,540.3868,541.1789,538.3973,530.3405,538.6326,550.2672,552.5482,550.6338,540.0381,535.4611,544.9745,543.728,531.7085,531.7441,541.922,543.0367,553.9969,558.6427,535.0129,499.7775,498.393,517.3417,529.3255,540.7504,542.5206,526.1098,534.1563,541.3855,538.6683,529.3772,526.9832,527.2018,527.6624,528.6676,512.5522,509.7688,522.5999,527.8953,462.0812,413.6672,448.5268,495.1828,530.752,498.8765,479.9865,517.3,547.7336,565.4714,553.1342,543.1376,522.4825,421.5773,297.7448,213.8721,304.8175,428.64,443.7334,345.6615,258.6732,156.7836,150.1964,142.7564,149.422,290.2508,478.5356,486.0475,474.1303,462.254,456.2821,488.4912,481.6747,564.8392,346.7025,254.569,365.5949,477.8396,593.5095,592.9719,560.3762,556.5637,540.4474,502.0998,472.2623,424.5422,409.7032,458.0782,502.7766,526.77,544.9268
546.8677,556.9851,551.6301,547.9387,553.1444,560.2919,549.8953,535.0333,539.3898,543.5286,548.9076,557.7062,564.7397,560.6495,553.8047,555.3705,552.4288,544.5978,553.1575,561.2449,563.7677,558.5607,557.6379,558.9544,561.23,548.431,541.4382,546.892,553.4728,561.3808,550.8198,560.7236,557.0966,549.9579,543.8648,537.9805,526.3734,529.0266,539.9527,546.4848,549.9693,543.7781,542.8823,545.826,541.7106,536.3354,537.5477,539.5151,542.1925,550.4097,537.8504,526.0475,526.8181,521.4989,522.5142,534.1354,544.0546,540.9675,510.7896,496.2426,513.3918,524.5383,534.8806,531.677,512.0314,517.3216,523.5657,524.1508,505.4268,502.4503,506.1991,510.5927,518.9087,506.6033,504.9075,512.3439,513.2211,501.095,469.0115,491.4473,516.9479,527.0619,498.2053,470.925,493.9834,542.4926,534.413,517.515,526.0345,448.5844,305.1471,184.8329,190.6593,325.8148,351.6396,289.3751,236.1959,177.67,136.4739,139.8712,157.6617,238.9616,244.0096,488.8569,514.9551,483.9899,453.2053,448.452,478.3338,492.6487,502.5032,313.8989,205.8926,302.8439,464.5802,541.3637,518.5983,474.6299,530.4772,622.0226,582.8212,509.6135,395.5438,354.8404,444.0535,507.6795,517.2037,503.9443
563.9895,574.8328,571.0364,566.0376,561.1515,553.9344,546.0261,538.0251,536.5779,546.8361,553.6422,558.4678,573.4393,573.5228,569.4632,558.5674,543.7548,552.1243,561.1883,569.3494,567.1772,554.7654,547.2513,552.4306,557.7433,551.3743,551.7274,559.4316,567.7807,569.6737,543.9592,564.8193,576.3505,572.7402,570.7535,570.3376,557.0151,549.1561,546.7932,554.2421,565.5085,566.0692,556.1392,549.2845,543.9973,534.7535,541.5536,551.6321,548.6298,555.6028,540.0303,516.0124,524.5463,504.9005,500.4948,521.4136,538.3051,535.5203,513.5161,493.8881,514.8433,520.5355,526.2117,530.8676,514.0317,515.2459,517.414,510.0046,497.8306,503.7197,508.4947,512.9021,519.4916,507.5216,508.5319,505.545,504.5673,520.9358,533.5247,567.8672,581.191,575.5583,533.2327,480.6931,471.593,518.0031,531.7498,512.1165,430.1842,299.0168,256.2794,220.3927,192.2605,169.558,185.6722,200.7834,156.008,163.6062,121.9291,94.5989,100.0099,257.1604,252.1068,494.4417,527.2061,483.6086,440.4427,459.503,538.1954,492.6993,458.3523,346.6697,154.9022,241.6594,371.6375,487.1198,488.2346,459.2281,458.4586,584.8583,621.3931,535.4722,389.2198,343.4012,391.5201,423.5276,432.2208,428.7254
576.3132,601.676,591.0763,565.389,550.0275,544.1696,542.413,549.6633,549.7564,552.9982,552.9526,550.7953,561.3093,568.215,570.4017,561.7529,552.0293,557.3835,566.7001,574.2017,562.9393,561.3431,553.2173,555.5418,549.1216,557.5449,556.0224,562.8542,570.5329,571.1721,549.4818,559.0466,562.8075,576.8133,578.991,575.6315,551.0128,537.6452,534.4404,548.465,574.2477,571.8096,547.3137,548.046,550.9247,532.593,535.6804,550.1601,550.5143,556.1741,539.7511,516.2838,527.42,512.0381,509.5512,529.5737,544.8671,540.2352,523.5733,490.1911,514.1454,521.8167,529.3634,534.8315,538.2064,541.2214,535.7385,529.4031,512.7158,525.6074,530.8828,534.8176,531.969,514.6373,523.4738,513.6352,524.9801,523.9946,465.875,478.7091,515.6483,540.3517,550.0585,513.6269,490.651,552.4814,579.781,538.8951,419.0276,264.1052,222.3413,159.0513,93.2795,115.0739,145.2563,93.6624,96.3762,103.444,122.1286,240.9496,331.9851,272.9888,269.2196,532.5235,468.1319,420.1721,372.4455,358.3339,510.413,484.4928,453.2887,391.1096,265.0013,254.3988,302.9848,426.4431,442.3465,424.8699,372.392,421.5272,466.9208,541.3278,483.7493,401.7636,375.7032,376.6414,389.9121,424.1743
569.051,574.7242,561.5794,549.5822,542.5213,542.8898,549.9514,559.327,560.5192,552.0027,546.579,548.3118,552.1826,558.2271,556.3918,559.7023,551.4768,562.0114,572.0004,579.9299,567.148,573.9656,565.6689,560.6021,565.4539,570.7665,555.4374,559.1089,564.6868,557.032,544.1989,550.1136,547.0385,557.2901,559.7353,557.7216,546.2412,537.4627,532.0718,545.9984,567.0421,559.4164,549.2049,552.2455,543.9074,524.4787,519.5475,529.3788,537.026,551.7242,550.4747,524.3627,529.1174,518.9645,512.2418,535.3269,551.9713,542.7751,525.0374,492.4589,520.3829,527.0958,533.4811,534.6679,538.1743,542.39,549.5696,544.1994,518.7808,534.4574,542.5219,549.0969,536.1141,521.8329,526.927,519.8311,532.6621,494.0215,437.139,405.6631,426.0422,468.9036,498.9585,489.2718,490.4727,536.4578,590.4356,613.8172,477.2803,286.7531,247.9401,197.8194,131.7426,110.3219,124.587,64.5767,82.3259,140.2351,341.6026,338.3429,329.748,296.7812,318.5193,496.0065,417.0594,332.6782,248.124,138.6207,321.6914,506.9485,484.6671,510.9321,404.0552,342.5722,333.854,286.1895,281.1084,290.5476,203.5687,188.1263,282.8309,465.869,549.005,509.3068,417.3301,376.4045,385.5641,400.3329
549.1465,554.9019,556.125,550.1448,550.9827,557.6104,559.3799,558.1312,563.9328,559.6752,557.2095,559.3828,559.0544,551.688,559.1865,563.7283,554.6143,567.598,568.7678,569.7242,568.2556,564.6643,563.7969,562.342,569.811,575.7996,549.9228,552.7816,558.5271,568.0801,547.5086,540.7438,539.8438,540.139,537.4685,533.6879,540.0082,538.3184,530.4862,544.743,553.5565,537.7202,540.9979,548.8765,538.1119,525.579,519.5235,526.1481,540.8618,557.4979,557.1,537.2038,536.1236,527.3392,520.0773,540.3465,554.0389,542.2522,526.6086,498.2244,521.2222,525.897,530.3143,530.5441,529.8077,537.6238,548.0499,552.6031,532.9991,530.3509,531.7571,533.4499,518.4084,512.5931,523.1158,516.9781,531.3087,507.9622,435.8021,396.3223,420.6411,467.6327,511.9842,518.0081,502.5573,502.2485,513.5288,501.7701,417.3087,310.9944,249.4794,253.0309,325.544,242.5752,75.237,113.8682,203.9279,326.1081,333.48,333.4622,323.9305,276.7844,337.8665,450.3403,328.9719,221.6309,115.6994,212.9901,272.9885,500.7368,522.2407,556.2296,479.3616,454.4329,364.6195,331.7837,301.9828,268.4734,174.3778,114.3142,161.1742,342.3651,522.7205,586.8992,466.3381,361.24,336.458,340.7895
540.3394,551.1636,561.1646,571.2733,574.0573,564.6268,554.1296,545.9232,549.0609,557.8232,565.426,568.5318,566.8968,565.493,564.4651,561.3204,555.0521,563.3597,563.2692,563.0875,561.5206,554.3118,565.1418,570.0695,573.3054,566.4979,558.9263,559.7634,561.3907,572.7214,553.4258,551.9314,548.7283,551.5837,549.8729,545.7557,545.4346,540.4083,532.2381,547.6227,552.4312,531.3038,531.5233,541.3012,539.8276,539.5815,538.1685,538.5063,544.3323,555.0317,554.3751,533.5564,534.3651,531.2004,521.756,536.27,547.7267,542.9598,517.663,496.1383,520.9238,523.2599,525.3491,523.265,515.7702,512.7881,528.0186,536.921,525.227,513.455,509.8589,507.2858,502.327,505.6708,521.5183,509.191,522.3962,523.7023,429.8962,415.8858,451.7612,482.6613,508.3312,511.146,512.0586,495.5871,438.2314,384.9946,393.3059,389.1751,300.9175,278.3885,339.1585,339.2428,329.1472,339.2133,331.4265,330.9702,333.2064,338.7611,337.4809,310.8412,374.7906,475.8621,259.4561,171.0442,83.9886,192.5069,218.4754,481.0818,532.2933,501.6675,493.5731,552.7307,338.0931,316.3695,344.7523,371.029,213.8611,136.3864,116.9244,224.3477,412.72,579.1237,586.3745,483.0088,368.841,345.4291
548.9058,556.242,567.1246,576.6818,568.9518,562.5501,561.938,561.4028,562.8043,571.6893,576.8472,572.7869,567.2318,562.7891,558.9476,560.9577,566.1942,542.0102,555.53,567.3926,561.4702,555.1449,563.9341,585.1681,567.1075,566.4655,570.2343,571.9906,573.5355,567.0886,567.3104,561.8597,554.7839,556.3971,556.992,556.3254,550.1655,541.2941,532.2785,542.1226,551.0658,543.0419,537.2803,540.5016,544.2104,546.7443,548.603,552.277,562.4202,571.2491,557.5563,528.6061,521.9099,524.6339,530.9313,542.5677,551.2942,543.7607,515.3598,501.4197,519.3223,524.3591,529.3487,533.3776,531.5449,511.5214,526.0273,528.1098,526.4114,516.7177,516.2543,517.0596,505.3713,501.2398,523.3431,508.1114,522.9078,558.9966,489.2303,452.1578,461.9385,475.3101,465.823,465.8519,542.7443,595.3481,524.7111,410.5769,381.8967,396.7091,352.6072,331.5928,339.8684,334.3117,334.9235,330.2694,326.0171,335.7865,337.6047,322.4294,323.6232,405.9253,427.4941,431.7722,199.7706,161.8309,124.2251,134.7793,220.5402,348.6674,448.5396,472.1316,522.8276,532.2267,352.8351,311.0439,355.7555,412.9844,366.8994,198.4562,150.1035,165.7315,330.6388,523.7687,562.0803,488.0891,391.1601,358.544
567.0245,556.7658,555.5834,571.9775,563.7257,558.5802,568.9583,576.2101,577.0038,578.2685,575.127,565.4427,563.1384,555.6902,549.4692,558.732,559.4045,517.1265,541.0667,563.0475,564.9363,579.2863,573.6773,598.3597,567.8066,557.7843,562.0923,573.7218,585.9547,560.4079,566.7647,562.3736,553.4216,565.4227,566.7731,562.2351,556.5278,552.0416,548.4112,549.53,552.7825,554.8447,548.2995,549.467,555.973,554.6342,554.741,556.179,554.0044,550.6737,540.338,520.0441,522.4016,521.1833,535.1332,542.6895,549.1336,547.1714,526.738,510.4997,518.701,532.14,545.2584,552.7984,548.4482,526.1425,538.371,543.0158,518.4573,513.7032,517.0911,521.2458,513.2364,501.6923,516.2061,500.2906,536.8845,530.8528,411.5921,447.5078,497.8798,502.4371,509.1636,504.5017,595.6432,642.6082,556.6652,501.6249,444.7992,365.2089,337.1707,327.9669,342.7606,340.8898,331.1096,321.5587,330.5011,318.0341,246.01,311.342,380.8466,458.0659,437.0778,438.8602,246.4348,287.2951,327.442,264.7236,243.3184,264.5509,421.3828,490.4196,476.3529,494.7369,342.8467,322.8423,358.8299,399.4801,360.7773,337.1739,272.5047,229.8452,367.8288,491.6749,477.5427,400.787,315.4402,295.8745
578.5999,554.5825,550.5403,567.9706,555.9228,555.2366,572.6182,578.4111,580.6785,573.4211,564.3614,555.351,558.7758,563.0139,555.3295,559.3829,553.6707,501.2682,531.0929,559.4325,571.2116,572.6105,575.3809,565.4313,562.3506,556.9265,557.1943,563.8961,571.1655,547.4194,562.5876,557.1344,552.9149,564.7142,567.2744,565.1776,559.7493,556.7881,555.7664,551.707,553.3605,555.0336,554.691,554.93,555.8982,558.4321,552.0369,537.5355,536.8803,550.2021,548.9293,531.5947,526.161,521.0023,535.9319,539.5901,542.0012,539.4073,533.3041,516.4033,525.405,535.3054,545.1832,554.4407,556.2961,548.8741,554.2326,555.019,523.5914,516.5672,522.9587,530.7279,526.1996,509.6781,518.1454,497.4058,516.2646,464.918,429.486,421.4482,417.3209,414.0536,413.5063,451.7768,519.7449,492.7227,454.4561,559.3141,573.1071,437.5651,373.5273,360.4462,355.7657,278.4561,329.125,335.3363,327.6831,270.7152,231.2108,318.2981,399.9884,451.2932,497.3574,515.5751,312.2828,323.738,335.4386,382.519,326.8219,355.2502,465.0058,539.6812,476.2911,490.799,442.1089,397.3613,431.5687,485.9469,404.4004,341.7972,327.8555,286.006,445.1427,590.3571,546.4888,449.1089,365.3532,335.7941
581.3507,562.1893,563.097,571.6243,554.1408,552.959,571.9242,578.6031,576.643,568.6032,560.8712,556.093,559.4121,566.9813,566.5405,567.9857,563.2451,516.264,535.5859,554.2921,565.0594,555.5287,560.1794,520.5526,554.7224,561.4697,558.1545,558.8483,559.9726,551.7184,559.1275,554.902,549.0565,562.3149,565.1746,562.4886,559.5692,559.409,560.6598,555.7887,553.3418,560.3656,569.7004,558.437,545.3453,548.0473,546.3642,538.0888,537.5164,554.2918,563.5662,548.0332,532.7081,528.2662,538.0882,537.8442,538.6074,541.2552,533.7754,524.188,534.1794,532.3166,531.1888,541.4852,540.0312,559.7435,554.1541,557.1392,527.57,498.1533,502.7689,511.6797,523.2399,504.9995,516.3479,502.0824,508.2395,490.8981,462.9218,486.3836,513.8564,529.6675,496.1076,518.9742,537.6423,457.8138,463.0556,621.695,621.2949,471.7978,446.732,451.6691,439.4928,369.6771,339.6286,199.6114,341.0466,309.3859,237.0143,316.7937,393.6082,453.8518,503.1769,468.987,396.332,391.2302,386.6794,461.5947,445.3724,399.8594,524.5052,599.2903,547.3137,495.9175,502.6405,469.3188,447.8167,432.7296,357.8214,336.9592,334.7858,304.9664,547.0106,680.1384,610.1379,559.8149,543.4098,505.9837
583.2664,576.3635,580.6107,584.9182,562.3182,556.1235,572.8174,578.2145,581.7036,580.5068,575.8757,568.7339,571.4161,565.0941,566.9741,577.2586,576.0928,544.4218,549.9604,556.1058,567.3413,557.2866,551.6804,467.407,549.4442,564.8776,556.7836,555.3859,554.7432,551.6414,542.7667,552.3715,542.2064,549.3947,552.9019,552.6577,558.3185,564.0836,568.6177,573.6682,575.2548,568.6045,559.2263,547.8218,543.1672,548.3112,545.0936,536.2548,540.0102,554.8792,557.9907,539.867,530.694,529.3003,550.5593,544.9144,537.7393,527.3264,529.8587,535.7088,535.4579,523.0294,512.4725,531.4269,532.0461,544.6764,541.5824,540.7499,531.3774,490.8577,492.6425,500.1797,497.6162,483.0812,496.2358,503.4769,522.0844,467.4277,396.6261,462.6429,498.5326,481.5917,459.7947,510.9641,529.084,391.3498,271.2989,388.9774,516.1596,471.932,451.6859,414.3356,344.2945,319.1143,328.7166,246.1665,366.7331,391.4309,231.6929,315.4496,399.8534,468.4196,417.4473,453.3905,385.2017,403.3914,421.7865,469.806,544.7034,449.6967,553.9755,608.1443,468.8445,391.2378,470.4095,405.6494,343.0234,291.8198,328.5214,388.135,367.8164,247.7125,307.6653,343.5657,376.3189,482.067,597.808,589.6885
585.9388,581.842,578.2646,577.0878,564.35,566.7723,579.9567,578.5715,585.1641,587.6896,586.671,579.7859,574.8444,562.4698,566.0109,584.4951,574.6286,565.2595,567.856,569.9452,566.1665,555.4625,541.2118,463.1537,546.5212,574.1564,569.9887,566.0345,562.281,548.1233,538.5676,559.0404,540.5018,544.9611,546.7023,543.8479,542.745,549.7918,560.4762,576.5374,564.5792,544.9288,542.197,542.3519,542.9376,546.4814,541.7769,533.9539,541.9018,556.8788,556.3327,539.0282,529.4008,528.8058,549.2489,541.0825,532.9135,525.8633,526.9825,540.9225,530.3018,516.1307,503.9474,523.6917,540.1411,516.2628,537.2313,539.4595,547.0903,511.8819,511.8302,516.7787,497.8968,483.498,486.6509,490.6327,509.7766,451.3101,410.3741,381.2481,378.1821,392.5798,438.6657,527.0484,544.3652,387.9159,236.4037,312.55,434.4509,433.2335,428.3484,342.9702,194.2011,260.0522,390.3417,314.1406,352.5598,390.0943,304.9293,394.9665,474.9899,485.4884,409.2131,417.6541,420.4398,453.7792,487.2534,540.1653,535.7762,458.6013,466.8152,491.3666,311.4715,326.7605,397.8846,526.5987,531.9449,500.4754,434.856,466.546,411.8152,309.4459,203.2691,193.6044,224.0434,321.9634,483.8948,531.6558
583.1297,579.0707,570.4966,565.3884,556.5107,562.2791,576.1474,569.1163,571.4326,585.0675,591.3228,583.1657,579.0482,568.636,561.6255,571.1922,565.8492,561.9085,564.8411,567.1658,563.1935,561.9528,549.1847,436.2282,563.6876,574.9986,580.2763,585.6028,590.943,568.1006,543.4122,567.0345,546.8355,539.8857,540.7524,541.4351,539.5434,539.2144,540.2148,548.9462,549.9767,542.9913,542.4299,544.3606,548.1857,556.278,557.7889,551.7375,553.0417,555.8677,546.5355,540.0101,533.7878,538.3861,553.1017,545.2941,536.9671,526.1938,519.5266,541.8068,538.0328,528.7261,520.4282,528.6257,543.1262,501.7077,534.4865,534.8898,544.618,534.697,534.3154,535.3969,516.2286,503.2124,506.1974,506.2775,513.5468,458.4267,376.7239,349.2719,377.2266,420.867,462.2149,553.1207,504.4403,314.646,231.7009,289.5072,358.2742,401.0558,464.5296,473.4226,367.9677,312.7097,431.9636,451.553,377.3191,427.675,379.3089,466.2881,534.8301,499.0938,447.2383,424.9001,534.9702,537.2238,539.6863,572.2554,559.7537,494.2093,395.7032,406.0574,367.3557,313.2238,402.5129,532.7741,595.7448,639.6913,659.0077,667.5979,549.0252,332.9087,195.1206,213.1586,222.4003,263.687,367.2351,434.778
586.4521,574.4117,565.3107,563.0443,553.2097,561.0478,578.465,570.7078,572.5461,583.3004,585.7567,573.3347,572.0872,568.8538,557.0117,569.9365,564.2501,561.3473,568.7354,574.3295,561.2498,556.1868,553.8342,430.0204,574.7164,575.7289,586.6379,579.9951,571.6129,576.3604,553.3983,562.194,551.2297,550.4958,553.4375,555.8054,550.9211,545.9901,542.6105,549.5775,548.4296,537.6164,544.5863,549.5166,549.9126,561.0376,560.5049,547.3442,550.3331,563.0945,557.9124,552.2136,545.8939,549.5509,561.4396,555.194,546.4084,528.5639,520.6199,543.0934,540.2889,541.0114,541.4971,538.5648,546.4412,496.3678,533.1639,527.0427,543.8604,550.2028,541.8436,531.7659,521.0441,503.9735,519.9944,526.3705,522.6406,499.4109,459.0218,474.5958,474.8837,449.9121,451.9091,559.5205,487.0705,322.5796,309.4933,349.0387,299.7248,249.404,357.3036,458.9958,485.0948,430.0877,496.3752,556.8412,426.0056,449.5436,464.6504,475.9793,487.3659,493.6076,463.0812,453.5483,663.2357,613.2234,563.4656,550.3957,719.4116,560.9955,407.1416,367.7486,393.1068,255.039,284.7065,313.8693,344.9281,378.9547,536.7943,718.1264,619.2341,363.7949,240.4749,287.1283,230.0528,201.2337,277.2926,330.903
579.2124,563.817,563.3807,570.8411,562.4045,564.6102,578.3506,579.2267,578.9222,580.1299,577.1312,569.024,571.9759,566.0628,547.2783,571.3926,560.9459,561.831,572.4982,580.142,557.2571,562.0415,563.4225,452.5469,569.2637,582.0242,584.1035,548.4032,509.2036,565.1846,556.0804,561.9688,558.8652,555.8035,550.4024,543.7556,551.0892,555.0287,554.2595,556.0458,555.7089,559.9193,566.3514,551.4761,541.3105,553.1097,553.5538,542.9225,547.6663,564.429,562.9357,546.0737,537.2494,545.7379,568.2863,563.0646,555.5359,539.2217,526.6536,531.2098,539.6287,544.9752,549.2953,537.6201,541.1275,507.0277,533.5337,528.2603,540.8905,548.9127,541.8868,533.0214,531.6408,518.534,523.3165,519.6904,521.4746,539.9136,531.1249,573.9971,569.61,520.6049,487.253,468.3535,380.1432,283.6503,300.0461,312.1589,219.0236,165.1897,209.6938,305.2297,437.6186,453.1862,488.2523,600.3366,497.0114,506.4986,533.4844,466.8562,418.9024,456.556,400.9566,538.3654,599.3802,564.1014,528.8941,504.0053,757.3203,644.2496,444.544,279.7209,212.3897,153.8097,132.333,225.1144,269.4023,293.8129,262.5767,488.6992,449.3248,347.078,319.743,418.5447,392.8968,279.5191,202.6573,181.2659
577.3467,558.7873,563.4595,576.0745,569.7902,570.2708,580.89,587.0471,590.871,582.2906,573.596,569.1931,574.2592,571.3523,566.7612,575.3575,575.2941,573.0976,581.4106,587.2178,567.3648,565.4306,573.9518,496.877,564.0134,581.9532,582.8985,546.4365,506.5616,565.5156,569.0139,570.6548,544.9882,548.2339,548.4283,543.7214,549.0725,557.598,565.5045,572.3579,574.985,580.5906,573.2611,558.6691,553.7775,552.434,547.9945,538.502,543.4378,562.6836,557.5239,546.1481,548.4141,549.7964,567.4384,562.9987,556.8066,544.2602,534.3176,530.4011,543.0391,549.7086,554.6284,532.2653,535.6447,513.0768,532.5417,533.5552,537.7371,552.8113,546.9575,538.3133,538.7114,527.1046,534.037,536.4965,532.7563,556.8963,557.9831,557.9321,537.6782,502.2379,497.8566,434.3576,336.7504,307.7902,294.8822,229.6669,185.8109,200.9066,212.716,239.0279,305.7629,379.9061,462.4368,599.3155,527.9282,453.1839,479.2794,466.5654,462.0844,495.6218,495.8804,615.8307,520.5422,499.4222,478.2409,448.2099,602.3799,505.3171,399.2587,323.1237,220.9978,148.0379,186.1589,154.4307,237.1106,356.5062,412.0355,449.6883,419.7427,402.3456,378.3725,548.5139,531.9392,366.0009,254.0191,154.2626
578.6988,567.429,569.6006,578.2774,576.0461,572.2163,582.7899,587.4929,583.6662,573.402,564.6403,566.376,581.0032,579.2361,575.5554,578.4258,571.287,567.0769,577.7446,586.7694,578.0264,566.6261,564.8719,510.4146,559.7296,579.4112,584.9358,554.8052,521.4133,568.4161,555.5334,557.4169,547.2684,543.9595,543.5246,542.8613,548.2801,555.4035,562.0467,571.2457,570.8846,569.1729,564.7877,563.5261,564.3906,559.0023,549.0029,536.431,542.9124,557.7593,545.0112,534.543,540.5744,540.2013,551.9404,554.5916,552.261,534.6904,533.6497,526.8716,546.809,545.5491,543.2834,525.7608,535.1376,529.8736,537.8793,537.2697,538.4545,546.3485,543.772,539.7842,544.613,531.1414,526.6034,537.0708,558.8475,586.3968,444.7975,329.8221,333.8562,375.5994,457.192,442.2636,341.2032,285.8031,300.5686,278.244,226.0948,222.4893,200.188,232.8822,329.9008,370.6277,412.4009,458.7419,426.1215,350.463,420.623,504.881,586.6292,639.2644,581.2651,470.8404,498.6157,469.5101,439.9787,349.0543,328.9327,228.1562,214.8858,176.5352,128.4088,91.0949,203.1936,277.5488,320.9118,360.0845,394.7749,334.3948,307.3621,340.0476,461.4829,562.117,453.3188,315.817,246.3636,198.7145
575.9419,570.0674,575.1029,578.163,573.9232,574.6545,591.0353,591.8034,577.7047,571.7043,567.7377,571.7969,582.64,581.925,566.8481,572.3486,574.4443,566.8089,579.0747,588.741,571.3765,566.0988,568.0585,532.1012,563.3745,583.0155,589.2124,566.0688,540.2556,566.2698,566.7662,560.7619,560.9807,556.675,555.8492,556.8713,552.8637,553.5657,557.6817,570.4211,574.0884,570.4706,577.3268,577.6695,571.8851,572.4783,566.2255,558.535,564.6011,569.782,558.1221,546.6564,553.1855,562.8179,574.0986,574.5887,571.9222,560.2823,562.1057,561.034,584.0687,580.6461,576.0352,553.0206,551.2296,547.6486,546.9148,543.6451,556.2681,544.2194,543.0223,543.5215,550.1144,528.6779,535.7602,558.8875,551.689,517.5525,352.1523,290.5443,282.0977,258.9496,421.0007,501.0611,393.099,291.4923,309.9341,308.6089,250.6538,273.1669,288.7907,318.6562,394.1561,422.7887,316.3376,335.0458,416.2742,548.3585,635.9536,637.4344,658.5468,726.9573,400.9164,232.3298,302.5438,317.7645,332.0649,213.6439,188.0876,226.1485,179.5296,155.396,171.7848,308.0612,353.3589,432.3907,451.134,450.0546,364.1563,296.9326,364.2443,352.379,403.0145,575.3245,589.884,447.5707,285.0142,166.3552
575.3911,572.4799,575.8102,577.7787,575.5746,573.0042,580.8369,572.1562,570.2007,570.0264,570.9865,570.1941,561.7133,561.2757,559.4216,572.0405,573.3824,571.2894,592.3015,610.4841,598.4772,588.5104,604.1812,588.6626,601.4118,597.754,609.1536,604.3268,597.884,594.585,584.5419,575.3192,586.7224,588.5818,583.5953,577.7944,570.9996,566.1201,562.4007,569.4503,569.4395,556.9288,561.2498,569.5916,567.7828,566.6902,562.3137,556.2002,560.5,568.7379,560.8454,547.5638,541.7928,550.087,575.4537,571.3782,563.7761,546.2023,544.6629,542.5072,558.9763,556.3351,552.9165,537.854,547.9581,556.2779,553.7087,555.2084,555.326,538.3398,534.6018,532.7565,537.0568,532.9421,544.106,543.7631,525.3251,496.6234,388.1963,327.0447,325.8844,335.381,460.0966,538.9674,440.8923,337.6408,318.3995,326.9009,329.8237,331.6312,345.4424,362.3282,444.2019,486.8395,333.7746,454.0326,483.2789,365.4266,588.1182,565.9532,553.7467,557.7995,314.9211,189.6451,106.6843,131.1105,155.7297,208.1814,169.4769,219.4725,172.6159,232.1007,314.0065,333.2653,360.5619,358.7566,356.4971,356.1779,219.9412,189.4543,326.4776,332.2825,343.1337,545.7219,623.9755,519.4504,386.5193,247.419
580.544,583.1858,588.7864,596.0728,600.3707,600.7093,605.9811,586.1481,590.4774,597.0908,595.2018,578.6133,578.424,586.8599,585.5536,600.8415,595.8642,600.9359,610.2579,616.9734,597.537,604.7844,616.8864,581.0045,580.889,584.1818,603.4841,600.1824,594.6658,580.703,571.0844,568.7156,576.2611,582.4652,580.9722,577.1933,576.0475,570.5698,562.3848,561.0465,566.1293,541.0236,529.9699,538.2256,542.088,552.4543,557.2635,551.6415,552.9186,563.3565,557.4889,549.4291,542.7385,541.6103,563.6834,566.4005,564.2717,544.8881,533.7756,529.1857,519.7959,522.1434,524.665,530.2686,543.6466,545.5954,563.6564,557.6693,550.1438,543.6686,539.6295,535.8867,539.5381,531.6357,525.0307,539.3846,533.0392,533.2839,375.1209,270.5264,259.6869,265.7375,377.9044,519.5605,432.7562,320.3823,308.7621,364.9144,455.9558,440.6543,400.3258,419.2286,524.3634,491.0379,344.6609,465.8058,437.6961,195.6386,160.2619,158.3959,156.5041,153.8093,143.934,109.4069,62.4212,67.5873,72.8911,98.0551,104.7929,78.8202,192.2361,322.4929,341.6846,335.3411,236.1858,219.0762,228.4617,238.7259,159.6985,117.2734,181.8712,167.9125,348.6058,605.9174,541.4512,409.0551,373.2954,295.1097
583.3388,583.5583,586.9955,586.7128,590.4794,590.9086,591.8376,580.6036,581.7527,590.7693,591.0625,574.2619,569.5484,576.1849,576.0378,590.6599,590.7985,585.4485,590.902,595.3601,590.3185,601.8474,585.1605,546.1649,563.1314,579.1096,580.8377,576.8622,572.4391,571.5953,571.8683,561.9227,558.5826,565.3847,574.6348,583.9149,574.5963,567.0563,564.4316,567.9214,579.0931,545.1393,528.273,535.3364,535.7725,547.655,554.0566,552.055,556.364,566.4767,561.9893,555.3281,551.6565,545.275,554.1948,566.8912,571.6591,547.3152,535.0918,545.2025,532.2417,535.3137,539.0793,553.3752,549.4052,555.2023,559.701,546.7004,551.0148,562.5797,558.468,552.29,551.8686,530.8972,534.7151,552.6932,550.1731,551.5315,332.4847,201.6253,177.8962,161.4323,287.1475,495.4172,457.4524,352.2231,343.1009,434.8132,582.9124,580.9454,513.6484,523.4249,565.045,395.7914,226.716,206.4933,185.2006,126.6586,107.6844,132.4912,139.9222,73.652,139.3204,71.6749,105.0079,117.5264,129.5318,67.5756,63.8322,102.1799,305.6649,344.1764,344.6859,336.3278,277.601,238.5155,198.6222,156.6598,174.4312,132.3258,104.3913,110.1798,216.8656,387.7257,344.3444,285.776,332.5186,275.2157
587.1761,591.6172,590.4576,584.9023,584.637,587.4499,581.2058,573.2614,579.666,584.4781,582.1818,565.6838,560.3056,566.0449,557.3243,576.0439,589.1315,597.8577,601.881,603.5923,582.4031,588.6409,577.6595,529.7388,568.4579,572.5023,572.4717,562.4031,551.4106,547.931,546.1803,539.4404,542.8837,551.2789,560.11,568.8847,556.0233,550.9893,554.5121,573.9332,578.6687,541.9432,526.85,537.4822,538.7153,537.4523,545.6386,551.4368,551.9705,569.8632,573.1461,566.0709,567.2649,555.1534,556.1847,571.7091,582.9677,574.7869,557.6768,559.8497,540.2892,547.871,556.1711,574.7865,557.7009,549.4298,549.2167,549.0933,551.3449,557.7016,557.21,555.7995,556.8246,530.1398,542.97,567.8549,559.8456,528.3362,354.8928,161.8078,108.0873,120.3265,254.6697,468.6176,501.0249,419.4104,427.7596,546.2697,574.7896,506.2321,554.8953,651.9792,682.4237,408.5996,148.6177,89.9948,94.3368,73.8524,96.1731,77.0513,70.215,116.1046,66.5546,71.3969,157.6769,129.7726,103.5696,322.6676,327.0653,342.625,338.2595,346.8809,342.3729,214.6908,291.5362,186.4152,132.3128,106.2867,80.9914,248.6123,174.4813,92.7894,140.3188,155.9586,136.4113,144.9023,171.7112,171.3354
587.6432,594.1754,585.8218,588.1937,586.5615,573.6888,568.6517,565.4811,574.1119,581.2672,584.1593,576.4103,570.3491,570.0754,562.871,597.6935,590.9426,583.059,579.4285,577.3915,589.3411,555.9471,564.6799,532.4864,588.6037,586.3954,596.8347,595.2325,592.4109,602.5704,612.194,607.8508,610.4694,613.9421,612.0771,608.5525,600.0043,600.6718,606.9734,624.5178,618.6052,578.6901,564.1451,578.1096,576.6806,560.5027,560.4818,566.9973,565.144,578.0236,581.1892,574.2169,580.4217,573.8669,569.048,563.2918,562.4216,573.7454,556.0958,547.3367,543.4244,556.777,569.9626,579.1643,551.695,541.3834,544.3377,549.9985,544.2999,546.1398,549.4442,552.8322,562.5182,533.0154,540.9302,532.4531,512.0479,487.9013,325.806,162.5532,120.8901,130.2138,245.1444,437.3261,546.7662,533.439,543.9931,550.7475,391.0843,250.4066,274.164,317.0299,366.8929,296.2594,152.7697,205.8958,233.5821,136.0845,111.8968,135.2339,144.7575,116.8563,325.3724,326.8206,346.1182,339.4331,332.7794,330.6613,331.3564,328.5523,342.7187,345.4501,329.8372,141.3311,130.3668,85.7037,78.0805,85.1632,94.1489,257.6255,153.5228,248.7158,182.6233,115.1519,125.0932,116.3283,114.4303,97.8238
588.6768,598.11,594.5531,599.0751,601.9103,589.5283,588.6786,591.5833,587.4401,596.398,602.782,598.5796,585.5271,580.3104,578.3513,602.9155,597.9102,587.376,596.53,603.7531,591.3721,595.3594,607.4677,613.3823,616.0471,614.6753,622.289,617.1802,610.8235,606.367,595.2581,582.4194,589.0873,583.48,573.6826,564.2598,565.2513,582.5461,605.6174,607.341,585.5031,571.6804,588.6924,604.7203,601.1553,593.5717,599.2663,608.8699,607.3967,608.2081,598.7263,597.1202,610.9724,616.1862,598.738,554.5695,526.6948,552.7574,538.6795,536.288,554.4317,556.3021,558.4587,564.5984,552.9955,557.4716,566.2158,561.9322,551.5047,545.6207,546.4888,548.1544,559.2372,544.514,540.8563,510.8361,494.3397,485.4038,334.7079,202.1166,224.8067,311.2949,324.6109,418.2487,535.565,590.1772,632.3965,493.6766,255.2645,186.6603,199.4923,176.2413,132.676,148.3303,158.0951,221.061,269.5911,326.6266,328.1986,327.6027,327.5423,330.6287,333.3549,324.7016,348.3148,342.4532,336.6216,335.1009,332.2819,325.8846,342.3253,340.9402,333.6988,117.5717,66.4307,66.483,173.0583,307.736,330.83,329.8265,326.8251,325.7798,162.4181,84.7657,77.9581,87.265,130.3967,118.5414
598.7891,603.4108,599.3351,603.8393,608.3035,606.7736,608.8297,611.3236,605.0689,606.0977,605.9108,598.2233,591.7106,616.6778,617.1889,610.4847,594.943,588.5579,602.5879,613.6808,593.1129,569.2972,561.6771,578.8603,563.064,566.3563,587.2769,584.8123,580.0535,576.9752,556.7281,544.3245,547.0859,551.1378,535.3755,512.9778,536.7952,554.3609,558.8099,550.4412,532.3586,533.6342,555.5046,562.1541,554.9016,551.5305,554.6159,556.4885,555.1176,564.5327,574.1829,589.6999,587.8297,573.1757,581.7985,561.4978,550.8934,574.0756,575.9159,559.3008,569.0126,566.3141,564.2253,571.4513,564.2854,572.491,581.8842,573.5797,566.4871,560.6144,558.1998,556.2114,561.0372,550.1425,550.7449,521.3259,511.0551,521.8137,424.5574,351.0621,341.507,347.0279,382.2047,520.3069,615.6513,619.6225,572.6358,404.3927,307.48,307.8075,182.7694,95.4072,113.5194,164.1725,151.4909,188.5706,203.9259,329.9871,332.7307,337.8088,340.9867,334.6315,334.3575,333.0243,341.7646,338.4675,335.2784,347.6555,343.0573,332.6135,328.404,342.5276,344.2953,330.9187,112.3354,283.6537,333.7538,323.9085,327.7245,339.4556,330.4846,329.933,328.7762,170.977,64.5718,138.9472,274.4805,331.3255
608.5522,605.7827,593.487,593.1377,590.8033,597.671,614.7991,612.1527,607.7385,611.7712,615.9836,613.9067,600.006,596.7396,579.7455,565.0018,539.1042,565.0892,568.6057,571.8966,571.4761,552.0239,556.7464,536.7427,552.1547,553.2671,570.6545,565.9611,559.0959,552.0875,557.2344,550.6571,536.242,532.6561,511.6454,483.3506,526.4207,543.8442,533.1285,526.9622,525.6041,537.0995,543.8851,539.4161,537.2227,537.5584,542.2285,545.5259,548.5645,558.5848,564.8904,564.814,536.8984,531.5453,529.757,534.8285,545.4294,569.6282,566.5692,601.1635,590.7609,575.678,562.0687,571.5893,563.7292,574.2209,576.5382,572.8025,573.6904,576.7663,572.77,567.8522,572.1747,556.9857,559.499,548.9201,550.523,586.6497,526.9307,382.507,325.4203,327.1435,481.0633,572.9527,591.2307,622.9891,573.1295,392.5325,277.3604,275.5328,174.2751,128.8277,188.3678,202.4007,132.9561,178.3463,222.6033,339.7921,334.6353,338.0281,339.744,332.3874,328.579,342.6104,324.1835,325.4817,325.0175,70.4366,61.776,67.1729,316.4374,347.3259,346.0719,335.9664,327.3563,326.9819,329.2351,331.7152,333.466,150.9041,246.3283,339.7095,336.6886,328.4313,324.9055,328.5244,336.1919,336.4266
612.2993,617.7297,607.9041,602.7601,611.5807,620.131,621.7881,610.7667,611.1441,612.2958,609.8804,598.2365,587.2017,582.2303,565.1331,554.3752,557.3127,582.9497,579.5704,576.4254,575.3397,567.8978,573.1093,552.2667,568.6667,577.2695,585.9593,586.2045,585.6561,585.3294,586.1661,569.6151,568.573,572.9345,557.7474,535.7733,567.4407,575.0789,559.2235,545.9827,554.4562,572.2183,573.2577,566.9448,564.8409,563.4908,562.9143,562.0534,566.4891,575.7896,583.6982,588.0001,565.8201,565.8328,565.794,578.8058,595.251,618.7374,617.7914,635.6772,635.7662,626.3973,617.7537,619.5435,585.8011,568.2653,570.1631,573.8288,574.6411,586.8776,585.291,581.8044,587.9927,569.9355,568.0998,566.8361,575.6406,584.8386,571.1199,417.2159,334.761,328.2553,456.7338,513.3488,476.9083,508.618,497.7906,408.7293,322.6955,241.6616,170.7628,152.0293,218.5141,228.8442,172.2616,181.0936,180.6558,343.1008,338.1135,341.3622,342.5846,299.8148,63.5201,85.2714,317.428,190.7477,64.9295,63.4054,63.3293,61.5269,321.5052,340.7198,338.9703,336.7151,324.8252,332.0651,339.4147,345.4707,341.3731,149.2872,252.8495,162.6304,232.7571,333.3735,328.8795,327.9651,331.8594,335.9885
607.2905,611.2188,608.4813,601.29,609.5212,617.4274,602.6309,586.8148,589.2668,597.8074,601.6974,593.2552,584.0587,579.3853,560.7842,571.4932,584.4806,560.9293,564.2795,568.5832,582.8849,593.3909,584.6049,581.1699,594.8856,606.054,609.0625,609.237,609.1953,621.9093,607.2839,593.1693,578.1351,586.0616,585.0573,578.5009,580.4922,573.7504,560.8471,567.9694,592.0654,602.1362,590.2939,579.7329,580.1082,583.4753,581.7822,569.441,566.4014,580.244,587.8235,585.3491,547.1741,523.8794,542.1771,552.8447,564.8611,573.8201,552.1124,565.0248,560.7489,554.7467,551.7679,595.5337,582.9741,563.0309,561.6976,570.3157,558.5189,561.0844,562.5779,563.7409,568.4329,555.4249,544.328,536.0688,543.262,542.1639,565.3985,493.2578,449.9312,452.7505,389.1837,372.809,363.2306,405.8907,430.3017,414.093,361.241,260.5894,301.085,326.7919,244.8769,161.6393,278.3378,161.0104,200.2638,279.6195,89.8161,227.0622,301.4106,64.5078,66.1421,92.8255,335.1297,202.6344,72.8427,332.8838,324.0868,323.2691,342.6752,346.2975,336.8668,333.6321,332.6788,340.8629,237.6227,103.6262,66.1625,248.6089,153.3267,69.1263,236.7367,333.81,330.3806,333.2058,339.8611,342.0837
600.4047,600.0363,591.6193,591.5602,597.4728,603.2103,600.2712,587.5351,587.4969,591.4119,591.9057,587.1517,587.556,578.8693,565.4105,598.6,612.5688,584.7578,591.0511,597.8162,609.0372,610.8722,604.2782,596.5552,590.1969,599.3713,602.3007,604.4763,606.623,619.7751,582.9391,552.1452,560.6493,575.3346,575.1724,570.2138,560.0612,559.16,563.9479,579.2448,580.174,571.1981,563.6577,565.0434,567.6369,561.9896,560.4877,560.5376,563.6823,573.4661,576.9918,578.3842,566.3994,559.0662,564.7009,561.1799,560.0441,553.4977,497.4834,526.1873,512.6541,524.454,537.3026,566.2182,571.5535,578.5577,576.0804,577.5871,570.1653,563.6505,558.2559,552.9847,560.0571,553.1273,545.4664,523.3939,527.7262,531.8365,542.1895,497.5528,456.6103,434.2898,297.7604,263.5756,280.6216,359.4045,455.8567,474.3335,374.9678,253.3168,354.4823,386.433,289.3504,249.4256,260.6682,76.4963,153.742,273.5715,90.7705,218.3797,287.2264,98.4441,328.409,327.271,341.9013,333.7914,325.8057,335.7512,331.0451,324.5618,344.8417,345.4864,336.9195,109.7286,294.027,127.1175,63.7196,56.0516,60.3444,251.2084,154.9959,241.8129,165.6191,224.6461,338.9657,343.8272,343.0697,202.5522
613.1388,605.5833,598.6192,602.6912,606.4807,606.8776,601.7145,591.3959,595.7916,599.5266,603.6039,605.2761,599.6999,591.2913,579.6807,613.1319,595.9467,573.9152,584.2458,593.8398,595.1414,589.7822,577.2349,579.0985,586.4091,586.6502,578.2328,587.6627,598.8159,600.4984,586.4009,549.1154,586.0583,589.9412,584.2007,580.7589,559.9601,563.027,581.6286,582.2892,570.2028,563.8508,552.4445,548.9615,550.8021,542.9618,549.4983,560.7888,566.99,584.6499,587.4069,579.5673,561.7423,546.9387,550.027,556.6093,561.9008,548.4307,490.5453,523.7963,519.5546,528.8897,538.0328,544.9418,576.1715,587.1463,575.483,579.972,576.0399,572.7957,564.332,555.189,568.435,559.3589,552.015,530.0603,533.753,538.8483,517.1161,495.8347,490.0307,489.8482,353.459,245.8929,259.5407,350.3428,466.2198,533.3051,442.8331,307.0893,329.0403,344.0376,339.5248,332.5877,263.7794,63.9345,124.5668,332.7744,328.6729,338.2253,343.2324,326.8105,333.5367,331.1117,342.321,333.2606,324.3461,336.4633,333.215,336.4377,326.2073,332.7252,342.4282,116.3801,68.4286,69.9001,168.3186,292.5742,324.3875,331.1062,340.1199,338.4856,165.4474,63.245,63.4338,136.397,265.1063,195.6163
617.2792,601.571,604.2168,607.3398,606.4763,613.5469,618.423,614.8799,616.6286,621.2049,628.6573,630.881,606.0162,591.1472,587.5847,604.5275,593.6449,575.9891,592.8799,607.6099,600.349,609.098,588.1194,593.5975,605.3627,602.0238,611.3856,608.6819,604.7668,603.9832,607.0828,588.6986,600.6802,591.9724,587.4792,587.5783,573.7076,576.7896,591.2623,596.4243,594.1078,585.0034,571.3818,568.5005,568.8185,562.2444,573.3384,590.8888,601.0452,617.9238,612.4228,607.7885,604.957,592.7485,584.1926,588.012,591.4542,587.673,563.5069,571.266,583.6082,583.3192,582.7612,578.6769,597.3811,594.8815,584.7937,586.9269,587.4525,591.556,585.9595,579.0844,592.1227,576.3489,562.8502,546.1406,555.8574,557.4694,535.1191,518.4135,527.8088,548.0675,371.7927,229.2498,248.8615,371.1577,512.9068,543.9432,392.1269,199.4326,143.1028,194.4855,341.6747,335.8918,334.7764,326.8614,335.2439,340.4941,331.1602,338.6519,343.4594,334.9402,336.0519,334.6487,327.506,331.8022,336.1021,340.9478,345.3069,342.7897,329.571,329.7327,343.4411,325.8088,130.6605,278.9438,331.5916,334.5389,333.2329,341.4026,336.9,332.5096,328.2773,168.5389,66.3825,140.5729,268.5093,336.5083
601.2687,593.2731,605.5348,617.2869,618.6677,630.2957,636.4922,624.07,624.45,634.1322,636.0975,620.0131,603.9053,597.9613,608.4132,601.8532,599.9014,593.0797,603.9136,613.1768,606.7164,615.9799,604.6003,613.6925,607.8134,616.3557,621.7717,612.4014,601.6681,602.0054,606.4695,591.4665,581.9777,575.912,582.1254,592.499,601.5392,598.2263,589.1127,597.6732,607.697,604.1008,593.3521,588.1855,587.0172,583.4749,590.6308,600.6575,609.6038,619.6349,604.6053,605.1218,618.2191,620.7132,607.2124,599.3082,593.5304,594.4247,590.2572,598.3077,611.7404,603.636,595.6135,589.3349,595.0829,596.072,581.0572,581.4948,581.0145,588.3243,588.3606,587.3754,594.5171,591.7623,575.8127,553.7372,564.3288,563.5847,550.5298,551.0782,563.136,577.4318,384.9224,237.9968,334.3182,489.5796,582.8168,578.3962,418.5136,250.8679,223.5297,256.5557,343.6464,339.6238,332.3165,334.0533,338.4439,342.7037,335.1969,340.7101,343.6762,334.0788,335.466,343.8186,328.0725,335.7498,341.4861,67.3471,64.0832,62.2332,319.5937,344.9581,338.2312,332.7353,324.227,333.8841,335.9911,334.8653,333.5507,144.9774,246.9665,340.2877,335.5786,327.7117,323.309,327.037,336.02,339.6312
587.1647,585.6762,601.949,611.0065,611.9556,624.4307,629.1512,621.4566,623.2933,629.4313,628.4945,613.5007,607.5826,609.6531,601.5302,595.6715,589.478,605.6509,615.3066,622.6581,607.0479,616.4413,604.215,612.1263,609.6469,619.0162,548.4691,569.2541,599.0872,598.0345,609.1676,588.8895,577.8806,572.2798,578.9977,589.8755,605.1502,601.6276,587.8831,597.197,603.9282,604.9867,607.5842,603.9523,600.1152,599.7726,600.8113,600.1963,604.8524,612.9067,601.4613,599.0277,616.5119,622.7595,611.3391,600.3096,590.2234,584.9839,586.1369,592.989,600.0659,588.7738,578.3824,582.4599,585.2747,591.196,584.319,590.7373,585.4578,583.8331,579.4694,574.7024,583.8364,593.7372,590.9528,573.2836,587.4383,572.6566,565.2716,592.3818,596.6167,581.5092,419.6702,328.5586,430.9705,522.306,553.8668,588.1529,559.0615,473.2003,422.484,379.1012,354.1069,342.3851,336.9535,337.1516,338.1603,339.8981,339.8731,331.9514,328.2055,309.2646,61.8665,85.3003,335.9863,198.271,61.5372,66.3302,68.8574,66.2384,320.1723,347.6771,343.5493,336.7272,328.8912,333.1516,331.9374,328.4681,334.2177,147.5139,252.5048,167.1402,234.4115,332.3474,331.0895,333.5921,339.6978,335.5582
599.3782,598.2572,617.1097,622.0458,617.4676,625.5724,626.9637,628.4384,632.4524,621.1119,612.0025,610.4885,621.6298,632.637,591.3076,581.3179,586.8415,603.3076,616.2428,626.6653,611.5271,616.2928,614.6785,614.0077,615.7503,611.7151,561.0121,576.0658,597.5642,603.5471,604.4264,593.4093,584.6136,585.8888,593.8589,603.2203,606.9234,598.344,584.9379,590.8242,597.6537,603.8115,608.7968,609.0632,609.4888,609.7351,612.3095,613.2434,613.4918,617.0427,608.1306,601.6611,612.8515,614.0614,613.7626,601.6524,591.0781,588.3648,594.0018,598.0873,601.5828,592.938,584.6456,582.2102,584.9244,592.8966,590.903,597.6312,586.2772,588.358,581.6994,573.7494,585.2901,596.3657,600.2332,570.7158,582.9387,583.9836,589.8854,615.1375,615.3907,598.4131,521.0122,448.9442,465.767,527.4102,546.8645,579.1025,597.0005,547.5167,535.7162,544.1426,541.0869,438.0879,342.7094,336.9254,330.7364,279.6695,89.6434,218.0232,287.3217,64.0059,63.3801,90.6473,338.3912,203.3696,71.117,338.1483,325.667,322.4189,343.3896,330.888,345.4625,338.8865,334.5762,340.9171,235.6066,99.4487,62.9694,244.23,148.1684,62.9206,237.2386,337.0673,331.6997,330.0585,329.9535,328.5715
623.4616,619.448,624.4661,623.8944,628.0485,630.0443,623.5308,629.3752,633.2583,626.3629,619.6057,622.1732,636.7383,615.7615,587.8363,583.7319,600.2451,603.2771,621.3414,636.3395,620.0108,625.9646,625.7607,618.1906,621.1851,614.4161,601.7796,605.8548,611.5293,618.1492,611.6091,616.0471,604.963,610.7462,613.0576,611.8944,612.4967,606.85,597.7393,592.1848,598.452,606.5451,607.7262,609.2944,610.1084,607.239,613.5506,617.9078,615.1906,622.3525,619.107,618.9038,620.9681,606.9687,586.8697,592.1378,596.9813,601.1555,608.5967,608.285,599.7678,605.2592,609.7147,598.0272,602.0428,608.4451,602.3976,605.7284,594.7234,592.9088,585.4975,577.2495,594.3867,592.0475,588.4891,558.3168,569.3842,581.8641,591.8558,602.4076,591.9319,570.0894,553.5613,571.7753,559.0551,470.4232,417.541,503.5301,537.9768,458.6712,451.2965,432.5738,467.5758,571.2939,461.694,241.7341,235.4507,280.6992,92.4176,227.484,299.9065,95.5215,325.1889,327.1866,343.6942,343.4474,343.1387,333.909,333.1421,331.6747,327.793,332.975,340.4878,105.2475,291.4997,120.1462,61.3235,61.253,61.817,249.7282,154.0536,235.8584,165.2026,231.4072,337.8127,339.4879,345.1354,205.5954
637.7704,631.6136,622.2262,618.0247,627.9271,632.2599,629.7477,633.9196,619.302,612.707,611.0036,623.4811,630.5391,604.836,600.5988,605.5977,602.5901,597.6412,613.7707,627.5746,617.3574,620.0791,620.1931,618.5074,615.1859,617.7092,611.8408,631.0191,652.5967,627.128,617.2704,611.7741,600.6636,608.391,613.7811,616.2379,613.3884,610.1998,607.9963,598.4717,595.2326,608.1465,610.2518,606.9395,610.5248,612.7903,615.0365,613.2358,615.794,625.8536,628.9146,632.2228,623.5298,606.9026,561.617,594.1236,619.1135,615.6086,614.5807,612.0439,613.4224,621.0169,627.1926,611.2869,617.5914,614.1277,618.836,615.8992,597.6912,594.9108,590.1546,584.9448,597.0758,590.9726,582.3847,559.7866,567.7703,580.4909,590.5439,583.1612,543.9542,491.9318,484.4634,550.2522,570.6239,463.168,395.166,489.6961,538.6243,460.6611,406.7804,371.2267,375.9401,414.0894,383.1927,197.3065,247.3292,334.0556,328.3582,336.1632,342.7401,341.5725,334.3859,332.1392,330.5871,334.0872,337.5276,332.3578,336.6145,335.3607,328.3746,344.4409,326.8046,107.3926,62.7555,63.5547,166.5125,296.8515,327.8406,333.1742,327.9897,329.8923,168.5929,65.4088,60.8641,137.7998,275.6357,203.3061
654.5988,646.1829,640.0638,639.2521,639.4763,640.6372,641.7859,645.5043,631.3109,619.1315,620.3774,639.1195,623.2136,609.1755,617.3917,632.3741,627.5585,613.0949,620.1418,626.8624,629.0922,616.6857,623.9308,621.4015,624.0576,626.1281,569.04,578.3885,594.323,627.6592,625.3504,622.1379,612.2003,615.0054,622.2119,629.3821,621.0789,614.7238,612.689,613.5776,598.991,607.6939,615.4841,610.2504,613.7048,617.3163,614.2462,610.1814,620.8656,633.8248,637.7247,634.8222,628.0866,605.601,532.7392,586.9498,628.5751,621.8069,616.764,613.1008,616.2499,619.3339,621.6212,611.6515,618.0874,616.6685,621.1689,626.3135,608.5317,600.6957,597.1463,594.0,606.6364,601.235,585.8123,575.1945,588.1492,591.5259,591.5851,587.4189,545.3979,483.9359,478.6913,505.1449,565.8908,534.6194,474.2314,549.1723,586.4666,502.1979,406.2291,373.157,420.1755,459.2122,462.0271,282.0906,327.8635,331.0151,333.5447,334.5192,334.5933,331.4333,338.4124,332.5945,327.7352,327.4858,327.3475,343.2311,344.5082,346.3427,341.9319,346.6458,329.4842,325.2971,116.2893,287.99,337.6116,327.5801,330.2825,341.0999,338.539,335.7829,330.4745,171.1751,67.069,142.2954,275.6922,331.7679
656.4124,652.7114,648.0388,649.5385,649.2949,650.6752,643.0602,633.6491,627.11,624.7173,630.3368,640.2408,617.4818,610.7924,628.5762,638.1827,622.0482,611.0812,621.4047,631.769,640.8513,624.6837,639.535,620.6024,628.0512,628.9002,570.1463,549.8903,533.6036,611.3776,626.5218,626.1243,619.3667,617.3471,619.8983,623.3643,619.6561,615.8002,613.4291,612.7274,592.7737,603.1174,618.7676,619.355,621.4781,618.0192,618.1741,617.9066,621.3755,633.5468,630.4154,622.2681,625.0248,594.6194,502.7325,572.7523,626.9442,620.6354,617.6135,612.7401,612.0194,616.066,618.9645,604.4033,619.2693,614.8422,614.0814,630.1125,613.6326,609.0319,608.7744,608.8947,626.0638,609.7836,597.0387,597.0121,614.8873,607.2007,611.4351,636.4097,607.2556,545.2427,446.0846,454.1937,631.9266,670.0412,585.4153,658.7719,692.668,567.1838,475.8397,424.7762,443.2998,473.3464,455.6836,403.1398,526.0367,338.6938,332.004,329.0656,327.3613,333.6671,345.6154,337.5064,345.9424,343.7742,339.7898,73.9159,60.2167,65.763,320.6765,331.2405,347.667,334.8008,325.6919,329.5598,333.1489,335.9584,333.5534,145.0319,245.8864,337.13,328.5822,324.6272,324.8177,324.25,324.6783,326.7444
647.0934,647.6313,653.3947,656.9382,653.0472,657.9309,654.8775,642.0676,641.3326,646.566,641.6616,625.6329,633.6473,628.256,636.0037,630.9952,631.8279,616.821,631.7698,645.7601,649.1655,646.8996,630.6909,639.5023,647.3004,634.1893,638.9855,596.2348,548.915,622.5012,641.8873,650.3862,631.2663,632.3875,634.5881,634.2672,625.546,623.6332,626.9009,618.9326,596.0798,608.7257,626.0762,629.2477,634.1875,634.2626,639.3896,643.1348,643.8558,647.0488,635.1851,628.3835,635.7991,594.4582,493.4565,567.8014,628.1209,630.6861,619.2598,616.1486,615.5208,621.4323,625.5104,601.8082,628.0871,633.645,618.8114,628.3795,613.9866,616.7504,621.5591,626.3956,638.6384,622.7142,613.7598,606.7719,620.8357,612.2257,625.9664,677.6807,635.4943,534.8204,411.0579,433.4981,646.6392,681.1144,551.1636,596.0875,690.9781,629.914,501.1593,370.4017,366.0443,503.2893,382.4875,321.0124,551.894,341.5806,333.2523,334.1768,336.1294,307.5264,62.9598,82.0233,332.3192,198.6075,65.8012,63.5473,63.5301,67.9615,322.2045,340.3652,348.28,335.8733,329.5957,325.8156,331.8463,340.499,344.2916,151.1734,246.088,161.2457,233.0761,332.2715,333.1075,331.7599,328.3482,330.6064
653.3751,641.4236,648.1127,660.3456,657.7349,659.1348,655.7067,648.6859,650.2592,648.8879,643.1039,631.2018,632.9633,643.3153,642.9512,630.3779,628.5651,617.7461,633.5345,649.1982,661.7892,646.6465,606.8168,647.3232,647.9616,640.2911,653.8191,612.2221,565.3289,633.2834,652.6128,653.3597,630.2153,631.3948,636.4995,639.7964,627.7432,621.8593,622.3501,615.6296,600.5964,613.9267,629.2866,631.223,635.1435,637.3217,636.1131,632.6793,638.2086,643.4015,635.9477,634.7759,635.0904,591.2353,483.3501,567.9705,635.0519,632.8522,625.443,622.7271,622.3846,625.9509,628.327,612.775,632.6533,629.4286,622.5214,628.1358,620.1046,617.6824,624.355,632.1024,634.0844,619.1401,612.2601,608.6517,625.8068,620.0967,632.5265,648.9308,577.6729,460.2991,432.6971,544.2742,632.5104,520.1698,411.7389,481.6357,652.9518,734.9867,619.8654,442.5219,333.4329,462.6765,364.1303,306.3039,533.9146,303.18,166.3639,263.1044,304.0051,69.5917,56.0267,86.5088,333.1369,200.4678,70.4354,320.606,324.5496,322.6774,328.6927,341.8401,328.2874,340.7064,335.0745,328.4469,226.1517,97.7126,60.9516,244.796,150.3091,64.8286,241.6166,338.4961,331.8111,333.8117,337.9568,340.6243
660.2691,649.597,647.2612,656.1566,659.8536,659.0954,656.8818,656.1517,657.0135,658.8843,672.1207,699.1918,686.2065,652.4127,642.8179,640.0677,621.4647,627.4259,634.8911,643.2883,659.2242,637.1638,598.7519,646.2292,647.4584,645.365,645.9835,621.4034,594.4453,649.3514,649.3801,632.5321,621.9479,627.3407,629.6452,629.408,620.2474,618.1678,621.5168,622.257,608.058,615.9285,627.6964,630.0804,635.2244,637.0654,634.8389,632.9172,633.5875,627.9247,627.6815,631.2788,630.603,591.2541,485.6917,574.8154,642.8129,631.6285,632.0276,630.55,634.3029,631.0142,627.6313,623.3577,636.5919,623.9842,626.6523,635.5441,626.0166,625.8489,621.6279,616.7607,626.8605,622.6144,617.4238,615.8233,628.5956,622.9169,630.7313,615.837,530.0851,414.0456,392.081,489.641,546.7847,353.1325,223.2189,383.8203,580.4186,652.3535,597.5713,465.7182,320.0507,393.503,372.2322,287.7986,558.2,439.9028,208.8521,282.2454,316.7278,181.9233,332.5761,324.9146,330.9414,331.8812,332.8202,333.6445,330.2583,329.3766,333.9574,342.5484,325.6262,104.6973,288.7215,120.0647,65.7137,69.9952,66.5597,249.7226,151.8699,243.9435,170.2938,228.6634,332.1487,333.4595,340.0574,200.6573
668.6808,660.0817,657.5486,660.8223,663.7898,666.5131,663.7214,663.6061,678.9979,703.5023,716.1995,712.8637,727.2095,703.54,657.9437,645.5257,635.6713,645.6558,649.5059,652.8719,650.3884,636.9095,606.9819,641.9283,652.9724,633.3224,637.3809,633.5168,628.7584,653.7517,656.9279,626.4327,629.5823,641.2062,640.543,635.8477,632.9175,632.7029,633.4437,636.6425,630.3039,632.2932,634.8353,629.3269,627.3467,627.7573,633.7462,637.4282,630.846,632.765,638.6272,637.6323,639.0848,595.2006,504.6125,580.6275,640.7715,638.6617,633.4531,632.7214,646.6771,645.4339,643.9139,638.762,656.9257,649.2504,648.7919,667.1455,644.1815,637.0942,630.2817,623.2735,647.5086,643.8668,635.5024,640.1531,643.717,636.8375,653.4365,641.7399,502.9165,304.6001,242.6574,368.5394,417.5194,264.0371,196.9726,394.8492,567.7452,543.5949,488.6631,436.8466,391.7482,343.2625,268.8495,295.4564,547.2407,458.1762,437.2154,464.6548,464.1191,330.1513,334.7336,330.7504,331.5792,327.141,322.8166,334.8941,331.7106,334.2764,343.708,329.9959,338.989,115.0078,66.1393,68.2903,173.393,305.8229,328.655,332.0536,329.0417,328.5428,158.8609,59.7635,74.8439,156.8175,285.1144,204.0286
664.1349,660.7892,665.3617,671.3164,666.778,666.7958,666.4719,680.6412,699.7213,708.6151,668.9028,556.9167,580.6471,677.4952,657.9853,658.5292,638.335,652.839,656.7728,658.8207,642.3786,651.0494,641.4715,642.8777,641.3896,623.7694,630.6694,633.2007,635.1693,648.8392,654.2922,621.0808,634.342,644.0429,644.589,643.847,650.1841,650.366,645.9762,645.0367,646.5023,644.338,644.9841,654.841,657.1054,647.5917,641.8401,643.5056,643.0789,641.8083,650.325,649.4543,643.7299,607.1144,528.2918,586.6923,635.1296,642.3124,638.9177,642.8892,643.9357,647.4433,649.2369,624.7186,637.1925,632.7636,640.2899,659.7686,649.8089,639.4481,637.3306,636.2405,653.4246,643.1037,625.7871,629.3485,632.3401,630.4333,637.9313,583.1323,437.1963,259.1562,205.4306,360.1971,410.1432,284.932,270.0539,433.0128,516.0771,453.2809,433.6171,420.5546,400.6299,326.8713,254.7123,342.5106,465.0641,291.9939,318.3411,480.2929,576.2225,341.9899,334.9964,334.2624,341.8923,332.2666,322.7317,326.291,340.7071,338.05,346.551,343.5562,347.8946,327.5327,113.0707,268.9868,327.8748,334.7661,333.9568,336.512,331.0047,328.6435,326.7348,172.4197,74.8128,146.2598,267.3135,332.6019
668.8581,665.9316,671.3262,672.6799,663.1157,666.338,674.4939,687.4545,672.2378,580.8989,509.1538,494.7498,546.4393,661.1698,663.0676,653.4857,638.926,657.6691,659.5839,661.4675,663.0633,665.1959,662.5369,645.8687,651.3903,636.2807,651.5281,648.89,644.3857,661.9825,660.9636,628.7617,660.1335,675.4698,677.5016,678.5262,670.5742,663.478,658.7526,651.5255,648.0828,647.8666,652.4068,656.9162,654.0702,647.6689,641.8904,647.7682,656.4009,650.9115,652.8495,652.0953,644.1029,618.6274,565.6937,613.0341,649.4009,644.5519,645.0596,642.2744,637.693,639.8204,640.5815,620.5801,636.0983,638.8845,636.8022,646.8802,651.2964,649.696,644.8643,639.6907,651.3643,650.2975,637.4102,634.5764,646.1946,634.9942,631.9056,582.3719,476.1078,353.4933,272.1353,373.5847,456.6116,471.2172,459.6739,523.8886,593.9048,504.0333,458.8725,391.9854,334.3477,354.0562,363.2089,405.4001,435.4462,292.4418,266.6923,423.3754,548.2924,481.8106,325.4375,343.0257,344.6707,345.8892,345.5193,116.131,77.4191,66.3895,319.0278,343.128,340.8531,333.6564,324.965,323.4215,325.3764,327.8195,332.1947,155.2308,249.6569,340.236,337.9074,328.9969,323.4444,322.7329,324.0866,327.7177
678.8002,673.6948,672.0575,675.0984,670.3818,669.6528,675.5776,682.2545,657.2767,548.9028,464.3746,442.224,476.5583,607.3957,685.6346,653.4507,661.6197,657.2625,660.5238,664.6016,675.2606,654.4604,675.2627,663.215,664.8996,659.4954,665.5838,660.8214,654.9704,667.1447,653.1461,629.5854,652.8997,656.896,656.7051,658.4012,649.0175,645.8192,648.0764,647.2563,636.3284,639.4687,652.6679,644.2139,631.2769,630.1732,629.9562,637.0711,643.9143,639.0306,639.2728,641.1343,640.2339,634.8659,606.6511,635.1838,655.4924,646.0193,645.597,642.3932,635.53,636.3948,635.8127,613.354,631.7188,633.5418,636.419,648.3125,661.7296,662.5039,655.5308,647.7297,659.452,653.5114,642.1738,635.0486,649.1857,638.7013,627.7684,608.291,536.4175,439.2798,403.4145,456.0148,491.3315,594.2069,695.8315,735.7318,748.1842,692.5956,673.5132,574.0969,358.8863,276.2157,449.0161,637.9307,489.4458,236.3849,235.5632,386.7182,534.4379,623.7126,433.3448,169.2331,336.7348,208.8018,81.772,84.9711,64.5663,127.0556,320.2664,342.4597,334.5161,333.0688,330.0274,331.0607,331.7155,331.9748,341.6307,201.9764,270.7943,225.4069,272.1386,331.3846,329.6885,334.2509,340.7334,337.5306
683.0129,679.0619,675.855,672.6163,675.3192,684.8499,679.1782,688.1663,667.7361,524.5699,393.4349,327.7968,397.6554,570.9915,685.074,662.3891,676.0358,669.1305,666.4263,664.9766,674.906,654.91,671.4908,681.2903,682.1724,681.8002,685.0547,682.5402,679.4627,693.6072,686.1231,669.8267,666.4159,664.3231,664.9891,666.8506,659.6232,657.877,660.8064,663.1647,655.2405,655.8047,667.5799,662.1873,651.0651,649.793,655.2288,662.4296,661.6966,663.5611,663.7261,656.2985,656.4326,660.236,638.7341,649.8993,656.4286,650.684,667.5406,668.9649,681.0103,685.063,687.2435,660.3716,665.3651,675.845,681.9297,688.4012,676.9105,672.1917,666.7838,661.1898,671.7864,659.1489,647.3067,651.071,653.2377,656.0461,641.4698,653.5435,649.991,628.0782,637.7476,535.7592,481.0046,567.3519,677.1328,772.4776,790.6342,730.1483,651.1626,486.3546,251.4307,273.6429,532.1323,661.6815,490.1549,261.7421,285.8611,448.8909,596.899,647.5931,576.3398,324.434,335.5026,258.8232,183.7428,339.2128,340.6834,326.0097,334.3121,329.508,341.7457,344.1745,334.4622,340.6496,255.4078,144.2626,164.6963,284.1006,288.8597,293.2097,320.2612,330.846,332.481,335.113,339.2882,341.6504
679.4143,685.5629,687.0851,682.6417,682.0991,687.1587,685.2988,698.7431,653.9276,479.9968,362.0479,365.3267,407.0592,584.8915,673.1399,665.7203,661.4413,666.4708,671.412,675.5026,671.1378,676.7165,684.3754,684.1746,681.667,662.0779,673.9038,672.2809,669.2021,686.5417,695.8969,682.7338,670.299,661.072,662.4762,667.365,663.8651,663.1136,665.5385,659.0406,658.0171,662.2856,669.874,664.5717,661.1221,675.0612,683.5001,679.5859,678.7921,688.3557,687.6727,679.746,669.2464,671.1474,657.2777,661.7745,666.7027,673.2767,677.0042,669.4439,682.9265,681.389,679.3525,669.3855,662.7146,674.5206,691.1633,690.4337,685.3033,678.0543,672.3923,666.9548,676.2056,661.1736,653.7636,660.4999,660.573,666.2261,647.5446,668.9329,702.1771,727.446,709.3806,510.5551,382.3047,401.6333,442.062,539.7635,651.103,657.3258,552.6106,393.0503,222.7379,295.7225,506.7642,533.2351,416.2451,366.1641,408.5689,511.1209,603.1367,636.1835,652.6194,565.91,333.244,328.965,324.6802,319.5663,335.867,329.6324,339.051,341.5374,342.7162,120.5631,290.6682,229.1147,187.5128,171.234,271.4078,325.4522,234.6338,362.4892,389.3384,345.4665,334.5293,332.077,339.2382,468.5585
684.8855,684.2719,686.7535,685.1322,688.3399,699.9381,699.1498,695.0484,652.3871,529.1086,461.6616,485.8507,475.1491,610.4362,677.401,661.4451,663.4938,666.9103,678.2335,688.9218,692.7125,694.5519,688.3727,669.5195,679.5155,635.8289,677.1597,673.2264,664.5204,673.6827,681.5305,683.2916,671.6052,647.2892,648.7524,660.1102,665.5898,666.1971,665.6788,657.1302,657.302,661.0369,672.9945,670.8945,666.1606,681.1054,682.9932,672.5007,666.5233,666.4645,671.1713,667.5299,671.8674,671.4777,651.489,658.6884,667.441,680.6666,683.0098,668.4195,678.337,672.5925,666.9461,663.0295,663.3395,658.0731,685.4702,673.9801,678.2338,672.8179,666.3525,659.8875,666.3615,656.7081,663.6654,669.972,662.0307,673.0889,662.5933,661.308,666.715,669.4784,660.1038,505.1359,347.2002,310.482,274.6949,296.3264,492.1434,649.8807,633.7543,536.3362,371.8963,428.2407,593.1458,546.1017,464.8557,452.6238,493.5665,569.9978,633.8717,629.4828,637.476,664.9696,333.9009,329.8474,325.8679,332.5673,333.546,342.5693,346.6558,344.9097,341.2775,284.1982,241.0082,175.2911,223.8607,305.0988,442.0517,393.9039,333.5366,429.7419,398.9455,352.4304,311.948,291.9091,314.4098,521.1219
683.2479,685.4796,686.6384,679.566,676.9627,690.8666,690.3844,680.9725,658.9431,591.4661,536.3663,521.0562,556.3702,642.6198,679.3097,654.8431,675.1215,677.9917,685.284,693.2054,705.5096,682.5715,680.6133,681.5852,679.551,633.4477,680.483,681.9952,678.663,683.6025,678.3898,685.1831,677.3182,654.0674,652.5179,659.5885,660.8396,665.6312,673.4317,661.5701,656.2341,663.9338,673.8123,679.1567,681.8812,687.4979,681.6082,672.9783,669.3415,662.3339,669.7621,670.3067,676.4763,669.6968,647.6866,655.7258,662.9517,669.825,683.1779,666.7441,672.8054,662.1337,652.1287,653.7045,678.7318,668.8925,659.6357,664.3505,683.9504,679.982,680.5485,681.9934,677.2905,679.2823,686.9097,679.0464,681.582,680.505,670.4251,657.7407,652.8525,652.3504,661.2511,587.905,495.7211,376.7375,240.8602,194.2679,412.4778,711.0203,754.4839,710.2277,581.4249,624.3232,669.3596,500.251,470.9951,470.5796,468.9817,552.2245,625.4452,639.8254,637.0132,671.9579,442.6826,393.2404,344.1378,344.027,332.8039,339.6111,364.1445,347.8015,393.75,336.3771,309.8607,319.6039,351.1319,386.8852,431.618,374.9439,292.548,354.1608,310.4789,234.0297,313.8496,367.4793,339.9924,501.7915
690.5714,694.9661,701.5397,701.1301,689.6575,690.2527,692.3318,693.5283,692.9062,677.082,645.6418,611.9711,657.2906,679.6318,683.1323,686.1229,695.4414,696.3499,692.3042,688.5641,688.241,690.2605,693.3442,672.4804,682.1254,633.8613,679.4633,679.5536,674.7928,687.0964,684.967,667.4396,662.598,657.0396,656.874,659.0707,665.9467,673.8417,681.2231,670.6658,662.3716,662.5555,669.9942,678.4785,681.5883,684.0961,685.4114,679.1862,666.4687,665.1786,669.8608,666.5946,673.9996,664.4736,652.8956,661.4146,669.2686,675.6938,685.6027,684.525,673.6317,674.8558,674.9285,658.3336,694.9498,677.5396,681.1867,712.9744,703.065,700.7504,698.0469,695.1644,691.4764,688.3044,691.6192,675.1974,680.4434,666.8331,663.9526,661.3845,660.7594,663.8651,664.6,611.7827,619.269,477.3948,271.234,280.287,466.8348,643.8401,626.7925,631.5422,634.6282,611.4752,624.3197,535.8731,526.8995,514.5046,548.8062,587.5825,626.3226,656.4174,634.7338,649.0978,568.059,461.2133,354.7712,306.5184,516.1511,535.8634,355.5674,344.0011,342.6717,337.2073,386.5353,332.735,385.4539,474.2241,463.7824,375.9132,298.4726,347.1925,259.312,203.8985,285.3637,355.9372,392.5518,517.1019
687.0383,694.8342,702.1072,695.1398,693.8303,694.506,697.3217,691.9987,690.4467,700.8325,713.035,714.9611,683.5748,671.6167,686.3793,687.0966,689.8499,689.6939,691.7776,694.8633,706.4973,685.7747,690.9067,688.6814,702.8733,651.0315,699.2266,696.3508,688.0635,687.9717,684.36,680.8365,690.0349,691.4303,688.5019,685.239,688.1122,690.7898,692.0385,686.1449,687.001,690.2988,695.3751,702.4632,703.8182,701.7902,703.3284,704.0778,701.8904,709.7197,716.499,708.0979,697.1046,686.0041,679.4278,679.4204,683.233,700.3448,709.0665,710.2073,717.2118,719.3412,719.4305,688.5619,712.0798,719.0646,718.2209,735.8434,718.2579,717.4989,711.228,704.0192,702.1519,695.8644,683.5765,677.9077,683.6208,672.9752,669.4611,669.0606,669.9229,672.4617,629.4099,587.7607,635.1135,548.7007,352.2902,332.1133,460.1776,536.7515,505.3966,470.8495,450.182,504.3784,596.8539,601.2928,620.3925,598.8688,610.0293,640.8149,666.1268,655.2874,610.5876,622.8829,645.1699,625.7205,605.6512,496.1839,630.8968,701.1488,295.8232,317.9403,410.7307,501.2617,361.9459,271.5376,369.5756,512.7565,499.9556,428.1777,316.9407,332.6487,273.9054,290.3453,231.1505,280.7571,505.6959,568.2295
684.0453,690.2349,702.0063,699.9238,695.1396,700.6376,693.811,684.0154,675.0933,682.5988,693.0932,696.0441,671.8947,679.2978,692.5693,682.6278,687.254,686.5469,688.8843,692.8193,711.6506,697.4684,700.0197,690.4081,695.7192,657.6089,687.9344,691.9431,693.0577,693.9392,688.2939,671.9999,687.2311,690.6722,690.648,691.584,687.3443,689.4583,695.8286,699.7013,700.6334,699.8547,709.6982,713.452,705.8054,700.7548,699.4203,704.4806,711.1509,718.3412,723.5852,716.9915,708.3227,703.7946,693.4401,692.2927,693.0061,702.6836,713.5518,694.2021,713.2109,705.308,697.6149,693.9246,707.8383,719.5067,708.4403,695.7516,699.0133,700.2977,705.1544,710.5027,693.3447,693.3419,699.8391,700.6805,688.7809,693.3288,682.4413,677.8304,679.4711,679.9442,604.3423,549.7427,534.9268,540.3559,440.0202,395.8192,537.8983,548.448,433.2152,342.0968,356.1467,487.6541,593.4289,636.2504,616.9659,573.1033,584.0965,599.4871,623.524,676.2396,609.9374,620.2673,644.0419,679.7482,715.2902,727.1595,675.6672,734.402,589.7333,352.0797,279.757,332.1841,182.1638,272.0987,326.1413,352.6148,311.0756,343.5204,319.4757,364.5907,340.4166,298.313,277.1843,371.2533,559.7935,544.741
691.9532,697.4955,704.4998,703.4587,699.9831,696.7051,700.3409,704.3816,697.3652,689.9398,689.3321,699.6603,698.9344,699.3068,697.1188,690.8506,678.2609,681.3641,682.8609,685.912,704.432,704.9109,696.8719,675.8419,681.8403,682.3984,680.5042,682.4225,684.7117,694.7577,695.2851,676.0026,684.0978,690.5093,692.1423,693.1616,693.4943,696.647,701.3388,700.3007,699.2552,693.576,691.455,694.0051,695.1374,697.2242,698.5329,694.5963,688.9215,695.8717,706.627,703.002,694.3608,683.4957,680.7946,681.569,679.3008,672.9662,694.9158,684.228,696.3705,696.4562,695.7518,683.0703,691.8909,706.3193,705.4661,690.1912,698.0886,701.9101,701.267,700.1266,697.7313,705.0193,715.0908,714.4463,707.5264,704.1483,697.2749,681.3071,675.7982,677.9695,602.1964,543.069,515.983,567.2854,615.1289,631.9549,659.2773,559.6578,386.7388,288.1351,364.2711,526.8141,645.609,671.5701,619.3324,591.5358,723.5735,695.9149,674.3417,678.1362,631.7039,627.1486,631.7877,637.0925,642.5301,667.1129,671.1054,694.4905,753.9407,700.3874,554.8666,353.3781,308.8996,429.314,434.1061,399.2093,217.604,246.1236,285.0074,371.3614,367.1106,217.2542,389.4734,574.618,576.5569,442.8145
701.6978,704.1536,700.7696,695.2467,695.6072,708.044,698.6591,685.4788,681.2851,687.2895,690.8394,695.8893,716.794,729.3138,724.4165,684.3652,680.2147,692.2768,698.8115,704.9189,705.6839,694.7152,687.9125,686.8635,689.4624,686.1472,694.1014,696.7075,698.7423,703.6671,696.0596,698.098,699.1251,703.1682,701.1568,696.6349,693.2911,695.2186,699.4891,703.2958,708.6074,699.106,695.8772,699.6114,696.1706,692.9689,692.9521,695.7535,689.923,686.7028,696.1797,694.0829,697.6024,691.4855,695.7968,695.9693,691.3021,676.1897,691.5809,675.4476,702.6927,700.6765,698.6454,695.9914,682.5745,685.7089,684.5724,664.7911,665.9771,678.1767,690.4723,702.6628,714.5122,719.6168,713.8926,715.0252,712.2812,705.7532,701.6013,699.0494,697.1221,695.4619,632.4607,552.8127,507.6383,567.0723,666.1644,723.4755,698.0263,561.6453,420.9198,333.2578,386.8998,534.758,635.8878,635.527,622.9003,640.7825,651.3398,672.8204,692.7268,696.96,658.505,658.5775,658.5912,651.8745,644.8762,597.2549,626.4703,668.2343,735.2806,805.7522,793.1534,659.2308,626.4309,656.2397,605.2949,529.9965,465.2188,293.1915,209.3361,240.6948,258.0411,296.7249,530.6533,623.1746,519.1678,371.4277
698.1011,701.2983,697.533,696.2441,699.2084,706.212,707.777,701.9967,695.394,699.839,702.7819,708.6799,716.4024,696.7639,716.6718,703.3416,689.2463,697.5217,689.9547,683.4102,688.5541,704.0726,687.255,667.2369,681.7034,696.7701,690.1089,690.3559,691.3829,700.8181,707.3318,697.8734,683.4011,679.4584,676.2476,672.1439,677.0853,688.9655,702.3027,697.5604,682.0644,667.9281,673.5694,674.674,669.6461,676.9365,686.3913,687.7086,670.3798,667.3041,682.1389,673.2373,675.0796,676.2821,679.1155,687.5684,692.1431,686.7438,696.2647,671.3878,700.0746,697.5156,694.0685,677.3824,690.959,680.6415,687.5795,685.7876,687.4726,702.7784,699.9616,694.6773,678.0212,682.3893,723.7702,721.5472,704.8563,697.8108,700.4849,706.1273,714.219,723.6044,658.8278,547.9706,498.8271,599.1959,676.4653,669.8281,669.4881,623.8736,570.2668,482.2719,434.0375,529.3029,554.8849,602.2047,629.9851,587.6603,532.7803,568.7104,613.1708,693.0846,693.7179,682.2789,671.6022,648.261,624.8766,595.2698,660.6839,673.3172,693.5558,772.4971,772.0992,721.9119,703.6724,585.0635,527.3584,492.9585,529.6537,591.4032,602.565,592.2316,564.6459,654.3212,794.8043,777.9232,655.8992,538.8873
707.8669,697.9922,694.687,695.4573,699.3032,717.1421,710.3998,695.9346,694.0594,696.3457,699.3645,696.225,677.1238,669.7982,680.6345,736.7898,697.4774,694.6246,699.3964,703.7192,702.3548,688.1516,694.1274,680.6585,694.3778,700.8279,697.2466,698.5893,700.4528,703.1727,705.8917,697.247,702.5319,697.5833,693.8156,691.9795,696.9138,698.3407,696.5684,691.9357,682.6385,675.7002,683.9232,688.0726,688.0499,696.5978,699.1207,695.1195,684.5569,679.1909,692.1163,692.3876,699.1138,703.7029,717.2355,717.408,712.6932,696.9777,711.0605,697.1885,716.2706,713.1741,709.6417,699.6104,704.1338,667.6405,696.072,696.7707,695.9771,705.1205,684.8448,660.7079,682.4875,641.7406,683.5405,703.4944,715.3276,693.1344,699.4134,702.9643,704.3736,710.6537,653.5215,571.4196,536.4939,649.2924,737.0411,713.6738,715.4478,693.7582,648.0331,574.1944,598.4496,718.1083,531.3865,563.6757,709.1129,582.4177,618.3024,610.9371,614.6193,674.6043,702.3906,717.8765,727.4982,691.6225,655.8861,640.2249,659.162,704.7349,635.8508,593.7283,638.8658,719.3267,675.5646,446.3041,402.8202,419.7832,506.9737,718.9489,828.2661,850.2778,800.7881,771.2885,765.5771,771.9033,792.5865,703.3115
708.9639,709.6708,708.6578,708.2559,703.278,701.1215,709.4924,717.0068,715.0679,711.7201,714.196,703.2792,647.2158,642.1238,626.5464,734.3747,708.2693,705.8335,705.066,704.5241,706.5944,711.4894,709.2044,698.2512,707.5269,710.4006,694.3189,692.699,692.5483,702.4012,724.6797,716.5829,707.0386,700.6992,697.1502,694.3908,699.6222,704.923,708.5231,701.2391,678.9868,680.8715,699.1251,704.2804,703.9396,705.6055,706.4539,701.0866,687.2542,689.0528,709.4151,709.4696,707.6168,707.9534,718.8179,722.2296,722.1336,712.9985,720.0059,707.4979,723.7132,719.8968,716.0233,712.3178,738.9985,706.8323,727.631,726.8691,715.4341,721.0666,702.6667,680.9946,707.2925,684.5726,699.8912,721.8105,723.9542,715.5289,708.3408,709.1148,709.5323,707.9123,646.6233,569.3038,532.2184,640.5027,738.8539,722.5555,727.1759,698.0037,615.2875,501.7314,470.3878,607.1182,541.5501,505.3314,677.1283,634.5778,592.3315,587.7268,598.4658,686.9601,725.2463,728.7791,767.4293,748.1884,729.0125,719.2101,696.5032,699.7191,544.8273,450.4648,575.407,733.1539,771.6556,481.3371,365.7379,316.7256,310.4628,563.5904,729.7947,756.7587,643.8536,457.2026,393.0797,461.9937,564.2331,605.9352
727.074,723.2294,721.2867,718.6695,716.4481,730.4715,734.8139,732.1383,728.2343,730.0392,729.0238,709.9376,667.8403,658.6715,697.1929,737.6756,720.9015,715.6137,721.7277,727.0911,723.6257,708.4962,711.3841,717.0449,718.2391,710.2877,710.707,707.431,703.7554,702.9689,708.9855,715.9661,712.124,711.5046,713.1322,714.9033,713.3654,705.8527,696.1127,692.0021,680.7067,689.3,709.493,710.3628,707.8673,713.1414,717.6348,715.958,710.1025,717.8042,737.4252,746.0714,742.4197,732.9592,726.847,726.4783,725.9379,725.1409,728.8137,745.5667,753.9476,751.0325,747.5168,735.241,748.9135,737.158,741.4702,751.1072,739.6234,731.7153,708.7239,683.7537,707.6056,670.3765,685.7574,713.6655,729.452,718.6121,728.9814,726.2673,723.3189,727.6199,680.5349,620.1873,598.8406,675.3217,744.952,734.7433,705.3087,612.3314,467.2593,332.181,310.2337,425.0223,442.1216,492.0151,649.0262,668.8637,573.6055,603.881,640.0264,696.1998,666.2489,620.0673,689.0213,718.2021,746.9772,717.238,723.0663,632.7092,443.5476,458.7363,488.2886,695.3055,738.3152,533.3981,440.8659,392.0258,361.461,566.7326,711.5436,685.2421,491.293,306.7426,254.0367,274.8657,306.8487,373.9086
740.1265,743.0532,740.1622,733.4385,734.1354,745.694,758.6416,759.2648,750.6416,749.3913,746.1802,738.1415,703.5014,624.7565,665.6279,759.4364,747.8176,722.9119,728.9408,733.9681,728.0557,718.7907,714.0464,719.2017,721.0515,723.1348,730.0175,721.9821,712.5198,712.1152,736.5405,733.519,722.265,720.3843,718.1648,714.8181,708.3358,709.218,714.4119,714.2979,702.2217,705.6549,719.6652,711.7473,703.9442,712.2368,719.1448,721.5713,718.334,726.1995,747.2649,746.2603,737.686,731.5201,728.8858,723.8991,721.1891,725.5621,723.4538,730.166,742.965,737.2871,731.7452,729.0463,744.7458,746.4333,726.8224,756.5917,740.7811,736.7145,728.3254,719.2023,692.882,660.2085,691.0328,699.6956,738.5717,754.6747,728.1051,711.2327,715.3448,724.9993,729.3271,690.2788,667.9306,732.7393,756.8657,727.884,718.632,621.5066,434.0188,270.3542,173.6486,165.7094,283.0905,505.5395,697.6951,766.2194,713.4784,729.2274,740.9042,707.9393,542.7755,531.5214,570.3541,650.7589,730.177,667.3169,659.1732,602.2219,489.7767,519.6864,532.1497,569.1804,517.4391,397.5147,431.0469,509.3024,489.0658,555.1898,630.7088,638.4355,426.7155,254.9622,214.2218,235.466,284.0744,365.507
738.3779,743.2404,747.623,749.6069,743.6852,743.2922,754.9733,762.2949,751.2379,747.0516,742.6805,748.163,731.6591,603.2534,581.4381,638.2884,765.9783,731.0726,724.2685,717.3449,710.6359,726.0814,720.6942,713.9408,699.5671,721.2478,733.8229,727.0325,718.4918,712.6948,729.1915,729.0418,726.6086,728.403,728.8383,728.4272,713.7596,707.3436,708.0912,720.8734,734.5847,733.8895,735.9253,731.5593,723.2722,724.6877,727.8105,738.0099,744.5755,740.998,742.7239,735.9509,729.137,732.0679,737.5611,743.4277,746.5143,741.3845,746.4611,747.8763,770.3284,761.8338,752.7279,734.938,750.0035,735.3698,726.5107,747.7238,733.901,724.9357,737.473,752.6526,749.6833,700.5831,703.7119,691.241,717.0958,750.5613,711.6734,700.5247,708.3008,710.4113,742.8698,737.454,709.3823,742.2965,729.3469,675.1495,694.9647,645.8098,463.5326,280.274,184.7821,198.6247,200.2391,450.755,660.883,729.2776,723.7513,708.1738,694.278,664.7225,486.1572,473.1454,494.6461,591.71,687.6834,626.4321,640.0892,626.884,637.3419,634.9274,674.5797,471.7243,414.1191,339.7012,353.6334,394.8667,500.2865,552.4991,578.1128,614.7828,413.0461,276.455,248.101,250.4584,285.7047,376.3988
730.3436,731.8414,738.3414,747.6348,744.8395,734.9852,732.342,744.0026,737.6592,735.21,729.7748,733.3516,737.2819,644.531,610.0591,599.9934,754.4142,725.3201,718.5175,712.6136,715.9193,713.4641,722.2075,719.3132,710.6206,735.8939,731.839,725.7345,719.6251,706.6085,709.024,714.4538,724.6391,721.3986,719.7419,720.1688,710.2997,714.246,727.2388,732.582,731.8368,722.5665,720.1905,719.1873,717.9078,724.6064,732.7475,738.5121,738.2443,738.3647,735.6408,729.1857,730.6033,727.6388,727.57,739.0102,741.5558,716.4641,721.7791,725.8251,738.5603,736.3643,733.5466,721.1151,719.8924,692.3018,699.2059,714.83,711.0433,699.6727,710.1365,723.4518,740.7059,696.4435,701.4598,691.8807,707.7233,709.4813,702.9977,662.9928,672.9781,720.3265,761.6816,759.7769,703.9965,708.1451,693.2736,620.7565,682.7674,718.3934,560.2955,340.1786,145.1647,180.3461,241.295,445.0644,659.0391,653.2371,673.9583,677.1028,678.7231,651.668,496.9856,430.5927,487.3946,567.9496,647.7823,623.4708,623.7418,676.0786,743.4775,761.2607,709.589,394.8571,326.4035,244.6918,275.4876,341.1716,525.5716,611.118,568.4874,542.4619,423.9222,267.5678,216.7583,228.5325,241.622,399.1469
713.1682,711.9461,717.6416,718.7903,719.9676,713.4711,701.5402,715.9373,719.2839,718.8703,718.8031,728.8171,685.0744,455.8907,376.6398,435.545,705.2919,710.7814,706.3277,703.8914,720.7214,703.0805,711.8055,707.5702,697.0345,714.004,719.345,704.41,687.6527,690.4727,713.827,721.7621,726.1499,719.7648,710.2994,700.9149,695.0316,702.0748,714.7306,720.5709,725.7347,722.428,719.0763,708.9936,698.2713,699.1841,710.2482,724.6028,722.3011,718.3007,717.6307,708.317,703.0511,704.429,700.1567,709.4937,713.8367,702.295,706.8632,716.5512,743.6137,755.2131,764.4249,735.257,709.0872,707.0519,713.863,733.8449,742.3632,749.1904,757.8257,766.7015,771.3654,752.561,723.2992,702.9338,725.2456,690.8314,684.8693,663.4786,685.0327,741.7195,732.0269,723.266,687.9352,681.0507,674.0609,611.1873,668.2867,727.5612,623.1802,425.8152,185.1485,186.13,297.7988,508.7021,658.4526,662.8872,684.9292,680.8144,673.5262,641.1981,551.5968,429.6406,553.832,617.4103,680.3798,655.5641,646.9259,688.9004,677.4139,696.713,625.8022,356.7733,288.2788,215.7931,279.7772,383.8528,624.0046,627.4539,525.9677,482.6304,497.3834,361.1108,284.4681,334.2578,393.5829,521.9533
725.6165,718.0057,719.727,719.6971,723.342,711.7933,701.356,719.5997,722.2549,721.4224,724.6511,733.3346,636.193,346.6505,334.5389,357.6563,629.7256,724.8996,714.8286,705.7493,707.4961,712.7954,721.155,700.6558,687.2648,701.0703,704.8018,702.1547,698.9778,697.8206,722.7842,733.2174,737.5595,723.1656,720.6062,724.05,718.48,714.0907,712.2406,721.8474,731.5341,724.9456,725.0832,722.3671,709.5712,700.9279,709.3704,730.8741,731.0078,715.6602,709.0022,714.0977,712.6581,710.6623,719.9094,737.757,746.5034,724.9895,729.0895,742.1565,713.0222,710.8261,709.3612,719.9217,737.3032,742.2242,741.3391,763.0802,761.4044,707.984,701.3057,701.1839,768.8505,765.2777,732.999,643.1369,681.9802,705.5352,724.1236,730.6396,715.9258,695.3958,636.2014,563.5157,541.0483,616.1531,674.4173,634.3145,675.2563,724.4294,607.1937,457.5686,330.9887,326.5293,365.7582,575.2524,671.1451,707.3705,688.3703,684.1346,681.0016,682.4564,667.8777,612.0796,669.2384,675.671,681.9321,663.4559,671.423,652.1682,611.3665,534.5621,595.7188,443.7885,321.3474,271.7493,361.144,484.4419,653.2455,596.3779,519.4979,469.5545,520.5568,493.3927,435.3593,465.4203,533.8719,516.4205
728.4239,717.4028,715.2896,718.372,724.1728,710.0653,700.3289,717.5702,726.207,726.3324,732.678,738.5417,642.6276,433.9228,447.5526,419.9413,576.6441,735.2468,720.9013,708.3718,715.5153,725.9161,719.5508,714.3137,708.2339,727.1435,725.5167,718.29,710.67,717.9097,732.9626,731.9724,731.7878,720.0765,718.7606,722.371,715.5712,715.2341,720.3434,716.5555,714.9213,715.9355,727.0051,737.073,729.3416,713.6582,715.4353,732.8718,732.5327,723.1331,728.2218,739.4822,742.0543,735.3911,731.1555,733.2358,725.9812,693.4959,708.066,706.6757,693.447,706.719,716.9732,681.2408,720.34,723.4605,731.2902,751.0736,708.9388,692.2884,679.1888,666.1744,719.0772,727.1757,713.1915,646.9812,645.0792,685.4058,709.0458,751.2418,708.8214,611.4474,574.1373,411.5654,362.3766,535.2432,662.7856,684.7173,716.0327,723.1188,607.9282,461.0868,328.4552,345.7682,482.1653,714.4261,749.1904,709.7225,750.5546,742.6049,731.6835,710.4919,728.2526,726.7584,719.6505,715.4144,710.9808,678.0708,669.95,627.9837,637.0609,557.71,628.6045,593.8627,423.335,448.586,553.678,666.6337,613.6999,557.1691,545.5034,518.4486,530.331,562.3463,600.0248,636.1812,665.1973,556.7087
727.1799,716.0522,719.5208,725.1707,725.8348,724.278,730.9966,738.0741,738.6676,738.1339,740.0316,739.7424,662.0982,473.9025,472.0148,482.0106,569.4041,757.0964,742.2502,730.8685,753.7281,734.1363,733.6901,738.514,735.5388,749.0648,745.2016,742.0175,739.007,738.742,743.8427,748.1224,743.5078,729.0637,722.8977,720.3878,725.6832,731.7645,736.5385,738.5578,729.8824,731.7051,735.0994,733.9371,731.1035,722.5468,720.5549,730.015,732.595,723.448,726.902,735.6783,736.7211,729.8508,730.5892,721.6404,709.6525,694.075,710.5104,699.771,693.4805,704.5912,712.3766,669.8622,720.642,741.2676,730.3407,742.3346,670.4406,691.3677,690.9189,686.5399,685.1384,670.1497,664.5471,648.9133,666.2348,728.0143,767.2131,815.4083,737.5911,582.889,481.7992,375.7039,372.1949,515.5605,677.4921,746.462,747.0294,717.8475,613.6321,537.5443,506.2103,511.1128,618.9147,721.7701,703.6695,702.6862,717.424,727.8247,717.9586,616.7339,655.0745,710.6143,703.7387,682.2941,661.0625,670.5396,702.2432,645.07,628.4268,607.7734,645.6444,656.8968,540.4142,589.1452,651.1494,704.8203,541.0856,572.3702,673.2952,694.1776,565.8017,485.9058,556.1352,614.2351,621.5743,505.4237
721.9792,717.936,724.1197,731.2629,720.6477,718.3344,743.4861,750.7634,727.5983,721.9746,722.4235,731.1483,681.9237,520.4064,436.7265,486.6921,628.4952,737.9001,730.2654,724.9189,741.2468,715.7545,721.5363,720.9976,716.624,733.343,745.4229,735.3981,723.3356,716.6306,726.8321,741.0532,733.0555,716.7165,711.5853,710.584,718.201,721.4618,720.7036,726.1418,724.953,722.6714,725.8381,717.0472,708.716,712.5647,717.9265,717.5816,712.3165,719.5242,727.3671,725.2762,724.4732,718.1733,721.6003,717.2643,709.3612,692.6806,700.4539,709.0129,670.4841,667.385,664.5298,666.7556,701.4466,716.7933,718.7798,742.6927,680.3209,656.052,611.9365,564.7567,503.2634,510.3041,577.555,609.5514,646.6578,739.6766,779.9817,693.5143,550.3698,401.952,284.954,314.9832,351.8105,457.0448,665.5202,759.1967,758.6347,731.8814,664.3812,616.4736,626.1865,667.5743,688.9108,717.2694,718.7473,742.0532,685.8437,681.5511,672.6436,647.4305,677.5842,660.1465,696.2572,689.7997,683.4235,688.7535,698.2816,709.6449,674.9888,668.0973,669.2518,624.1713,622.1359,664.1856,611.0314,529.9277,468.2017,456.4415,464.9193,495.5363,526.506,502.915,492.2456,531.7734,586.7202,488.1504
713.8564,712.4373,720.8488,732.5104,728.2393,720.8232,731.4862,748.3436,733.4489,724.7717,719.4769,717.7263,706.623,675.7333,591.8401,614.0833,689.9036,720.8931,722.6479,725.2141,734.4074,712.481,700.98,695.5822,688.8218,720.3246,729.2591,715.7963,700.3817,695.692,706.0634,715.0182,713.526,711.0634,708.249,705.1519,709.1008,710.1923,708.3452,713.0579,713.067,713.0374,718.9355,714.5588,707.6227,708.7061,711.1135,715.2099,712.0085,709.6631,718.0905,717.8726,725.1412,714.6819,712.6815,719.0092,718.5982,692.8118,681.4683,724.441,728.2349,720.6417,712.7145,699.8906,700.9229,710.7549,721.1603,737.6928,765.2643,635.1049,551.7437,476.2801,483.8864,514.1304,531.165,611.7867,637.6975,683.2232,663.0248,499.9366,354.886,249.1073,198.5619,268.9208,288.9468,423.9791,663.7781,731.4374,726.4468,729.826,711.4133,687.3881,685.8086,710.4659,701.9509,753.988,755.5385,772.7537,751.684,714.5402,677.9025,649.6783,656.2123,641.6213,691.7429,696.1321,700.4539,695.048,693.9957,715.0425,720.3131,708.0324,700.6501,595.8772,569.7685,612.031,532.8049,417.5208,358.1465,319.5867,333.4373,333.1271,441.2074,571.7585,555.7504,529.1816,555.8014,496.9091
729.5809,726.7122,731.2855,740.3852,736.1746,720.4747,718.9954,737.2254,729.4865,722.2464,718.242,715.5641,706.5521,735.7654,775.8129,717.3315,712.0887,730.8125,735.2498,739.3657,738.9074,721.2754,712.326,712.4617,703.117,740.3385,743.8222,731.1307,717.1407,716.8491,724.0463,733.3689,728.6041,729.4621,728.173,725.1597,725.293,722.8179,718.3735,726.9921,738.0781,739.9777,737.2301,730.0904,725.0886,725.8375,726.1761,732.7811,733.6208,721.2844,723.4907,728.0954,734.0884,733.6135,747.0291,750.719,757.3324,767.3012,742.3985,731.1403,761.2558,763.6715,764.0901,734.0635,753.2387,748.5643,737.972,768.8687,818.8766,653.3846,530.8536,416.4492,451.8186,455.0823,445.2948,605.1766,701.5356,653.3561,624.4496,502.6714,370.145,264.887,169.1616,133.6438,249.6279,528.5941,712.6159,724.1464,728.3116,731.4291,726.3959,711.7589,710.9664,738.8555,730.1221,734.0151,652.2673,625.6977,744.3624,767.4068,766.9244,648.4806,620.7175,687.7454,663.632,647.581,631.9189,672.3345,701.4205,640.2818,690.6406,725.6378,630.9263,569.9772,592.5901,593.0215,519.1116,427.3897,235.5573,260.7822,292.9915,331.765,369.4726,511.4179,613.1708,598.7142,555.8846,551.1642
728.8726,728.4572,722.8954,728.2892,729.0833,714.2352,711.1203,719.8513,709.345,705.6369,706.6462,713.7967,704.0229,693.9525,728.8382,737.4036,705.4453,716.1864,719.5344,722.7832,723.7301,706.1119,701.8077,702.6166,698.9026,713.2635,721.7324,720.6617,718.7375,713.6887,712.3845,727.3571,718.596,718.2526,717.1347,714.1209,712.1587,706.218,698.0875,707.4928,720.6991,725.6902,731.8744,732.7473,732.6863,739.4689,737.0231,736.6806,744.0509,737.6584,736.8759,744.4997,753.0941,752.6218,761.6057,758.7647,757.0394,758.4001,750.856,731.4516,749.5348,753.5069,756.3854,742.5367,753.7224,720.5268,716.7114,739.7205,751.817,529.6145,424.178,336.454,340.8638,309.4852,346.6728,484.2022,620.7437,585.3751,594.9802,422.9223,288.7936,239.6945,197.1771,239.2699,393.4965,628.5888,735.1448,706.5605,721.0076,735.9739,737.4496,727.236,718.1094,735.9278,728.058,678.6708,553.5948,512.9601,543.6777,658.5928,749.2018,708.4484,691.1522,719.1778,663.7731,689.0688,713.7849,654.9265,594.0598,650.8427,659.4127,682.7976,669.5115,612.4634,659.0478,589.9554,522.6821,464.5573,241.9596,114.2746,135.0932,232.7824,290.2,299.9637,375.72,441.6342,460.3994,546.5619
728.1229,726.6065,725.959,730.0208,728.36,718.6475,715.0785,718.6407,704.5886,701.7781,704.9839,719.3688,717.4023,701.0957,726.4022,723.7171,712.1072,722.8389,718.5608,714.8928,716.6625,702.4651,707.5458,703.9999,679.2001,692.1535,710.022,718.852,726.8139,738.9034,731.485,727.5202,729.9658,722.7281,721.079,722.5059,714.6871,705.3718,697.326,703.8494,716.2619,715.1417,719.722,720.4471,718.0698,726.9474,731.4572,732.8297,736.5132,736.7933,729.9305,730.3578,748.6057,742.4382,730.3564,726.554,724.5543,727.8484,723.5119,721.0192,728.4688,728.0653,727.1111,717.7899,722.7049,704.1315,713.5185,725.187,722.1363,501.6672,380.3039,274.1987,196.978,199.5505,290.2203,337.867,481.096,556.4539,564.8195,493.3325,455.8079,456.3241,391.3603,338.0042,475.5949,694.428,737.249,688.5015,702.9179,721.4473,728.6276,719.0704,701.7589,712.3481,711.3734,646.1539,414.745,368.8745,384.9129,463.131,554.2216,695.3732,694.6768,682.0126,651.6564,687.7305,722.9475,634.5826,576.9818,621.8648,596.6243,630.9308,671.2078,623.3841,672.0551,508.1027,436.2422,404.1148,184.5272,80.0201,84.3164,135.631,161.1692,166.76,192.2395,254.8356,336.3842,461.1683
729.2195,714.6335,721.7443,732.3207,728.713,725.9477,719.2983,717.7949,709.8016,705.5546,705.2014,712.619,710.4349,700.7904,724.0536,717.9216,715.4559,708.1536,703.5411,700.8858,717.0709,702.1099,712.5726,702.3257,661.0494,678.2559,691.2424,694.4652,696.8127,714.3825,719.243,705.5276,703.6744,688.3666,686.5002,691.1102,689.4991,687.837,687.5005,697.2581,709.7741,708.6794,704.8974,698.9725,697.3928,706.5223,709.2111,706.4402,705.5504,706.7205,712.326,715.4304,715.2168,702.558,703.9225,712.2742,719.3687,716.7853,698.111,709.3033,713.4053,710.7243,707.4927,696.6776,722.0724,698.3494,698.0995,693.0422,715.5977,538.8526,401.8714,272.4198,225.2779,218.4951,251.5368,298.2262,422.9246,603.3147,529.3739,524.2642,518.5266,460.4818,381.5867,343.6899,504.7656,714.22,742.5186,700.6296,705.4938,713.3377,714.9584,709.7764,705.8521,716.4714,721.6169,665.071,394.047,260.5271,306.732,370.7358,461.8153,670.1658,666.3754,687.1581,695.1185,717.4114,739.5364,737.4609,638.3881,557.0372,557.376,649.5631,665.8224,688.5305,717.4238,487.2563,396.7789,360.5283,154.289,78.5737,72.2908,92.934,107.156,120.3209,143.8198,205.7043,295.147,430.4038
716.0629,704.6132,715.0101,731.5622,728.4671,721.4304,718.5589,720.7906,720.3387,715.1339,718.6517,732.2294,717.2312,700.5561,712.2372,719.9936,721.6218,713.7673,703.9603,696.2679,710.2148,709.5523,717.7838,687.4304,680.0004,685.4167,694.7423,698.9318,702.6192,709.2036,697.4984,705.2414,715.3643,705.4597,692.2013,679.8028,682.8786,689.2305,693.8375,701.8274,711.4774,710.6964,696.9891,689.9312,697.3334,709.1445,708.3354,696.5717,693.8669,695.0191,700.2023,705.6235,693.399,686.8325,690.3607,697.7507,701.8437,694.5023,693.8707,696.9002,700.6995,698.1973,695.729,694.3323,707.7165,706.3969,690.3158,712.46,729.237,621.2554,471.7303,318.4556,274.1642,197.4297,240.83,318.8119,413.6888,674.2122,625.2173,574.4253,536.586,460.3389,370.6812,257.4136,398.344,697.1658,773.913,716.9397,711.6099,718.5817,716.5487,709.0539,702.508,708.1962,705.6411,683.5059,529.3871,295.8441,277.7302,287.2052,332.9052,563.5882,685.3937,716.7974,727.541,729.645,731.5515,705.0026,596.1003,570.5992,587.6016,675.7735,769.5836,842.9289,763.5682,451.7745,347.559,312.3941,327.9894,339.8136,330.4626,165.3525,73.2251,87.5645,119.8971,183.4742,268.9537,404.8181
